19
18
32
20
28
27
11
6
35
19
19
13
16
23
22
36
34
35
0
23
4
18
13
9
11
26
32
0
35
23
13
21
4
30
17
9
32
4
33
19
5
22
36
22
3
25
11
8
21
19
9
23
6
3
24
27
14
17
12
15
26
22
18
15
21
17
12
20
31
23
28
11
21
4
17
13
30
20
36
31
30
30
14
32
0
31
12
27
23
8
5
24
4
15
11
33
14
35
2
22
20
20
16
7
1
2
8
0
24
11
32
5
9
33
16
14
22
14
6
27
2
20
0
14
0
11
0
19
4
0
0
0
15
14
28
31
14
9
1
12
12
25
13
3
26
30
14
18
30
36
22
25
32
6
3
28
18
34
15
2
26
13
18
33
1
15
18
6
30
22
18
36
9
23
1
19
36
16
25
17
1
16
4
9
12
11
32
5
22
3
21
11
8
5
23
31
5
12
