28
11
17
21
22
29
1
21
26
12
29
31
8
19
36
21
11
30
2
0
31
34
24
22
0
8
9
12
29
24
11
6
35
30
30
27
9
6
12
10
16
24
12
0
9
18
2
8
25
3
25
33
28
33
24
22
16
28
16
29
30
14
1
26
6
30
3
16
3
15
8
9
26
17
0
8
29
23
3
0
20
0
12
11
26
20
9
11
21
22
23
22
26
23
22
4
23
6
8
10
20
15
30
26
27
1
16
8
35
35
4
3
16
5
20
17
17
25
18
34
2
27
0
7
16
30
22
27
22
3
24
10
19
19
14
7
4
19
21
2
16
30
23
3
28
5
5
22
17
0
7
32
12
26
6
35
15
32
36
36
1
1
34
2
35
18
34
14
21
20
34
16
11
21
2
13
20
24
25
3
3
10
12
17
36
17
36
6
7
11
36
25
10
8
20
36
