22
13
0
0
29
33
6
17
18
18
15
7
24
24
23
4
28
3
34
33
32
0
34
2
14
35
14
26
5
14
33
1
32
16
35
4
13
16
33
20
22
28
18
11
34
36
6
29
23
4
7
31
8
26
26
18
13
10
36
31
2
20
22
16
34
24
2
25
22
25
27
14
13
36
1
2
23
1
5
33
12
30
11
3
9
18
25
31
6
20
10
14
12
19
33
32
12
17
0
31
27
2
1
35
29
10
6
5
7
21
4
2
11
9
1
5
13
26
15
30
6
35
22
17
23
8
19
6
22
16
2
20
31
26
14
22
12
8
4
29
15
3
35
25
31
3
6
19
21
28
9
0
17
11
9
14
33
1
11
17
34
5
0
0
9
12
0
19
21
27
28
2
17
17
23
33
14
29
23
7
24
19
9
31
35
20
24
18
9
28
23
26
20
34
19
19
24
31
31
