35
4
1
13
2
27
1
13
11
4
1
8
2
32
25
35
1
26
27
13
33
18
26
19
13
25
13
5
5
18
32
4
29
21
6
21
7
22
32
3
31
8
11
23
4
4
31
36
4
1
2
1
19
31
2
26
19
8
35
36
35
18
0
10
36
12
3
8
5
19
3
11
18
35
32
25
9
31
27
16
13
6
35
21
10
12
15
15
18
30
19
0
19
0
18
29
29
14
12
15
10
23
20
18
28
3
35
11
13
10
17
4
4
33
4
8
6
16
14
32
11
34
17
31
5
22
14
23
29
24
21
5
15
8
10
11
24
13
25
4
23
30
36
17
9
31
20
25
7
5
25
31
23
36
15
20
4
29
36
27
30
12
9
3
11
18
27
34
4
35
15
35
10
23
34
23
21
24
13
36
25
19
0
13
21
32
17
12
27
6
27
24
26
34
26
16
8
32
28
6
