21
11
2
14
9
25
26
27
8
29
16
27
8
19
23
0
2
3
31
17
36
32
7
30
2
22
23
33
6
13
6
19
1
21
33
33
17
18
27
9
17
14
36
13
18
15
19
16
36
28
12
2
16
15
28
28
7
29
18
20
6
19
21
24
9
35
27
3
28
12
27
30
16
10
13
2
28
19
5
34
17
17
28
26
35
27
29
24
10
1
15
35
24
22
25
34
9
20
2
10
5
4
36
9
8
20
8
35
25
4
27
24
34
34
22
14
26
26
22
1
13
28
30
8
6
35
27
8
14
7
33
31
27
17
3
9
16
22
12
28
25
18
34
33
17
27
21
24
15
31
13
2
5
21
28
9
35
31
21
24
1
16
5
33
10
9
24
8
15
4
14
8
13
15
30
35
13
7
15
20
4
12
6
23
5
4
23
17
36
25
21
3
20
4
4
14
24
6
