33
12
9
29
36
36
18
17
32
25
19
8
16
32
4
27
3
27
17
10
31
35
19
11
27
6
2
16
12
29
31
18
15
2
0
27
2
13
12
8
3
24
11
34
28
6
18
0
21
15
26
28
11
28
30
10
16
21
5
8
15
34
10
23
32
21
31
35
6
12
7
26
22
6
4
0
32
17
13
24
5
16
24
34
19
36
34
19
7
0
17
14
31
1
34
6
34
28
28
2
21
29
14
2
9
13
34
15
31
24
0
25
2
22
14
7
10
9
6
15
34
36
1
23
24
0
12
15
27
19
23
19
15
19
33
22
8
35
6
8
30
2
16
22
18
34
9
28
5
6
36
22
24
31
0
31
13
22
6
17
14
19
9
35
18
23
24
4
5
24
30
4
17
26
8
30
23
1
10
31
23
34
26
22
8
36
0
17
34
9
13
3
9
24
6
15
22
4
27
31
