15
5
23
34
13
21
5
12
11
21
17
31
4
34
4
36
10
36
29
23
31
21
36
5
3
9
9
17
31
6
4
2
12
34
35
0
24
29
23
20
18
0
20
32
30
7
26
32
0
5
20
36
32
15
6
18
26
22
11
9
2
33
5
30
28
30
29
7
19
5
23
35
31
16
5
14
3
15
3
35
16
29
3
1
27
23
31
23
10
31
18
19
22
21
34
22
14
25
11
30
0
9
5
12
30
7
6
15
22
3
7
20
24
13
20
6
2
22
18
31
2
19
19
6
34
16
22
10
13
17
32
25
29
7
16
12
0
21
33
3
33
34
32
20
26
29
12
10
10
30
14
16
9
0
30
9
6
4
1
23
10
14
3
9
5
20
6
18
31
8
1
32
3
5
16
26
21
5
11
28
21
26
20
17
8
32
3
12
15
21
17
22
8
7
14
36
18
5
34
