5
2
11
1
29
12
6
32
34
18
30
10
5
5
11
7
17
2
28
30
34
1
1
27
21
7
10
5
24
7
7
11
6
22
14
13
13
25
29
23
0
4
4
18
8
34
29
16
4
14
2
20
11
34
30
11
8
6
27
20
19
1
15
16
31
4
10
4
17
16
17
21
5
16
25
20
0
9
30
0
0
29
24
15
26
14
22
24
30
24
25
17
0
13
35
18
1
7
25
0
10
8
2
29
22
34
35
12
6
5
1
23
26
1
28
21
35
25
1
11
9
16
24
35
1
4
22
34
0
14
32
29
15
4
15
7
36
0
5
21
9
6
21
7
33
25
24
24
20
9
31
34
10
22
4
26
35
26
19
22
6
29
14
25
12
18
20
25
24
36
2
19
9
3
17
28
5
20
2
30
7
15
17
20
35
11
12
33
7
33
4
3
25
4
13
17
0
7
18
1
