7
35
3
14
13
10
4
9
3
36
33
1
23
27
36
2
18
21
25
1
10
3
11
20
13
17
1
36
17
24
30
7
28
25
7
25
30
15
5
10
3
22
16
6
27
19
27
36
7
16
29
21
36
31
14
17
7
35
2
15
11
25
2
13
13
12
14
29
18
3
22
36
20
6
18
9
28
21
28
11
20
0
36
1
13
30
15
15
28
20
6
5
1
32
17
27
19
13
17
25
10
21
22
2
11
28
22
17
5
33
13
26
24
36
6
16
15
5
18
34
34
1
32
14
8
26
36
29
35
11
18
28
4
18
23
36
8
33
23
14
5
21
1
12
3
23
34
16
31
33
11
2
11
19
2
17
24
23
22
29
31
0
33
0
23
1
33
7
35
5
14
18
10
13
16
30
17
7
2
22
9
27
6
21
15
11
9
21
23
4
21
30
19
26
19
4
