1
18
30
0
0
8
28
29
29
36
34
20
0
14
34
9
11
13
13
21
27
13
28
11
27
22
25
21
22
24
30
25
7
28
29
0
29
34
4
5
26
11
24
34
34
24
21
21
20
15
34
14
20
0
23
36
17
34
1
19
20
6
35
21
23
21
5
9
8
16
28
11
29
30
3
9
3
6
35
33
8
23
30
25
23
13
12
35
31
11
26
12
17
36
35
14
18
34
35
14
19
22
28
16
14
4
28
11
9
0
11
5
8
32
14
18
16
14
29
15
30
6
22
23
12
22
9
8
17
18
35
4
0
0
19
27
25
16
30
31
12
16
28
29
34
6
26
21
32
32
32
5
20
6
21
8
17
10
7
30
1
4
3
27
2
15
27
12
32
1
0
26
23
5
32
25
15
12
33
15
23
3
15
3
14
21
17
33
16
14
30
35
27
29
9
16
35
33
31
