11
22
32
10
18
24
17
17
33
10
6
1
26
20
16
2
34
3
0
5
17
0
3
23
34
34
22
29
33
16
15
23
18
2
0
36
34
10
19
0
34
3
20
6
20
9
19
28
28
8
9
18
2
9
4
12
29
14
36
16
31
4
10
7
9
14
20
23
16
30
0
17
15
36
11
17
8
11
12
27
35
30
6
34
15
13
16
24
17
27
4
6
9
1
35
0
14
34
5
17
21
4
31
11
11
31
18
31
24
16
31
9
15
2
0
30
11
12
35
3
11
20
10
31
26
0
6
7
23
1
34
9
15
0
0
17
36
31
34
2
27
13
14
18
26
21
19
4
29
3
5
32
8
2
11
29
2
2
2
17
23
29
35
26
9
10
12
22
34
3
12
13
4
19
15
22
19
24
22
32
26
7
2
31
17
15
22
16
13
19
36
27
33
16
25
32
31
25
