22
9
1
19
0
31
34
25
24
24
34
16
33
1
36
18
29
9
9
5
12
16
17
20
17
12
32
36
0
9
0
0
21
29
12
23
26
11
17
32
12
28
29
13
28
28
20
21
27
12
24
27
30
7
12
27
25
18
10
24
26
12
8
20
22
7
34
24
34
7
12
34
5
0
0
2
28
28
9
35
18
10
6
30
0
29
29
4
19
29
8
21
14
29
6
25
0
12
35
28
12
22
17
9
15
33
25
12
29
26
29
4
1
35
3
32
31
22
26
24
17
15
9
25
4
7
9
23
21
8
4
9
28
21
0
10
27
9
20
35
14
25
24
31
25
10
28
5
26
16
24
36
6
36
8
2
18
34
1
26
19
1
20
24
27
35
30
31
35
9
6
30
20
25
32
31
12
19
3
7
11
33
19
34
17
25
35
4
23
2
9
17
5
8
33
0
