5
11
32
4
14
36
0
5
5
5
10
4
17
19
17
3
0
2
2
15
31
15
3
1
28
12
34
21
16
7
0
35
21
34
26
23
14
14
20
18
36
3
6
15
29
13
25
12
21
19
21
20
21
0
18
15
26
35
6
4
25
20
25
26
7
4
34
35
22
6
10
4
15
16
1
21
35
8
20
4
12
18
10
23
8
10
19
29
13
28
16
15
3
34
23
27
16
29
19
36
20
23
10
22
3
17
36
27
24
31
23
21
34
17
4
12
36
35
20
36
13
35
22
34
33
21
35
36
14
22
26
32
28
20
35
0
9
1
16
28
18
2
6
22
35
2
17
33
9
33
8
27
3
7
16
11
0
4
0
2
21
31
1
22
13
0
9
5
4
34
26
15
14
35
7
12
27
6
27
5
28
32
29
32
15
31
7
9
29
21
20
18
14
10
20
4
18
14
20
