18
14
19
21
22
23
36
18
0
28
26
13
28
9
15
33
18
14
10
21
20
1
14
33
4
19
28
6
17
2
29
28
31
23
18
12
19
1
19
8
28
8
25
5
5
11
19
12
25
23
1
15
1
21
8
17
3
4
36
4
21
13
18
28
11
26
5
13
12
35
19
24
13
36
35
31
20
6
17
11
30
21
14
5
1
26
33
28
3
0
26
13
19
12
22
18
19
11
34
15
6
7
19
29
17
7
17
2
3
28
27
1
2
0
19
10
22
31
24
12
19
29
4
13
15
7
34
16
25
32
30
34
16
0
4
11
14
13
32
19
10
17
23
18
0
6
10
10
5
2
16
11
31
12
33
18
27
29
3
30
12
29
28
12
24
2
1
2
10
34
7
32
14
28
8
24
12
14
1
33
27
15
25
16
17
5
30
6
8
30
28
2
4
9
36
8
7
29
15
11
