6
16
21
30
32
10
16
30
22
33
31
34
29
25
27
3
23
3
36
5
6
28
26
24
12
29
3
31
7
0
26
14
22
18
22
17
0
35
25
26
34
6
16
11
8
19
16
20
30
17
28
31
24
16
18
9
1
28
8
12
23
26
16
17
1
27
23
29
1
19
7
10
26
14
18
27
27
24
19
11
32
34
34
18
28
9
34
30
11
15
10
29
17
31
28
12
6
20
11
9
11
35
16
10
9
2
26
3
1
20
20
22
12
3
35
7
7
6
1
22
17
8
36
12
1
14
17
9
32
5
24
14
24
29
20
3
27
24
10
5
15
13
25
16
26
21
29
23
24
10
23
28
22
32
10
23
32
1
10
1
36
17
3
27
6
21
13
22
34
21
11
19
16
29
24
14
21
22
23
9
4
7
23
3
18
33
23
22
15
16
16
19
20
5
5
1
25
17
