6
12
0
30
15
18
7
12
18
23
26
0
30
28
7
34
35
16
10
5
19
23
36
19
25
8
2
31
15
24
21
30
1
3
0
7
0
23
9
26
14
8
3
26
31
20
12
7
1
19
4
24
26
3
14
26
5
34
11
32
26
34
31
36
23
8
26
11
4
28
33
4
23
6
9
29
19
33
31
16
19
25
31
33
34
33
10
20
13
24
23
36
14
19
26
20
2
27
18
7
16
8
27
2
14
11
35
5
35
8
11
13
31
35
31
22
14
0
26
29
24
33
29
34
9
22
7
1
7
35
7
2
8
6
4
7
9
8
36
33
22
29
6
9
8
0
23
16
17
17
7
7
11
20
10
8
13
18
12
4
36
27
27
14
15
2
21
32
1
20
24
12
0
3
18
6
3
4
9
33
10
0
1
30
3
24
9
13
35
18
17
11
14
33
0
19
30
