25
33
34
18
10
14
18
14
16
1
4
32
1
20
5
9
16
5
14
31
23
10
28
27
12
29
28
14
18
18
27
7
0
18
18
22
11
30
4
30
9
34
17
28
24
8
5
14
1
2
5
25
15
23
31
12
22
5
12
19
27
2
3
36
23
9
30
2
29
30
10
22
18
22
10
28
25
11
3
27
4
8
18
31
20
32
12
23
30
2
13
16
15
7
27
6
21
24
8
31
14
7
32
1
13
33
6
23
28
16
8
15
16
23
31
22
30
26
10
6
21
14
1
4
31
16
17
17
13
12
19
0
33
3
20
12
26
2
23
32
26
13
7
23
22
30
1
18
5
2
19
28
31
14
12
18
15
31
13
9
26
27
33
4
32
18
23
10
32
7
10
22
25
31
7
12
27
28
14
4
15
30
15
14
8
21
8
14
10
23
28
29
8
6
27
34
24
5
