6
5
28
33
28
8
29
13
21
19
6
5
33
28
9
14
3
9
19
27
13
1
1
24
10
4
17
11
5
26
8
20
4
13
19
27
13
22
30
21
29
11
9
33
6
2
7
6
29
16
7
35
25
1
8
31
34
21
30
22
11
19
6
0
14
34
13
2
12
27
2
23
19
2
19
7
25
27
1
27
2
15
9
7
20
0
19
24
29
21
23
26
36
34
27
31
33
20
32
15
7
3
7
0
32
29
23
24
5
5
19
29
0
4
22
17
2
10
0
19
22
11
26
10
4
25
13
31
35
5
18
29
11
8
28
17
20
0
7
10
24
2
19
10
22
24
16
34
23
2
11
4
6
6
13
21
34
1
31
24
35
27
22
4
15
30
6
9
17
11
26
31
17
35
7
21
20
20
27
13
29
28
7
21
31
21
7
29
26
35
35
0
19
24
14
6
28
9
18
