0
22
3
19
4
3
30
35
3
23
1
8
14
24
17
31
29
32
6
9
36
4
2
26
28
26
35
22
21
35
2
24
36
26
31
4
13
32
33
29
25
8
36
35
8
9
20
7
25
12
5
18
19
7
13
24
35
35
31
4
21
13
7
36
1
14
33
14
34
28
9
1
27
29
7
14
3
5
6
10
16
18
36
20
3
17
23
4
32
24
14
0
20
30
18
9
3
26
0
23
9
27
14
17
31
17
4
28
0
16
32
17
16
6
1
33
16
1
22
22
3
8
33
19
15
0
35
9
34
19
15
22
15
35
33
32
24
23
33
11
3
24
13
31
8
20
15
36
14
10
10
9
14
13
11
10
32
12
4
21
35
19
36
5
34
4
19
8
27
27
16
18
10
17
7
36
35
16
28
7
30
11
29
32
22
34
9
34
34
11
13
9
4
36
10
13
12
9
18
5
