17
8
8
24
23
26
17
29
13
16
7
27
9
0
30
9
2
14
14
28
30
22
19
21
13
29
12
28
9
15
12
21
6
30
30
26
13
14
11
18
11
28
35
16
8
20
27
28
29
16
33
5
28
26
11
27
27
25
12
9
9
0
32
33
4
33
25
8
34
16
0
16
16
9
11
21
15
34
17
22
4
3
18
27
31
7
17
32
9
24
25
23
8
8
16
22
13
17
15
32
25
18
19
2
18
15
22
34
33
3
31
27
35
24
23
14
5
24
23
4
28
32
17
27
8
35
35
34
36
34
16
34
32
8
11
31
32
36
31
12
6
9
23
24
5
20
7
5
19
8
19
36
21
29
24
6
28
30
31
12
28
17
10
6
6
8
19
12
9
2
10
31
1
11
12
14
3
13
11
17
17
33
15
13
26
10
25
24
0
29
2
0
29
20
26
23
27
3
