19
6
26
15
1
36
1
31
18
23
9
35
27
30
32
34
31
17
27
24
35
30
21
31
16
31
3
15
31
0
27
20
15
7
5
15
16
33
7
12
17
3
26
14
6
6
13
10
33
13
28
24
3
1
30
23
15
28
17
0
35
11
2
30
6
26
2
14
26
35
17
24
32
6
36
7
35
10
27
26
3
0
10
5
4
4
18
25
30
3
1
22
34
3
19
30
18
28
1
14
6
28
13
3
24
33
20
17
3
19
23
14
0
14
6
34
15
35
7
19
15
20
2
27
25
24
31
19
13
24
2
4
13
2
23
13
31
18
35
34
28
8
26
16
14
13
26
35
6
23
23
21
8
9
24
15
25
4
36
16
17
33
36
19
7
22
13
25
32
28
2
13
32
12
26
9
10
22
0
27
22
26
24
7
5
35
21
31
12
5
36
0
4
10
5
5
36
8
