20
33
27
21
14
36
15
31
16
32
29
31
34
19
29
10
24
9
34
14
29
3
20
27
4
22
3
21
3
1
15
32
13
16
6
28
10
21
24
34
2
23
17
22
16
1
8
1
22
27
18
2
6
24
28
23
8
18
27
32
20
32
16
10
10
17
6
21
2
25
14
7
12
22
8
20
26
29
14
29
36
6
28
7
14
31
17
27
15
25
9
27
18
16
27
7
30
4
20
29
15
10
9
35
33
20
7
22
13
9
0
3
6
32
16
22
26
14
1
4
17
35
28
14
10
28
35
26
17
13
1
12
13
4
32
34
8
1
7
24
18
16
28
30
26
6
28
2
2
17
35
11
24
14
19
4
15
22
25
31
5
13
33
30
17
18
31
8
0
16
24
35
34
22
35
10
1
29
20
23
24
27
8
22
0
16
13
2
23
18
9
19
4
10
22
8
31
13
32
29
