11
14
11
0
20
13
28
32
26
4
34
11
9
17
9
23
10
22
22
20
22
33
22
8
24
26
1
27
27
0
11
10
25
20
27
16
25
10
36
28
12
24
27
2
28
35
18
36
24
33
23
8
4
32
29
30
3
28
7
35
29
30
35
1
13
26
5
30
20
15
18
25
13
30
14
36
31
20
28
28
23
23
2
36
2
33
27
27
19
35
8
8
7
18
13
20
32
29
2
35
18
34
31
14
24
16
20
16
24
33
19
9
4
3
4
7
30
16
28
29
18
30
2
3
19
8
24
24
35
29
23
5
15
11
1
8
8
17
27
29
36
4
18
8
0
10
32
1
26
18
26
9
22
18
22
36
23
30
5
29
22
32
13
33
11
29
35
2
24
9
19
18
25
25
24
4
33
8
17
12
34
9
19
14
18
20
6
36
19
36
33
36
28
25
13
0
15
