30
5
25
17
22
0
5
25
4
4
18
13
36
6
16
29
11
16
11
9
11
16
6
25
18
5
13
0
15
13
21
9
14
27
34
32
32
13
18
8
15
31
12
34
9
11
4
2
20
7
6
32
18
3
21
31
7
2
7
34
2
3
9
36
8
21
36
30
19
14
13
14
32
14
33
32
10
0
30
13
1
34
1
31
26
30
14
12
22
2
4
31
12
15
10
3
24
26
19
4
5
25
5
28
27
34
5
22
8
0
28
26
14
11
4
22
28
20
5
28
4
25
10
9
14
9
29
12
23
25
29
22
0
16
2
13
16
9
8
22
25
7
32
1
13
20
22
2
34
9
3
12
6
33
24
24
28
16
3
22
28
32
2
2
17
19
34
11
24
20
24
21
10
16
23
1
22
11
21
19
35
25
12
36
14
33
30
36
2
13
31
30
30
33
16
24
34
3
11
4
29
