24
21
30
24
23
0
3
13
23
5
9
3
10
0
10
2
1
7
36
25
17
2
29
33
4
25
13
17
11
22
29
9
27
33
19
27
20
1
24
7
17
34
8
12
10
17
33
13
25
7
29
2
14
20
36
5
17
11
0
13
10
10
13
32
17
11
11
20
18
29
22
27
32
22
15
10
34
13
21
0
13
6
20
28
21
14
36
23
13
22
28
21
24
25
6
30
31
27
31
25
17
20
5
15
10
11
11
26
36
14
29
5
25
29
11
10
0
1
18
25
20
36
29
1
24
20
18
32
31
20
19
26
18
32
24
36
30
13
28
12
17
28
35
0
10
15
27
4
36
5
20
3
32
32
32
32
2
0
32
33
22
35
35
14
5
10
24
16
11
30
31
15
14
35
13
5
12
31
11
35
3
11
3
16
9
25
23
2
12
22
13
6
12
29
19
19
29
