5
7
17
19
35
14
30
4
30
16
12
16
31
19
12
18
22
16
7
5
10
32
32
30
0
15
4
11
18
13
21
12
34
3
20
36
34
13
15
11
21
12
32
9
27
34
32
26
25
17
32
3
17
28
29
7
5
35
20
22
31
1
33
26
1
20
23
0
9
2
34
9
15
15
30
28
30
35
33
34
3
2
14
6
13
6
31
33
35
31
15
16
4
8
32
2
19
22
34
25
20
0
1
18
27
36
13
36
32
35
21
32
13
0
21
17
35
1
8
16
21
4
23
8
23
22
31
13
12
28
32
27
17
34
3
27
2
25
9
23
27
19
15
8
35
14
35
28
1
22
14
9
10
29
5
21
20
20
30
7
2
33
9
34
33
1
14
14
30
12
2
1
2
9
7
29
36
31
4
31
13
32
20
12
14
17
25
17
15
25
22
22
36
12
17
27
