28
10
1
25
9
0
10
4
17
14
11
11
16
25
32
33
27
31
34
35
28
7
10
4
13
20
22
0
10
5
23
23
29
33
14
14
3
11
36
3
23
2
32
25
21
22
7
17
30
28
7
15
25
3
36
21
18
31
28
13
13
7
6
35
7
1
7
16
13
35
3
19
21
34
4
12
36
14
2
8
31
3
28
16
16
31
3
36
8
27
25
8
9
9
8
16
35
32
13
29
26
13
4
2
28
8
2
1
28
21
18
35
1
25
0
35
15
15
13
8
18
25
20
24
3
10
2
4
24
23
2
14
6
30
29
14
19
17
6
23
36
2
6
21
14
34
35
25
36
21
22
17
27
31
3
24
9
29
26
4
34
12
3
26
29
4
15
16
28
12
9
4
23
17
25
18
36
31
25
8
26
30
8
0
29
14
15
24
35
14
14
35
2
31
29
21
