31
25
0
25
35
14
17
8
11
14
16
28
33
8
16
13
3
5
9
0
18
20
12
8
8
4
6
25
31
12
36
3
32
18
10
20
9
6
30
2
12
33
16
35
13
17
11
8
33
22
25
29
10
25
21
10
3
35
10
23
32
26
29
11
18
19
18
36
4
14
13
13
25
6
35
36
19
25
36
31
19
13
21
10
30
5
1
4
20
15
14
7
29
19
15
12
25
34
20
11
25
34
16
13
17
6
16
14
17
32
23
28
5
17
20
16
32
36
36
33
3
18
20
6
20
24
11
9
14
24
1
29
9
3
17
7
29
34
5
28
14
23
20
9
18
22
24
32
6
20
0
36
1
6
29
20
16
12
20
10
28
11
31
26
26
4
17
9
3
36
14
14
12
3
11
34
32
12
7
7
2
19
5
35
27
24
13
8
26
33
20
6
33
19
9
11
27
21
