2
13
0
20
16
25
14
3
36
35
18
15
5
18
10
10
32
35
14
4
13
15
16
26
3
26
34
3
30
4
6
35
24
13
33
30
35
33
31
27
3
33
11
4
29
5
32
18
23
11
27
27
18
29
9
8
34
22
32
27
34
18
32
36
6
31
0
18
20
26
11
0
28
23
28
2
16
24
19
25
8
12
5
29
15
9
15
17
1
12
4
14
15
1
26
14
0
12
18
7
14
10
0
5
11
4
20
12
28
29
22
4
4
2
16
12
16
21
19
22
30
11
4
34
26
22
17
2
21
6
28
17
32
19
28
7
22
8
26
13
34
34
27
21
3
15
11
29
10
30
10
12
2
28
35
13
15
4
24
32
13
10
16
18
23
34
25
23
0
23
1
34
1
3
12
0
16
4
3
13
6
22
1
31
3
35
5
2
0
10
36
0
23
21
26
11
29
