34
25
33
15
12
24
34
3
6
5
23
18
32
35
12
16
32
15
11
27
23
18
12
35
28
16
19
8
7
34
16
19
27
21
9
9
22
35
30
9
15
14
28
29
22
16
1
3
32
18
5
36
13
1
4
27
15
32
27
24
0
30
8
7
17
7
26
12
12
28
26
3
15
9
5
22
18
19
12
29
2
12
27
24
3
0
17
21
25
3
5
18
25
11
10
29
21
14
14
33
28
35
3
35
37
36
6
12
36
13
2
11
11
7
16
29
26
5
24
28
7
5
1
22
10
20
10
25
16
31
22
11
12
27
6
31
7
18
31
25
35
17
5
31
1
27
31
15
16
17
13
11
28
21
2
13
32
30
33
2
14
10
2
31
9
21
33
6
3
10
25
14
29
13
7
15
36
0
17
12
5
18
11
3
25
23
34
11
0
7
29
17
2
8
33
1
22
24
12
36
28
