29
2
15
31
27
32
9
7
18
28
35
33
4
3
9
31
21
36
33
21
34
29
28
25
27
3
1
25
16
6
29
2
2
1
27
10
9
25
22
18
9
28
5
13
33
9
5
25
22
20
35
24
12
36
35
3
25
12
8
34
13
26
28
18
4
14
20
2
6
18
24
28
12
3
22
21
34
25
33
22
9
29
18
12
31
2
18
1
33
3
28
6
21
18
5
36
12
35
6
27
11
15
9
9
1
8
25
18
11
5
1
33
22
16
16
28
13
24
17
11
34
34
2
36
19
11
1
36
27
25
13
25
11
32
4
34
22
21
4
3
32
17
1
17
3
16
17
14
34
2
9
27
2
6
17
24
35
0
26
18
14
34
2
36
7
0
25
36
21
32
2
3
11
31
20
25
34
7
6
22
33
9
30
0
22
13
20
28
31
18
12
12
5
30
29
26
25
32
