2
15
16
20
15
36
2
5
11
17
18
11
26
11
26
31
19
3
2
21
3
20
27
2
13
30
2
25
35
17
17
14
26
29
18
10
27
3
12
29
4
2
11
9
10
15
21
26
10
27
29
28
21
15
22
0
8
33
15
11
7
28
12
14
13
5
10
5
13
12
13
6
13
22
15
27
21
21
19
8
24
32
23
27
0
19
0
6
12
5
26
35
28
5
12
35
19
10
17
25
8
36
1
33
26
25
11
35
6
28
16
0
2
10
22
26
36
19
31
12
7
22
30
26
13
34
13
17
29
10
22
7
17
10
12
19
16
17
30
16
26
11
9
12
18
0
16
17
22
23
20
16
19
26
0
13
2
23
29
25
12
13
2
17
32
36
15
21
29
5
11
27
18
2
21
24
19
33
35
3
26
14
28
23
31
25
26
12
32
18
23
24
9
14
28
29
34
5
36
3
22
35
