10
31
30
19
1
35
35
30
3
33
12
31
28
15
9
14
9
22
17
2
2
5
1
31
22
15
17
18
29
28
18
8
20
10
18
13
5
22
28
8
10
9
9
21
28
31
31
14
33
4
24
31
34
14
14
2
26
13
15
8
13
17
30
27
30
36
5
12
13
7
10
33
29
30
26
8
12
9
1
12
20
3
7
29
11
15
8
25
6
13
14
20
4
16
23
1
29
28
30
3
23
3
11
35
8
21
4
9
35
21
9
5
11
35
3
35
34
21
29
15
23
24
13
10
1
17
32
28
14
27
27
23
4
5
33
24
30
24
2
3
13
35
33
19
7
5
28
33
18
11
23
6
8
20
33
22
21
17
30
9
23
3
28
13
7
11
15
32
8
19
16
7
1
25
28
35
31
25
29
15
12
13
36
0
34
7
1
17
3
11
7
0
11
10
12
25
30
0
0
1
