11
1
22
0
24
25
31
17
0
34
35
14
34
23
11
9
17
1
1
33
27
9
11
1
19
5
15
11
0
33
30
12
35
9
34
21
20
35
23
23
12
32
3
6
30
7
3
1
30
8
35
1
12
30
5
15
9
36
31
33
18
23
29
9
16
28
2
13
34
3
31
33
19
4
8
20
8
26
36
18
28
10
8
23
12
4
35
9
34
2
35
28
12
21
33
23
16
31
35
9
21
29
34
26
26
33
36
34
16
25
10
2
35
33
24
29
4
8
0
11
28
17
24
12
1
26
4
13
35
2
16
11
8
2
10
8
3
33
28
13
19
31
11
17
8
10
19
25
15
20
22
10
16
1
17
32
28
6
5
34
22
9
36
22
15
25
19
24
2
9
0
22
3
26
10
15
14
0
13
33
18
7
22
6
9
25
29
28
22
15
5
26
10
1
26
20
18
