16
2
10
2
19
34
15
34
14
8
2
19
15
15
23
4
13
8
33
8
0
7
10
25
9
19
8
18
35
33
24
21
9
17
18
22
36
1
12
23
31
1
6
13
31
24
33
15
36
35
9
21
26
20
5
3
14
28
22
0
9
6
0
5
12
13
2
25
9
20
17
11
20
4
7
1
15
19
6
36
35
10
15
22
2
34
31
9
30
27
4
32
26
7
19
22
3
15
13
35
20
28
30
25
8
2
12
22
19
1
33
4
8
21
10
7
34
2
0
36
9
35
18
18
17
7
9
34
16
9
16
17
11
7
25
27
2
35
30
5
22
5
23
22
6
12
10
19
0
27
27
29
30
35
6
31
34
8
10
17
36
25
5
36
31
0
12
15
6
31
0
31
9
10
19
15
1
15
28
36
25
32
17
14
6
32
27
16
25
3
34
11
1
3
18
5
10
