15
4
30
13
27
9
29
31
36
10
36
0
0
23
13
22
20
29
6
30
36
21
17
17
12
26
26
25
22
4
31
35
13
4
17
2
34
21
27
35
29
17
6
29
5
11
14
4
19
23
34
3
5
13
6
19
34
3
21
3
22
17
31
33
10
13
13
35
22
14
21
15
18
27
2
29
20
23
25
9
23
32
31
19
9
13
15
0
29
28
6
25
25
0
11
2
4
0
11
22
27
9
25
14
6
5
14
6
13
27
32
13
6
17
35
3
19
13
20
17
23
2
22
34
5
21
1
8
22
0
11
16
4
13
11
3
30
31
9
17
32
8
11
31
17
16
17
14
30
34
17
24
3
20
34
20
30
4
3
6
23
26
15
32
29
26
9
34
9
12
33
26
11
1
23
5
28
33
27
5
3
16
20
24
18
20
15
22
24
6
8
11
31
21
36
14
20
9
34
