28
17
17
33
0
32
11
10
19
0
2
18
1
18
17
12
20
13
28
31
11
31
2
33
9
31
21
35
8
14
32
18
29
16
35
33
11
3
22
26
28
25
15
6
34
16
6
29
14
18
16
34
10
17
11
15
23
19
8
29
29
25
5
6
6
13
30
4
13
16
3
34
5
18
12
9
16
24
15
0
33
0
31
32
5
10
35
32
14
24
31
12
1
2
20
0
13
17
15
22
14
28
26
36
23
1
2
11
10
33
15
26
28
9
6
6
27
13
4
36
34
7
17
24
26
32
17
17
19
12
12
5
20
7
29
33
24
8
8
8
28
5
25
15
26
31
19
18
35
13
22
30
23
22
36
7
32
24
0
2
35
24
5
29
17
28
6
20
4
20
23
26
35
2
20
0
26
18
1
30
0
11
2
29
16
7
0
27
35
26
33
5
9
23
27
8
