9
32
25
10
36
19
9
28
11
0
21
6
36
14
31
6
5
35
6
18
20
20
31
19
23
7
26
31
33
3
23
9
15
1
0
8
3
1
32
31
6
33
29
0
36
34
7
26
23
10
5
16
27
35
30
20
5
24
13
24
6
9
12
29
9
27
15
8
9
9
8
36
34
6
23
11
26
8
6
3
28
17
1
12
20
17
6
17
6
36
15
30
4
36
35
19
16
2
36
36
10
2
24
24
9
34
26
23
2
21
10
2
12
29
27
11
34
15
5
13
21
12
32
15
35
9
3
10
12
9
2
4
10
31
17
8
33
18
29
2
30
2
35
28
28
2
5
31
31
1
11
32
30
22
13
4
19
20
3
34
25
24
29
15
35
15
17
27
18
14
34
30
36
35
16
14
15
19
12
14
14
2
24
16
1
35
23
14
27
32
28
34
15
21
25
28
20
