29
17
23
23
6
20
4
4
21
13
35
22
24
33
28
25
12
20
31
6
3
29
12
29
9
19
19
5
34
8
15
14
31
14
2
11
5
24
21
32
28
18
25
32
0
17
20
32
7
3
22
29
34
17
35
1
14
14
13
20
30
18
23
21
30
19
32
1
19
5
30
5
13
33
3
16
22
22
21
17
33
2
35
33
28
11
23
2
18
27
2
20
17
3
19
15
28
30
2
0
0
29
18
33
33
10
20
8
3
32
13
17
33
29
7
6
16
13
31
13
5
3
18
32
0
20
19
18
19
35
7
21
35
33
7
5
13
19
13
30
36
20
26
9
26
32
19
17
23
34
17
15
35
18
10
2
12
25
20
2
12
20
5
27
27
36
4
0
23
29
18
23
22
30
18
25
6
13
19
30
11
23
0
34
18
30
4
16
15
12
12
18
19
16
21
5
