23
8
20
17
4
8
25
36
16
29
28
22
34
34
25
21
21
17
30
32
4
3
20
23
14
13
6
2
9
0
11
36
26
19
22
13
4
34
10
4
31
5
31
32
28
25
33
31
12
27
3
23
23
34
14
8
36
2
3
29
8
33
2
35
23
29
9
26
27
14
23
24
3
32
31
23
32
7
18
2
2
14
13
4
29
33
12
17
29
6
22
28
6
21
25
19
36
2
30
30
3
13
33
26
7
35
12
10
23
12
2
4
35
16
0
12
19
35
24
22
18
1
32
31
19
25
1
6
29
8
17
18
28
20
14
2
29
16
21
35
1
8
11
7
29
29
1
19
24
17
18
33
31
18
6
0
11
10
26
15
28
26
19
31
9
13
17
28
8
36
30
7
23
17
6
16
0
15
9
8
19
2
24
3
2
25
26
15
28
12
16
1
27
25
13
30
14
