13
29
7
34
9
12
22
13
36
28
15
26
17
9
6
15
15
35
34
20
21
18
8
15
28
13
26
21
32
30
9
34
0
28
13
17
21
22
16
33
28
35
23
23
19
28
6
7
32
21
25
18
36
20
9
12
26
16
8
30
5
34
32
13
19
0
14
30
27
0
27
19
7
13
9
33
1
19
1
9
10
4
17
13
17
28
36
10
17
24
34
20
5
33
28
19
31
31
21
24
15
17
16
15
13
17
9
2
32
19
29
22
14
10
33
36
9
3
15
11
19
25
18
9
8
16
32
15
19
3
19
34
30
14
25
20
28
3
17
29
34
5
36
27
12
28
32
22
30
32
15
10
30
17
26
15
3
36
35
14
2
21
22
29
3
20
18
27
7
21
13
35
5
25
2
0
8
2
25
2
9
30
34
8
7
13
36
8
25
8
32
21
5
8
6
4
10
2
31
32
