1
2
11
22
19
22
22
0
1
14
18
21
36
2
9
5
29
35
21
34
18
4
12
21
24
29
17
13
1
32
18
22
2
16
5
14
12
4
33
13
36
8
34
26
22
12
31
34
29
27
27
19
20
33
10
9
24
19
31
1
8
35
14
12
7
3
27
10
9
1
15
11
2
26
31
18
11
10
28
5
19
36
36
2
29
3
31
24
33
7
21
21
27
34
15
28
33
36
1
35
11
25
33
2
17
25
19
33
5
9
14
19
2
21
16
17
1
18
27
30
14
14
27
7
5
32
23
30
13
25
10
2
29
29
35
31
0
7
19
34
32
21
15
25
20
33
11
27
14
26
25
17
12
3
8
34
12
3
14
36
18
31
35
4
32
27
36
24
4
4
27
6
17
3
21
11
32
25
5
36
11
8
23
5
17
34
4
30
30
15
36
26
13
6
6
25
7
28
