33
36
29
18
1
29
35
30
18
12
19
7
28
12
24
20
32
36
3
24
30
12
21
19
16
23
19
33
10
11
29
14
18
21
6
27
8
14
10
13
6
10
32
16
36
25
34
32
35
25
33
3
34
13
17
18
3
27
31
9
23
9
23
1
35
11
28
29
21
12
15
8
10
31
7
16
30
9
17
7
33
0
9
24
3
2
26
7
7
1
25
4
32
23
1
16
22
11
33
16
14
4
4
20
0
31
25
1
23
0
34
17
12
31
28
0
28
4
24
7
23
15
7
31
2
36
19
23
18
17
12
22
13
2
7
2
4
18
3
25
17
18
6
29
2
20
16
11
11
15
13
25
36
16
20
20
3
19
22
22
9
2
11
13
5
28
13
20
33
3
20
10
7
7
27
1
9
31
7
29
5
26
20
35
12
6
14
24
12
34
2
27
34
21
14
19
9
18
12
15
