11
5
28
32
35
2
27
32
33
5
8
17
26
29
3
30
8
33
34
35
26
25
0
22
30
15
3
18
3
13
8
10
28
0
13
16
11
15
11
28
24
6
29
7
30
36
27
20
6
33
7
30
10
21
20
20
35
15
13
28
2
21
3
4
5
30
1
30
14
0
17
13
16
19
20
11
22
24
9
13
7
11
31
6
11
14
10
11
19
15
36
11
0
20
13
21
31
26
13
25
1
13
33
31
11
27
1
2
21
33
30
32
29
24
25
5
23
29
10
9
33
34
17
33
23
34
30
24
19
26
33
34
11
35
11
18
17
7
0
14
21
23
22
6
25
11
27
15
15
3
31
3
11
34
27
12
21
26
13
27
15
13
30
21
20
2
2
33
27
3
19
14
27
13
28
11
13
11
24
6
16
17
5
32
32
6
0
16
18
21
32
15
3
9
6
4
6
