15
16
25
14
27
35
31
18
9
26
21
7
30
32
28
17
16
29
14
19
23
4
13
31
13
19
36
1
7
10
8
21
28
26
0
30
30
5
8
10
8
8
28
4
17
19
20
16
31
2
30
29
2
3
10
11
8
31
0
7
19
21
12
26
0
11
17
31
24
17
15
30
2
4
2
12
35
8
22
35
1
23
25
33
9
26
24
35
26
31
34
3
0
1
21
13
26
16
1
13
21
10
9
29
23
20
20
10
5
9
35
3
19
4
4
4
10
31
15
5
28
2
2
29
3
36
4
16
4
34
32
34
0
9
36
0
6
7
34
0
10
33
7
3
22
22
0
8
9
4
3
9
9
34
35
34
23
23
9
16
3
26
34
28
7
24
26
3
1
22
31
11
16
28
5
1
22
28
1
26
3
14
23
8
23
30
31
23
25
12
2
27
10
35
35
36
19
19
14
