25
22
28
16
24
3
34
9
15
3
31
19
2
29
14
4
0
27
31
22
24
24
16
23
21
35
32
7
2
29
17
25
9
23
21
17
33
21
2
28
0
0
31
15
22
10
9
34
27
21
15
36
3
27
17
29
2
8
13
33
13
30
28
36
27
4
9
27
1
18
6
26
25
9
19
10
22
22
23
21
29
0
6
11
22
25
2
26
2
27
35
24
12
24
13
4
11
17
28
31
35
35
12
1
24
13
28
16
35
12
13
28
19
30
18
17
14
34
32
28
20
30
19
30
18
18
24
12
18
16
30
29
19
3
28
1
19
33
13
5
5
0
12
21
31
15
36
24
6
4
32
6
19
1
4
16
3
34
9
26
6
25
18
2
25
5
22
19
1
31
22
17
1
16
0
23
14
15
1
12
34
9
33
1
35
22
5
33
34
5
4
0
23
22
19
28
18
