17
19
16
31
17
1
9
10
35
22
6
1
1
6
19
28
9
32
31
28
25
4
26
1
36
25
32
2
20
30
32
6
10
18
29
10
0
3
7
6
0
18
8
22
35
32
19
10
30
23
0
6
16
22
23
5
13
1
28
31
27
15
10
12
10
26
18
7
33
21
3
3
31
4
16
20
9
1
18
27
1
26
23
13
10
21
12
20
13
32
24
3
21
7
1
21
9
34
4
32
1
18
17
30
19
21
13
21
25
2
9
25
11
26
4
24
35
32
0
15
21
4
36
18
31
13
19
29
5
22
11
26
15
31
1
21
12
7
13
11
3
29
14
18
2
31
14
10
20
19
32
33
30
22
7
21
25
14
2
5
0
31
0
30
33
1
33
22
29
34
23
11
34
13
16
18
14
6
22
18
6
29
5
8
7
6
1
1
28
5
8
35
31
26
11
29
0
