33
9
9
5
5
15
36
3
4
33
18
4
3
28
7
10
6
13
26
13
0
9
20
3
19
16
10
1
34
7
28
26
32
5
2
11
6
26
17
27
12
14
22
33
11
20
15
23
36
23
12
21
24
2
9
9
19
26
7
24
30
32
18
14
9
29
5
10
2
35
8
11
13
35
34
1
29
15
14
22
9
29
28
12
29
6
0
34
34
29
25
18
0
5
29
3
22
9
22
17
23
11
20
32
9
23
18
36
19
21
35
0
14
31
31
26
36
29
8
31
17
10
33
1
2
33
33
16
20
17
32
35
0
26
27
7
11
7
14
13
11
18
35
0
15
21
12
24
10
8
13
3
5
36
7
24
27
34
12
2
18
6
9
13
18
33
18
4
17
3
12
4
11
33
5
4
3
1
34
32
27
19
15
19
28
20
36
18
25
10
25
31
3
0
6
28
36
