5
7
13
15
3
7
10
23
13
5
30
29
15
2
7
16
33
34
7
16
21
26
29
22
30
32
14
30
26
33
9
3
14
6
25
20
6
15
21
24
3
31
17
6
34
10
3
5
7
1
16
23
26
16
18
17
28
27
34
10
6
17
22
19
15
0
31
5
1
13
17
20
19
22
25
29
16
36
1
0
20
32
32
35
0
11
16
32
25
25
28
31
26
34
36
8
28
11
17
28
0
13
19
14
17
0
14
36
22
8
2
33
2
36
33
17
4
6
28
20
31
15
16
19
16
4
36
29
0
20
21
25
29
23
5
33
27
0
9
1
21
23
27
28
10
27
18
30
23
18
28
5
15
12
10
17
31
9
29
7
22
1
0
32
15
32
36
27
27
6
22
7
29
12
36
14
14
23
14
21
31
1
31
2
4
8
32
6
14
30
15
35
24
15
33
14
