25
1
26
34
30
28
28
20
29
30
12
13
1
12
20
6
19
10
29
33
22
30
17
4
35
20
34
6
31
20
10
2
11
15
19
2
13
30
4
13
33
28
3
33
0
31
10
29
30
23
22
6
9
1
21
27
22
35
25
33
35
34
27
24
31
1
31
6
11
29
25
27
27
23
1
28
23
23
33
34
22
15
17
13
25
23
18
28
20
22
25
1
33
32
17
8
1
15
24
31
30
36
35
14
21
12
22
32
7
1
27
28
30
27
14
36
8
33
0
10
3
31
33
35
27
18
0
3
26
34
8
3
27
16
20
26
19
21
35
11
28
17
32
3
16
6
21
9
3
20
30
6
21
20
4
17
11
7
14
7
0
6
13
21
20
25
6
28
22
26
25
21
3
29
31
21
17
6
33
18
21
33
6
3
35
8
14
36
22
13
24
27
4
32
18
35
