11
26
12
18
29
15
36
1
27
20
33
22
32
28
7
21
29
25
6
8
8
24
14
7
7
20
23
1
35
5
25
15
0
16
12
3
17
26
32
33
20
7
7
29
0
1
7
20
20
21
0
6
21
6
19
17
12
3
34
20
11
25
14
20
0
19
16
9
34
13
2
25
10
21
18
23
5
7
10
18
32
29
19
5
23
8
19
33
16
27
20
36
7
12
13
35
32
10
2
13
33
6
30
8
10
1
13
8
34
7
21
35
23
28
0
28
24
7
21
36
16
16
29
13
29
7
17
20
17
36
2
35
25
19
1
18
3
29
25
30
32
28
5
12
10
18
35
14
29
12
16
27
35
24
12
4
34
34
12
24
10
12
2
30
17
31
26
17
12
21
2
24
26
5
13
22
20
27
31
35
18
3
16
7
34
20
30
30
25
4
4
8
24
27
14
31
5
5
1
18
4
