37
37
35
1
26
36
23
6
30
21
23
30
19
13
19
1
14
21
15
28
20
27
20
9
36
1
19
30
14
3
36
6
36
7
11
7
1
18
12
6
36
7
12
18
31
18
25
2
3
16
22
8
31
7
29
30
34
19
10
25
34
1
35
23
26
28
9
14
25
23
22
3
13
15
24
8
4
7
29
14
11
6
26
26
9
25
34
10
10
32
33
20
25
28
7
7
4
28
4
30
24
3
20
1
32
8
6
20
0
36
8
9
36
5
15
12
17
24
13
25
35
6
4
9
22
9
17
21
34
18
22
33
0
32
3
3
11
34
9
34
26
17
6
4
5
19
6
7
29
12
24
13
13
28
29
19
31
12
22
23
5
21
4
2
35
23
5
24
22
4
32
27
36
10
19
25
22
15
29
21
21
34
7
27
2
14
20
11
0
7
11
3
16
14
27
19
17
4
7
