11
16
23
23
28
3
22
27
14
13
23
31
8
4
21
14
25
35
5
26
27
33
26
2
19
9
23
35
25
13
15
27
10
13
28
27
36
2
22
18
9
3
7
9
22
20
5
3
31
9
15
20
34
23
18
30
22
4
33
2
3
36
10
9
10
25
1
29
26
26
14
11
17
12
21
9
33
4
5
33
13
6
26
15
21
17
21
10
20
25
22
29
34
25
25
31
22
23
29
13
17
10
28
36
29
27
20
10
11
30
22
5
2
16
29
35
30
15
22
17
31
16
35
29
29
2
30
23
27
20
13
30
27
5
5
34
13
13
8
6
10
13
22
17
1
23
34
13
6
29
32
20
12
10
16
27
36
32
10
4
26
16
36
0
11
26
36
26
5
23
10
13
21
10
18
24
27
25
17
0
34
23
11
9
22
26
16
26
25
0
21
24
11
6
7
32
21
