7
23
27
8
0
22
5
8
14
4
27
9
3
34
29
26
25
3
7
1
17
27
8
21
1
14
29
22
14
8
21
28
20
27
23
19
4
19
29
35
27
2
27
4
12
18
10
17
10
36
18
32
16
21
24
2
31
7
33
16
3
29
11
1
6
2
31
26
0
35
2
27
31
8
36
19
36
11
19
30
12
32
28
35
5
21
18
8
3
6
34
14
35
16
32
1
12
21
28
1
22
33
3
1
12
30
17
3
10
20
26
16
34
33
35
18
29
28
32
32
9
25
23
12
26
21
4
32
8
12
34
20
19
1
8
26
19
32
5
11
14
3
2
10
11
27
36
7
10
0
28
29
1
3
3
20
4
6
3
12
32
22
6
6
5
16
5
24
1
8
29
18
19
22
28
20
13
1
2
23
2
27
26
14
33
24
3
27
8
26
10
28
20
25
29
7
29
28
