25
13
33
17
32
1
25
21
17
30
14
34
20
22
15
19
0
25
31
0
16
8
35
30
0
14
26
35
10
29
19
28
28
15
11
18
2
8
36
34
36
13
5
26
12
22
16
15
12
36
9
3
32
34
19
28
14
2
1
5
28
16
16
23
33
1
1
32
26
1
31
4
33
27
29
2
25
4
33
0
17
6
35
25
23
9
11
3
17
17
5
29
15
28
28
10
23
29
5
4
12
21
35
35
0
18
35
20
28
17
29
26
15
12
14
17
12
1
23
19
33
14
13
29
13
14
18
22
9
17
17
29
21
25
26
5
8
13
5
6
15
32
0
14
31
13
35
31
7
1
8
5
23
10
16
4
32
24
18
21
12
8
4
4
21
0
9
34
30
7
21
12
17
35
16
24
31
32
9
31
11
16
22
28
32
8
20
3
21
28
31
21
11
35
16
4
11
36
25
36
