21
23
26
36
4
13
15
34
16
12
25
24
15
25
10
20
26
5
2
33
29
29
25
23
27
15
25
22
9
12
33
0
36
36
21
34
0
31
13
4
31
18
11
21
28
4
4
19
9
25
27
10
12
10
9
1
7
27
35
2
19
22
29
35
6
10
29
12
24
3
0
16
3
30
7
5
15
12
27
26
3
31
19
19
32
2
1
1
15
25
30
16
1
34
2
20
18
7
5
2
0
3
15
11
35
25
13
35
5
13
26
4
29
10
24
4
21
26
18
20
0
30
31
10
16
28
13
3
10
36
27
14
28
32
14
13
13
33
36
21
11
8
22
16
32
14
16
5
5
8
29
14
23
31
18
25
22
6
23
6
2
3
27
3
8
17
26
19
36
11
9
23
25
22
17
22
17
24
23
4
29
35
13
16
32
23
21
22
28
9
19
20
7
15
11
22
9
16
15
24
