15
33
34
17
6
28
18
10
8
32
28
31
0
20
13
16
29
28
30
26
15
33
1
16
30
23
19
13
4
1
8
7
33
34
26
0
2
20
6
29
16
6
20
13
15
0
4
31
17
6
19
32
21
27
8
21
28
7
31
24
25
30
23
8
8
11
24
12
28
1
1
5
7
0
2
14
2
2
16
7
7
33
21
33
24
25
2
10
22
18
4
17
12
13
28
34
4
8
0
35
12
8
31
16
20
20
27
26
11
29
6
4
10
0
0
18
22
4
20
8
13
32
28
16
0
16
3
10
4
12
9
16
9
34
4
4
26
32
32
22
22
6
0
17
19
33
35
35
35
5
8
10
18
17
11
32
6
11
14
7
0
22
19
6
19
27
24
35
6
29
9
17
27
0
30
9
7
29
36
7
30
11
36
11
8
34
2
14
33
27
26
24
29
8
32
20
34
