35
26
1
4
23
27
8
26
9
26
24
0
14
28
15
4
32
31
19
23
10
31
18
15
4
16
27
31
10
16
21
3
24
6
19
15
31
10
24
17
28
30
19
26
3
35
20
35
10
29
7
5
36
9
17
11
12
28
10
3
8
28
24
18
23
23
34
35
6
15
4
0
29
18
3
4
27
36
6
22
19
31
18
7
0
16
23
14
30
15
20
25
31
9
15
23
20
31
4
12
0
26
31
7
12
19
28
11
0
25
24
14
16
11
13
0
9
25
19
28
34
15
20
14
24
33
9
15
29
33
30
2
24
3
13
34
26
1
19
26
9
10
30
27
28
17
12
22
32
24
12
24
14
10
34
7
34
13
11
5
36
11
22
33
31
28
17
1
24
11
26
16
30
4
28
1
2
8
0
32
12
11
22
16
5
25
23
12
0
21
20
31
1
16
3
33
20
17
12
24
23
23
