7
26
36
1
11
17
8
20
30
2
31
19
35
13
0
22
18
33
19
28
28
11
33
5
10
28
32
36
12
31
8
1
27
30
24
29
33
15
36
35
33
30
16
34
13
23
34
16
28
16
3
24
10
34
13
4
15
11
15
35
3
36
35
21
22
31
25
13
36
0
29
31
30
29
22
16
18
15
3
28
6
35
36
3
5
11
1
35
14
26
26
7
14
5
8
12
7
7
17
3
23
7
14
16
18
21
10
12
13
24
21
36
12
9
19
5
20
31
18
5
11
24
21
8
20
29
21
31
28
11
36
35
22
11
3
29
13
7
12
5
5
27
0
6
19
21
29
28
10
32
4
15
34
33
21
36
8
28
7
27
21
7
28
36
26
33
12
36
0
11
10
20
33
25
4
10
28
36
13
18
25
0
6
9
31
15
26
20
10
16
13
0
29
31
25
14
19
34
