13
7
5
13
17
4
33
34
21
22
31
2
10
14
28
13
33
9
14
12
19
28
15
8
26
23
4
0
10
20
18
16
13
23
30
12
31
31
31
4
32
1
33
16
11
18
6
7
15
13
10
19
4
21
0
30
1
1
13
20
1
24
17
3
30
34
17
28
11
6
35
25
24
4
0
11
5
10
9
1
32
31
1
4
15
27
6
31
13
23
32
6
8
26
11
3
6
21
5
21
29
21
11
25
21
34
33
22
17
20
32
21
19
12
30
16
28
19
6
17
13
31
0
19
25
25
11
28
22
11
21
1
27
0
30
28
22
9
34
16
4
13
15
33
27
11
32
19
20
32
30
6
10
3
17
33
9
35
14
32
3
32
25
14
3
8
25
9
8
19
21
16
32
19
24
12
32
11
34
12
34
28
26
9
11
11
31
23
3
4
26
19
33
16
26
35
17
