16
24
15
20
10
8
21
18
30
20
12
0
14
30
15
16
19
16
36
30
7
19
7
24
23
3
14
23
10
14
20
34
8
29
19
16
32
30
0
29
9
23
31
23
23
9
5
0
20
29
19
5
7
27
11
6
31
1
36
32
14
33
34
22
29
34
8
27
11
33
7
11
5
14
20
13
28
9
18
3
20
32
22
14
17
20
35
23
6
36
31
4
27
19
28
16
33
16
19
8
17
0
24
31
30
16
28
10
12
13
3
4
3
8
36
9
24
6
14
16
22
6
0
20
33
1
27
5
13
19
3
16
1
22
26
14
7
22
7
29
33
22
32
28
11
36
11
34
19
21
12
2
36
20
30
0
15
11
29
22
20
11
7
16
20
29
18
23
3
33
28
16
28
19
24
18
34
24
35
12
27
25
16
32
24
20
35
18
5
11
1
28
9
13
26
7
18
8
10
12
18
22
