13
23
18
31
28
21
9
23
16
35
13
1
2
18
15
31
8
3
12
17
14
31
5
31
12
13
36
19
36
36
16
14
3
11
12
1
19
34
35
1
10
1
0
0
33
28
18
29
16
30
2
14
6
31
17
28
13
2
24
22
14
12
11
34
11
12
1
17
12
32
18
21
1
5
6
26
36
3
18
7
17
7
17
29
23
32
26
27
13
33
14
21
20
34
0
30
33
20
6
12
0
5
19
14
22
35
35
11
12
8
34
0
4
28
27
8
27
18
26
29
26
27
1
4
8
15
10
5
5
2
21
11
27
14
10
31
30
35
32
22
34
10
14
19
7
7
5
32
1
14
31
16
36
28
21
29
4
0
28
9
6
6
3
20
30
35
20
30
22
36
36
7
17
1
17
22
17
23
0
7
18
36
20
13
26
35
5
12
3
6
8
2
19
2
11
7
