16
32
0
3
22
7
10
19
24
27
11
19
27
2
35
31
22
25
31
6
30
6
2
0
7
12
35
3
14
24
11
2
7
13
12
8
18
36
28
12
22
34
14
17
29
26
30
29
33
22
20
17
31
20
34
24
36
19
19
17
4
25
24
2
0
32
18
0
26
25
26
24
5
8
33
6
20
20
12
11
4
8
27
12
24
34
17
5
27
25
25
24
6
8
19
0
18
36
27
24
19
34
31
13
29
16
30
1
28
12
33
6
15
7
13
34
4
4
1
2
8
17
21
0
33
16
21
22
20
21
36
8
33
8
13
19
8
34
8
18
23
12
34
11
23
2
1
27
24
30
16
15
6
7
3
9
21
9
9
3
36
13
28
1
10
15
31
2
7
0
0
20
14
15
25
1
1
30
32
12
35
19
13
33
15
14
10
35
26
23
1
2
23
12
0
29
2
0
35
