14
32
32
2
6
0
26
35
29
14
0
1
20
35
12
13
14
29
15
33
20
28
12
12
25
33
5
24
0
19
28
33
21
16
18
2
22
9
8
2
24
24
14
29
21
16
13
9
9
32
4
5
14
31
7
24
8
20
25
21
17
4
3
36
4
9
8
27
7
11
5
10
24
23
22
9
11
29
24
31
24
0
22
9
25
24
12
30
36
12
20
20
28
29
22
5
11
33
19
11
14
24
27
31
11
3
3
30
21
16
22
31
15
21
9
18
12
24
22
26
7
4
7
17
32
36
4
8
19
13
24
24
2
29
27
5
18
36
32
24
6
28
9
31
1
25
4
31
27
3
19
22
2
8
3
0
6
17
10
8
4
3
33
4
25
7
3
7
33
6
31
17
34
16
17
22
18
11
7
29
8
33
29
10
5
4
0
15
18
9
20
27
29
28
0
18
3
30
17
