33
23
20
25
2
10
26
2
36
1
34
12
6
15
11
4
8
2
22
36
33
8
8
19
12
25
21
6
33
6
31
26
12
8
1
24
5
32
6
4
29
34
18
14
0
28
26
6
12
21
22
22
33
36
17
21
17
2
3
30
31
6
32
19
34
4
28
22
16
20
20
18
17
16
12
21
24
36
25
6
26
5
14
30
14
26
36
13
12
11
26
26
14
18
2
12
35
36
4
15
34
25
4
36
10
14
0
5
21
32
36
9
36
5
8
18
1
6
32
30
35
10
31
33
14
8
9
21
27
7
13
1
10
10
20
21
0
3
0
25
29
4
15
23
32
1
1
21
30
20
6
12
32
13
28
1
9
20
11
30
6
10
26
10
6
16
25
4
14
22
26
4
12
34
24
29
12
20
13
20
17
31
9
31
17
14
2
31
36
6
3
19
32
31
7
26
3
5
