5
23
10
9
30
19
20
7
4
24
3
34
1
23
21
33
21
23
17
30
2
2
15
5
2
22
32
3
23
4
22
13
0
34
8
22
34
3
2
11
9
17
17
27
24
7
16
32
2
35
10
27
32
9
20
30
19
10
0
31
9
29
1
18
31
32
27
21
25
23
22
12
6
19
2
21
31
24
23
24
36
1
29
13
14
7
22
15
4
32
18
9
4
7
7
11
13
28
35
27
2
35
16
32
23
15
21
25
25
30
5
12
9
27
6
4
8
18
2
32
25
24
4
3
35
28
35
2
15
21
36
15
22
18
33
21
13
14
16
24
1
1
10
35
16
12
24
0
4
7
36
26
7
0
33
29
24
4
2
14
26
13
7
34
34
8
13
28
15
1
32
32
15
16
1
2
24
14
4
2
14
18
23
15
18
10
29
3
31
26
29
10
23
19
4
28
23
12
0
22
