4
33
30
8
31
35
29
19
2
21
17
5
8
17
26
22
1
7
11
7
8
36
25
19
14
3
34
19
33
17
1
3
32
34
33
28
32
18
31
13
12
6
18
4
27
35
9
20
8
0
24
25
2
11
21
34
30
21
6
12
10
27
3
36
7
33
30
31
36
31
5
10
9
15
29
36
11
4
25
16
32
18
1
16
2
32
9
9
33
14
30
9
22
6
22
29
30
17
32
33
17
17
8
16
23
20
31
15
35
10
31
22
33
30
13
30
8
1
32
2
2
34
5
10
10
28
1
16
19
0
21
20
30
3
10
9
16
27
29
27
35
18
31
6
0
16
12
26
9
35
16
19
22
32
34
24
28
34
23
21
3
0
24
24
21
34
34
25
6
0
33
2
15
25
8
21
3
23
20
8
2
14
28
18
14
18
21
27
29
30
10
2
4
20
28
4
19
