1
6
30
0
28
6
16
32
14
18
25
36
27
26
12
36
6
26
17
16
33
16
17
17
34
34
29
7
33
32
31
16
6
12
9
2
2
10
16
31
15
26
20
21
12
23
16
3
6
10
5
32
14
10
4
5
20
20
9
5
14
7
33
18
1
34
17
27
32
36
28
21
25
35
24
12
33
34
24
12
23
26
7
5
13
4
29
32
3
0
21
19
29
20
36
10
27
20
8
15
18
4
18
33
34
25
31
11
21
32
8
18
21
26
32
35
33
25
17
23
12
8
32
12
14
2
10
21
30
5
17
14
30
0
8
4
22
34
20
6
14
17
31
10
31
25
28
12
36
25
5
6
30
31
6
10
11
22
22
7
25
27
5
32
28
21
0
4
29
21
17
32
4
6
27
32
27
31
22
31
26
29
28
14
36
4
12
24
0
29
27
19
27
5
6
1
27
12
