9
20
5
32
7
14
27
30
20
19
9
18
24
23
17
13
4
28
17
31
36
12
1
8
26
26
16
28
25
19
32
9
24
12
20
0
21
19
28
22
5
34
24
18
9
26
10
10
23
7
32
25
11
36
16
13
2
32
20
16
8
21
24
32
15
8
24
25
10
26
34
32
23
16
35
7
12
1
21
14
13
8
26
12
23
3
28
20
29
0
6
23
33
24
26
26
30
24
36
21
27
14
0
24
30
33
36
2
7
14
31
20
26
20
9
12
18
27
28
1
11
24
18
24
26
3
29
10
1
21
20
6
4
23
7
1
4
18
6
24
27
27
17
20
24
0
8
7
12
22
36
16
3
24
6
31
26
4
25
19
25
11
27
10
29
20
32
35
19
20
26
30
3
14
24
17
5
9
33
34
36
19
13
36
8
28
11
13
25
19
12
24
14
26
19
13
31
16
35
29
