22
8
24
13
15
22
35
2
29
17
19
18
6
1
34
23
25
5
30
7
1
22
27
35
27
20
2
27
29
34
35
27
11
22
31
1
21
31
9
22
1
2
3
36
26
17
34
1
25
0
10
4
22
32
25
7
13
28
29
6
29
33
2
1
36
18
33
17
12
8
8
2
9
34
12
25
13
17
32
25
15
3
29
29
8
18
31
20
3
1
4
10
8
9
0
20
32
22
25
5
32
9
17
35
21
7
12
9
1
2
21
6
30
9
36
4
30
21
6
11
10
16
29
15
36
15
1
9
32
8
28
17
9
20
26
14
34
26
19
0
2
15
21
24
1
28
20
17
22
19
36
22
31
27
26
36
28
27
1
30
11
34
26
8
9
6
5
22
19
5
35
9
6
35
24
18
16
18
27
22
1
14
33
26
16
31
22
6
15
18
21
7
36
20
34
32
11
9
31
