32
26
7
16
29
28
28
35
23
16
6
17
36
14
14
23
27
34
34
8
21
0
23
29
24
31
33
5
11
3
27
5
20
27
0
8
19
26
29
27
24
11
24
4
8
3
19
1
1
28
33
1
35
36
36
4
9
13
23
16
25
19
14
31
17
21
28
2
17
25
20
36
31
34
14
20
2
4
7
32
2
9
27
0
14
36
6
20
29
5
9
17
34
25
23
22
0
11
11
21
26
30
24
1
14
23
14
18
11
35
22
3
19
22
24
4
21
16
9
20
35
36
0
32
19
12
30
31
29
3
20
15
24
5
2
13
10
14
2
7
22
26
11
32
4
0
10
21
7
30
29
21
9
5
15
3
3
34
27
13
18
17
29
21
5
33
35
34
20
28
16
34
0
20
11
21
26
8
12
16
4
9
30
4
9
34
1
26
14
0
30
1
22
18
25
22
2
