35
35
32
6
28
11
30
33
16
33
4
13
21
12
20
0
16
0
11
32
30
28
16
17
14
19
0
25
26
33
27
23
1
9
5
4
9
30
11
1
3
27
21
2
26
34
13
0
4
36
30
10
26
10
29
14
1
24
24
26
8
2
7
3
12
7
9
5
11
34
14
19
2
5
13
7
20
27
22
3
29
26
5
0
18
27
36
6
0
31
11
2
7
18
34
27
22
13
22
36
2
34
3
14
17
20
19
20
10
29
21
22
10
25
12
32
19
11
23
33
12
8
3
23
33
27
2
22
32
18
0
31
13
7
28
24
5
4
13
19
3
23
26
7
18
2
2
13
7
13
8
29
9
6
6
31
12
1
16
5
13
15
29
6
15
24
17
1
27
13
31
28
15
31
16
7
32
16
29
19
17
15
1
35
35
5
25
28
30
23
7
24
19
15
1
7
0
13
