0
23
5
22
36
20
11
21
15
5
17
27
32
4
10
35
4
0
27
18
5
10
34
27
7
34
21
32
17
22
30
7
27
20
36
30
8
34
2
11
4
1
1
12
7
14
12
24
16
11
36
17
36
22
26
14
28
6
24
9
9
30
18
15
33
14
27
29
31
2
6
23
27
25
28
23
32
5
17
16
9
19
20
2
8
13
6
14
2
20
18
4
16
16
11
28
30
26
10
35
13
35
19
31
8
25
34
29
14
36
27
6
9
6
30
35
0
0
26
24
5
24
24
30
11
10
30
25
4
19
7
15
6
9
10
23
13
11
15
26
21
17
15
23
29
20
30
28
16
2
15
13
5
20
0
12
2
2
20
17
23
14
16
8
34
10
25
1
28
26
10
29
25
13
34
24
30
33
18
20
11
15
34
0
29
1
7
20
36
15
29
33
27
32
11
6
1
2
7
