22
23
10
0
36
33
15
2
30
26
24
12
16
34
8
17
25
9
24
34
9
28
22
25
29
34
1
32
8
24
2
21
34
12
16
19
0
9
11
9
31
36
36
32
9
12
16
11
15
31
31
9
24
21
8
0
32
19
1
2
0
17
8
26
7
5
30
5
35
14
25
3
11
10
17
3
30
6
8
15
6
34
9
25
34
10
11
30
8
1
19
9
17
21
35
26
11
18
26
28
17
20
9
18
32
36
15
1
32
3
16
7
17
28
33
33
24
10
8
32
10
35
22
25
20
28
1
29
2
15
9
32
28
17
0
4
14
1
20
10
27
33
20
3
27
21
23
3
10
26
7
3
3
17
21
14
18
35
29
25
27
21
14
8
2
20
24
4
1
4
23
28
29
9
0
5
16
19
14
14
0
1
26
4
10
1
14
12
23
20
0
24
16
5
11
0
14
26
5
