7
10
3
18
8
31
28
31
28
4
27
17
8
23
17
20
23
17
27
25
14
25
27
3
33
35
20
18
23
35
29
6
29
20
0
4
7
36
22
32
24
28
24
21
22
36
33
27
7
31
25
24
7
12
17
34
35
36
36
29
6
28
4
2
32
25
4
14
19
11
12
25
18
4
25
26
14
3
30
27
31
1
36
29
21
12
29
29
7
3
18
23
13
20
36
4
0
13
17
13
25
28
10
6
13
2
32
30
10
23
26
22
31
7
7
16
13
0
17
0
31
9
16
13
6
24
9
4
32
20
15
3
19
3
25
29
23
11
15
27
18
3
20
29
35
33
18
8
32
5
24
36
10
33
27
25
11
10
1
5
14
10
23
12
23
32
5
8
18
30
5
32
31
17
32
27
20
18
3
34
5
26
14
24
18
10
23
6
12
20
36
28
22
17
17
18
18
19
36
