26
27
21
7
28
3
21
17
36
23
34
19
1
34
34
27
6
30
1
18
24
29
9
27
20
24
35
17
8
31
12
5
3
3
10
0
16
16
8
29
36
12
34
25
31
18
4
27
23
4
9
20
10
14
13
29
23
12
25
12
28
31
25
2
26
6
35
16
32
22
5
24
9
1
7
34
5
36
9
15
6
8
24
29
36
10
8
16
21
21
21
10
14
33
6
2
20
36
0
13
15
17
32
33
6
21
11
35
9
24
9
28
12
32
19
34
16
23
10
34
34
0
6
21
0
17
13
26
17
12
14
23
28
20
15
26
30
29
2
31
29
17
8
25
22
25
27
11
22
6
10
0
32
2
9
36
13
1
33
3
30
24
15
19
12
36
32
23
35
36
1
17
0
8
8
6
3
26
36
26
11
0
23
4
28
31
0
24
22
16
31
34
36
12
10
11
1
13
7
