27
25
9
17
24
24
17
33
30
16
8
2
27
9
14
3
10
31
11
0
29
5
6
25
6
34
36
34
35
0
8
22
35
10
23
11
8
2
16
24
3
26
27
21
24
12
22
17
9
13
32
9
2
25
7
8
22
2
26
13
4
2
8
25
28
19
12
4
21
11
24
8
25
20
0
4
24
20
14
11
1
9
1
9
2
27
31
13
11
12
4
33
7
32
5
19
28
20
3
30
24
30
17
22
5
26
25
25
28
32
34
8
2
7
8
12
26
27
18
22
6
30
13
30
32
20
6
2
31
21
26
15
6
3
34
6
21
1
35
25
35
0
27
9
16
34
27
33
23
31
2
30
23
2
8
0
22
30
23
23
26
35
25
4
16
9
2
21
3
29
33
25
33
4
0
7
0
33
33
28
1
4
18
0
11
7
13
20
9
30
33
30
18
8
23
1
24
