10
5
21
34
21
17
16
33
11
5
18
15
24
24
5
16
10
34
36
32
4
34
34
23
24
6
17
20
1
6
20
7
26
31
16
9
7
5
25
36
31
27
32
10
0
32
27
23
16
29
12
2
11
25
21
33
12
10
4
29
22
0
32
10
34
0
18
25
7
20
29
21
25
0
7
15
10
5
17
23
35
5
6
13
22
4
4
2
10
7
35
0
29
14
28
16
1
26
29
29
29
34
34
18
35
0
15
6
31
8
1
34
23
12
30
9
16
13
6
23
0
33
31
0
36
29
5
25
5
5
6
14
27
9
17
11
28
24
18
29
15
32
7
34
20
17
20
28
23
33
36
10
6
30
34
3
24
5
8
12
2
11
10
29
35
17
0
10
16
4
3
15
16
32
11
25
33
19
21
9
14
18
26
6
2
4
20
12
2
33
27
27
31
31
23
32
16
0
28
25
28
29
