14
15
16
26
36
7
32
28
5
0
28
19
22
0
28
10
34
4
19
28
35
6
18
19
36
18
10
0
1
10
8
5
4
33
32
31
19
25
30
17
9
12
17
18
21
1
10
21
33
27
7
22
35
23
35
19
7
2
35
21
35
23
10
30
22
20
28
1
8
21
14
4
12
33
1
19
26
7
3
22
5
11
3
23
30
11
22
4
30
24
33
12
32
21
30
0
32
36
17
18
27
9
26
30
26
20
16
9
33
31
32
14
7
16
7
31
36
2
0
21
15
20
27
8
20
4
32
16
19
31
29
33
18
14
4
0
7
7
30
20
7
35
5
7
3
21
31
11
30
22
13
12
12
34
19
10
4
11
6
20
20
27
32
19
11
35
31
23
15
18
9
21
1
11
13
13
32
13
6
1
9
12
13
12
26
36
8
22
3
33
3
15
29
17
9
26
28
28
10
24
27
