10
0
35
10
20
21
23
22
5
4
2
28
9
19
10
34
17
0
11
13
9
23
14
20
5
12
11
28
13
30
4
1
35
13
30
26
32
13
24
12
33
35
20
11
22
14
29
25
18
27
13
21
9
32
15
9
14
17
23
3
30
7
16
31
24
31
27
12
18
6
23
14
36
12
2
7
12
24
27
13
23
23
11
9
25
21
21
27
1
11
1
31
18
19
19
30
9
23
14
7
21
13
15
23
22
8
26
4
28
25
6
29
7
8
26
33
35
19
8
24
22
33
10
25
25
20
22
10
35
14
23
9
8
36
36
5
19
1
3
4
25
5
1
36
1
23
2
13
32
3
22
8
2
1
25
8
6
35
12
4
25
25
0
18
18
15
30
16
36
5
28
8
6
31
23
14
20
19
12
15
34
8
22
29
21
1
4
35
25
5
3
22
32
17
24
29
5
36
6
24
27
26
33
