6
26
16
14
21
27
23
5
12
10
10
3
29
34
15
26
7
13
18
0
12
8
25
12
10
21
12
17
15
8
13
13
9
20
34
12
27
36
36
23
1
6
19
26
32
6
29
12
32
14
11
5
29
14
13
17
26
13
14
12
26
31
34
6
7
0
15
35
36
11
17
19
14
7
14
9
11
34
28
15
11
2
33
9
7
25
32
17
6
35
19
25
21
18
15
29
25
16
33
3
10
3
4
30
25
34
0
28
14
4
12
2
30
27
3
6
35
16
33
18
4
17
26
15
21
30
28
26
21
27
32
12
4
12
22
11
36
24
11
36
12
26
1
1
16
1
5
22
11
24
31
8
8
22
1
35
14
29
9
21
26
0
8
21
32
21
12
30
30
34
8
5
27
9
34
21
0
20
16
24
6
32
4
21
1
2
5
4
28
27
3
10
29
28
16
32
