23
26
32
17
23
13
24
25
9
22
19
33
27
11
28
4
2
19
28
27
2
4
21
24
34
36
19
24
32
1
2
4
34
14
22
0
20
4
22
6
12
13
16
18
7
16
3
22
6
6
30
14
17
29
25
31
0
32
27
5
26
24
16
6
8
31
14
29
1
21
15
13
18
16
19
7
30
4
1
6
20
25
27
24
9
7
0
34
10
18
23
25
2
30
22
23
0
31
22
18
27
17
36
22
32
36
9
28
7
18
29
34
32
9
11
10
26
27
27
7
32
26
15
21
25
2
29
28
9
25
4
31
9
31
5
19
29
36
7
24
22
14
36
26
3
29
5
20
16
18
25
31
19
10
2
0
7
19
31
27
22
1
7
28
25
36
11
36
17
13
0
21
15
29
31
28
22
2
14
24
11
4
5
33
34
5
16
2
10
0
25
8
2
27
27
16
