10
25
19
16
26
27
6
33
32
3
8
32
24
20
14
18
1
35
36
9
17
23
11
17
19
7
4
4
5
19
26
22
9
4
6
2
8
30
2
13
9
21
29
32
19
1
10
20
26
31
13
2
29
19
3
21
24
33
14
17
18
6
1
5
0
26
25
26
9
35
10
29
26
23
32
35
19
5
19
12
5
2
9
15
14
25
35
33
0
15
12
18
8
12
7
9
19
21
0
22
32
27
13
13
0
27
17
27
24
12
13
0
5
31
6
22
4
16
19
32
27
4
11
14
30
2
13
20
23
31
21
20
4
31
15
9
3
5
29
1
25
13
20
29
27
17
7
19
17
7
33
30
25
21
31
1
16
13
8
1
22
18
33
6
15
2
1
31
23
27
9
20
35
0
2
28
36
17
6
10
32
22
5
24
17
9
12
6
28
2
25
32
8
23
16
1
6
