14
0
17
18
19
12
35
0
19
14
2
35
25
28
34
11
36
22
14
30
26
17
28
12
15
15
14
2
20
11
5
27
21
23
30
4
3
3
22
27
15
32
17
0
30
32
26
13
5
28
35
21
12
36
8
34
12
8
16
1
5
19
14
26
21
22
27
15
27
21
9
27
10
5
8
11
26
32
25
20
11
18
0
24
10
31
22
35
13
10
23
35
36
18
17
32
5
35
1
16
19
29
30
21
23
10
10
24
18
35
0
21
16
6
32
33
26
26
9
21
17
20
2
26
29
28
5
27
10
18
23
26
28
31
6
10
26
17
15
17
10
16
3
34
9
27
23
9
1
13
2
14
25
3
1
12
14
12
17
35
25
6
23
15
17
13
22
17
9
27
8
15
8
20
26
15
12
24
28
28
18
7
32
25
15
10
5
20
10
19
9
9
35
34
30
35
8
