30
29
35
24
17
3
5
12
20
13
31
20
4
26
13
1
24
18
35
5
26
5
23
32
15
10
25
32
36
6
2
18
2
0
10
15
24
25
22
36
15
12
5
5
26
8
14
6
29
20
23
4
10
35
13
3
9
29
14
12
29
25
31
25
12
22
15
23
12
11
33
36
6
36
1
2
29
31
9
23
25
11
26
9
11
9
1
2
27
15
24
26
25
30
25
27
0
4
22
34
28
8
16
11
8
14
7
9
35
6
16
6
32
29
5
20
4
26
4
0
3
11
30
21
5
9
35
34
30
25
36
17
31
14
16
16
3
16
7
4
36
7
12
36
35
33
27
1
19
24
21
36
23
25
24
22
8
13
15
23
30
29
26
22
8
28
1
21
3
8
28
18
12
23
31
12
34
2
33
33
29
13
29
20
11
11
5
26
6
0
32
9
4
2
10
21
3
36
14
2
