23
7
34
29
9
32
32
4
35
23
15
5
12
6
18
26
31
36
6
5
18
22
5
18
26
5
29
12
36
11
8
5
9
25
22
13
35
8
11
17
14
13
34
15
34
22
6
12
34
0
4
22
16
11
30
0
15
6
24
1
33
7
21
33
15
23
13
21
22
0
23
0
3
5
12
35
24
29
26
31
20
2
17
27
25
12
21
28
29
18
10
5
14
13
23
9
10
8
26
25
18
32
11
3
26
14
31
13
12
35
16
6
15
36
10
18
35
36
31
9
28
14
27
18
14
22
26
7
26
16
20
24
16
23
28
25
12
3
22
15
19
9
17
34
0
1
23
13
16
21
15
14
15
13
4
15
15
11
25
29
12
16
22
0
0
3
29
18
14
14
19
5
13
13
19
3
15
27
21
25
18
30
15
33
19
23
19
5
19
16
31
22
3
19
20
34
34
33
