33
13
22
5
12
21
0
32
35
0
24
35
22
14
16
4
19
26
19
5
8
20
8
29
8
9
25
19
9
28
24
26
19
16
10
24
1
31
21
15
0
3
25
7
27
10
4
18
30
25
21
33
33
5
18
18
12
25
17
3
24
17
29
14
5
18
2
27
33
31
35
29
3
10
30
12
5
2
8
18
4
25
15
29
23
27
19
18
20
21
6
15
27
34
35
32
5
28
32
4
10
34
33
24
19
29
4
8
25
6
13
15
21
9
16
20
7
14
32
36
34
28
28
36
24
8
18
23
17
14
0
10
29
29
16
34
0
25
8
36
10
4
31
26
23
28
14
19
22
7
25
12
16
33
26
14
22
4
5
18
7
10
14
23
31
30
27
23
4
4
24
9
20
22
36
21
21
11
6
9
28
21
0
13
36
32
5
28
33
5
22
36
32
30
13
8
0
