15
22
2
5
26
14
24
0
32
36
29
34
10
27
24
27
16
24
7
9
17
12
21
28
10
27
23
8
18
16
15
10
29
2
1
12
18
32
24
6
18
5
31
29
22
24
34
36
17
14
33
31
23
35
28
2
11
16
36
18
26
3
26
13
1
25
16
5
11
32
30
2
19
12
17
34
23
36
33
12
28
9
25
32
4
15
19
5
8
25
23
30
3
36
32
17
16
22
36
36
8
36
13
5
27
30
19
26
8
35
16
15
20
15
13
34
28
15
14
26
22
10
23
26
17
7
2
19
32
22
23
2
5
4
32
19
30
6
5
25
3
29
6
15
5
32
14
11
13
30
4
24
31
32
6
36
13
18
36
1
2
12
16
23
6
16
35
1
31
21
9
14
32
7
26
29
32
0
6
35
4
26
36
33
29
18
31
24
26
20
5
1
6
31
26
9
19
7
