0
25
26
23
0
31
22
23
9
18
13
28
20
9
3
8
9
12
13
14
16
1
23
31
17
2
28
15
25
35
8
24
20
18
21
17
19
19
16
12
7
13
23
1
1
35
26
35
11
13
24
30
25
31
1
33
6
30
33
13
17
31
22
2
34
1
8
16
7
35
15
16
36
36
1
34
26
35
3
18
18
3
28
14
14
14
33
7
12
16
26
36
20
26
5
5
34
1
32
14
8
21
16
21
9
18
3
7
5
2
28
11
22
31
29
27
16
23
2
15
10
7
29
29
14
7
30
30
26
28
14
28
30
16
10
7
28
23
12
22
25
19
20
19
8
4
15
31
17
35
30
28
1
18
13
27
27
21
25
15
14
36
5
2
2
24
20
21
28
26
0
12
33
8
32
10
6
27
4
6
6
24
36
9
13
5
11
4
18
29
5
24
4
3
32
5
32
27
15
34
10
