12
34
31
30
12
8
17
14
2
27
14
14
32
3
14
24
23
21
29
18
17
3
36
17
1
0
9
15
21
12
32
0
17
21
29
27
4
16
13
27
33
11
23
32
30
6
1
19
34
36
2
35
22
2
22
35
15
13
1
0
22
24
25
19
26
20
4
33
32
0
1
29
6
30
24
18
2
32
5
5
32
10
23
8
29
21
31
21
20
31
28
7
10
12
11
5
25
35
36
14
1
0
3
35
9
9
28
7
26
26
2
36
2
19
31
34
9
3
26
29
20
6
34
29
3
34
9
26
7
30
8
19
16
17
5
36
17
4
36
33
20
19
11
33
9
22
14
12
7
1
26
15
7
14
16
9
26
10
12
24
35
24
5
17
13
6
31
2
21
27
27
18
7
16
19
32
26
14
29
22
33
26
3
36
10
3
13
4
12
9
16
34
35
14
24
35
11
21
28
6
2
26
