30
6
32
22
5
3
8
12
32
8
2
35
28
14
17
30
25
11
9
23
34
6
36
25
16
14
33
10
5
27
20
10
12
23
23
10
0
21
7
13
25
24
36
1
0
14
28
11
22
21
36
30
26
19
29
26
36
11
21
27
20
7
17
14
25
0
11
9
23
31
14
24
17
2
18
28
14
27
32
19
18
2
8
31
7
10
5
28
26
14
31
19
23
22
22
12
12
13
33
18
11
18
27
23
5
10
4
34
0
3
11
6
35
32
19
10
22
5
13
21
35
28
2
32
31
4
20
23
29
30
21
0
36
28
34
31
0
6
2
13
6
7
11
1
11
18
10
25
22
27
20
18
7
1
28
18
34
16
22
32
15
35
1
11
18
21
15
36
10
34
19
16
17
14
24
7
33
5
32
16
34
6
16
26
32
13
21
3
30
0
2
33
5
10
0
5
6
