14
24
20
20
3
33
29
23
16
11
31
20
9
32
20
7
33
15
15
26
14
5
21
24
32
25
2
3
19
11
25
0
24
36
5
30
28
2
29
12
1
20
17
32
25
17
20
32
0
18
25
1
25
33
5
0
1
3
20
12
35
6
1
32
4
8
35
18
1
23
28
18
7
17
6
12
24
26
18
1
32
10
8
5
14
2
34
31
4
21
10
12
19
29
30
9
6
35
36
30
11
32
18
34
23
12
16
28
15
10
34
28
12
31
24
35
35
4
27
19
11
2
27
6
30
12
2
19
32
1
18
0
16
30
5
35
19
25
33
9
4
19
36
15
4
23
17
13
29
28
34
5
21
25
31
22
16
31
14
30
1
6
6
22
8
6
25
1
1
36
5
36
3
30
36
32
32
19
25
3
34
19
16
3
13
36
10
34
17
36
15
27
8
17
21
1
12
1
17
10
