36
22
30
17
29
9
8
10
34
5
20
2
30
1
29
8
9
28
25
22
17
9
10
7
1
33
35
23
8
10
6
2
27
0
25
3
4
33
3
6
21
25
30
28
27
14
10
10
28
33
17
1
34
22
20
18
22
20
17
28
18
33
33
19
10
21
1
19
36
29
4
22
12
4
36
7
11
20
19
15
27
4
19
2
5
32
5
31
13
29
28
12
14
15
30
11
16
6
31
6
35
27
18
9
29
16
1
19
12
30
10
20
27
31
17
35
9
32
0
0
33
21
16
14
27
11
34
28
20
32
28
28
15
26
12
20
29
35
17
32
35
34
9
15
1
17
18
13
31
28
12
29
30
3
36
5
13
25
31
3
9
15
32
31
22
18
28
29
3
12
9
22
8
3
31
23
30
18
10
34
29
30
20
6
5
23
0
32
16
27
14
26
33
17
7
21
2
22
