9
9
15
34
10
0
28
1
27
32
0
18
9
10
27
16
28
16
8
30
24
26
14
26
36
18
32
27
8
14
22
32
30
8
9
32
26
22
18
23
14
36
23
29
6
12
30
7
27
36
25
17
25
13
17
8
18
32
34
26
30
16
27
4
32
4
12
30
26
15
13
7
16
15
32
30
12
3
30
19
29
7
21
26
4
7
26
6
20
1
29
8
32
27
14
6
19
0
31
5
27
25
35
4
25
1
8
24
6
8
20
29
24
7
12
9
3
33
1
14
25
13
13
28
11
19
22
31
30
31
21
36
2
24
19
1
13
2
30
9
12
33
4
29
6
17
9
0
16
31
35
6
0
12
29
1
28
4
12
24
21
16
36
13
13
22
0
11
32
29
12
12
22
12
12
25
17
7
7
4
2
23
15
19
27
33
23
15
27
12
9
28
32
9
3
18
6
8
20
23
