15
11
26
14
5
30
5
10
28
19
28
27
19
30
16
4
23
35
1
18
5
22
2
33
8
15
6
1
35
14
24
12
24
6
27
5
8
35
17
14
32
35
16
21
32
21
17
12
2
19
2
11
15
0
8
21
5
4
20
34
29
7
20
22
32
19
16
30
29
8
26
9
15
5
17
16
24
10
36
30
26
34
30
12
30
10
14
31
31
2
26
32
0
7
2
9
11
16
17
26
27
32
1
15
32
13
27
12
17
11
23
13
3
0
23
25
32
0
12
30
26
15
19
7
35
14
3
2
2
32
36
7
2
13
27
2
24
29
17
28
13
20
22
36
6
30
15
3
9
32
24
26
20
10
32
30
6
32
22
10
28
32
28
22
34
17
14
28
1
9
30
3
7
24
10
15
17
26
18
19
1
31
4
14
13
15
7
15
5
24
23
31
27
14
0
36
28
