35
21
3
31
18
2
27
8
28
7
3
36
13
13
11
15
2
19
14
14
35
26
15
11
6
33
1
18
21
30
12
23
35
31
32
1
6
35
0
1
7
7
20
13
5
32
0
23
3
32
13
12
9
1
25
27
30
18
8
0
18
24
31
10
16
25
1
33
3
12
22
19
17
22
11
17
23
34
21
25
5
4
13
13
23
24
10
34
25
23
21
31
25
6
13
8
13
21
30
5
11
36
11
24
36
11
29
2
23
5
10
20
13
27
31
9
28
27
13
28
15
33
6
33
26
16
31
33
20
0
36
26
19
10
28
31
17
14
13
33
0
19
5
36
11
34
16
7
22
8
36
15
25
31
10
24
33
36
8
2
23
28
19
25
1
36
23
1
15
29
31
4
24
32
6
30
4
29
3
8
17
34
10
5
1
34
34
16
27
0
32
32
0
11
18
26
5
22
