35
29
29
36
21
33
6
19
13
15
5
0
13
30
8
31
29
28
5
35
16
22
28
34
4
36
24
16
34
8
13
10
29
24
20
28
18
22
7
14
19
4
28
23
24
22
5
34
6
6
27
0
35
17
26
25
19
11
28
22
2
27
9
3
14
26
7
19
18
18
13
5
35
18
33
16
24
24
29
6
22
10
30
10
25
36
15
7
3
4
2
17
36
26
2
30
13
2
2
29
18
25
12
34
14
1
10
27
16
7
12
27
17
17
2
12
3
28
20
31
36
9
1
36
6
23
1
9
27
36
25
10
35
31
14
16
14
33
22
17
9
32
15
36
26
32
31
9
32
7
16
10
11
30
17
36
10
4
12
19
30
25
5
36
29
11
8
18
16
29
30
27
29
2
15
21
13
35
22
29
18
12
1
12
30
7
18
36
20
33
34
31
11
21
12
20
6
