32
1
13
15
9
9
23
10
20
1
24
6
23
19
18
12
6
16
32
7
4
0
13
22
14
3
12
22
9
15
7
14
11
9
21
16
11
26
5
1
8
29
22
25
34
29
20
18
0
10
27
17
4
21
12
4
19
12
6
11
7
8
23
11
35
28
32
30
21
12
15
3
36
25
15
14
31
33
7
16
8
22
23
4
13
10
1
30
9
29
7
8
34
31
2
24
13
14
35
4
3
30
14
28
9
9
28
26
28
4
27
1
4
11
14
26
17
12
21
14
0
24
32
23
12
14
22
25
17
11
31
3
9
4
8
19
11
32
22
11
28
3
13
30
31
36
16
8
35
35
13
21
17
14
30
15
8
31
28
23
20
7
1
8
34
12
17
28
6
18
23
28
17
25
23
4
5
9
22
28
36
19
6
0
29
26
5
12
20
29
10
27
30
35
29
33
19
18
30
24
