31
25
6
24
14
11
35
21
29
3
12
1
28
31
2
7
2
32
27
30
12
33
2
18
11
4
9
26
1
9
3
10
1
3
6
15
31
29
13
10
14
20
12
14
23
25
2
20
25
23
11
8
4
7
24
25
5
12
11
22
15
23
30
12
13
22
24
3
29
12
29
9
8
24
27
26
16
25
23
27
12
18
4
9
6
2
16
30
7
0
26
8
24
29
1
23
9
7
16
26
10
29
24
25
13
25
1
29
34
32
33
3
23
3
28
29
11
3
29
13
14
15
35
12
35
16
22
36
2
21
11
12
3
22
26
13
23
9
36
36
2
24
12
25
18
2
8
19
10
11
28
27
32
7
7
28
7
34
34
33
3
18
25
8
33
27
24
21
31
16
27
18
20
22
7
25
17
11
33
5
18
6
34
13
16
24
35
30
31
16
10
7
8
32
16
12
