13
16
17
4
36
28
7
31
35
16
31
7
35
18
11
5
17
34
3
23
5
17
36
5
32
23
11
15
30
23
23
12
19
16
31
15
9
31
0
24
26
15
3
10
11
23
0
19
6
35
36
15
9
12
25
2
27
24
32
19
19
7
30
14
30
30
32
11
20
9
25
26
8
7
36
31
18
15
24
15
7
29
25
10
20
22
24
34
0
15
5
19
0
10
34
25
30
12
1
15
35
17
5
4
5
1
1
13
36
22
7
5
22
26
35
6
11
18
20
34
0
22
24
2
3
32
36
30
6
32
18
33
32
26
1
19
28
28
14
12
15
1
35
10
32
29
26
8
3
31
32
5
9
33
26
7
27
21
9
10
35
36
21
7
16
2
7
18
21
2
25
20
2
12
24
1
31
4
19
31
4
18
19
11
3
9
30
7
3
20
3
27
7
12
32
33
5
