16
33
12
16
26
0
31
34
10
10
35
35
13
2
30
17
8
13
30
2
25
18
36
24
14
14
22
16
20
36
3
27
30
4
25
15
13
24
15
31
19
15
21
25
3
15
27
5
6
15
15
19
11
7
6
13
3
6
24
12
22
3
15
16
5
6
0
18
6
21
22
2
23
34
8
3
23
28
16
25
32
8
21
23
35
23
25
29
34
27
34
25
0
6
22
5
25
23
22
35
14
16
10
32
28
8
4
9
1
7
12
24
35
36
5
4
20
34
22
25
9
5
15
30
34
34
0
30
1
4
22
36
28
35
0
29
7
12
10
8
35
15
4
36
9
22
25
0
12
11
15
10
28
18
16
8
29
29
6
23
34
31
29
13
19
9
28
19
26
27
28
0
32
22
11
26
2
0
12
23
19
27
22
15
32
7
31
4
13
35
32
13
33
18
18
18
26
16
30
36
11
