9
6
7
21
33
36
32
36
22
3
16
15
34
8
14
0
7
29
9
19
16
27
1
10
23
4
32
29
27
14
11
19
24
25
1
16
13
30
30
3
11
17
2
16
2
10
21
26
15
12
1
22
9
34
0
12
21
5
20
36
20
29
5
1
10
26
22
12
3
26
18
34
30
12
9
1
23
13
13
12
23
35
16
17
32
34
10
12
10
17
34
10
26
15
26
13
35
21
19
33
33
14
17
26
30
25
28
28
28
2
10
9
25
6
30
29
12
0
2
19
19
3
24
21
28
2
26
36
20
5
0
20
15
9
3
31
36
24
14
10
0
27
27
6
2
35
6
1
32
4
14
4
10
12
4
18
19
25
1
7
11
27
34
28
28
26
9
31
14
35
15
8
32
18
4
2
25
29
32
35
8
20
2
33
4
34
14
4
0
35
35
0
33
16
6
2
25
13
8
20
3
18
