20
16
8
30
32
16
19
9
31
8
6
10
15
2
32
24
26
5
3
13
0
12
7
29
19
33
29
13
35
23
24
26
13
30
3
22
32
33
19
24
36
11
17
21
16
27
11
31
11
6
30
1
33
21
10
11
6
30
15
3
1
35
3
1
9
34
11
36
31
7
14
34
7
11
8
13
12
27
1
6
5
6
2
25
5
28
12
8
22
4
3
28
25
4
12
35
17
6
27
16
26
24
24
7
5
30
2
28
26
33
7
13
34
23
36
16
21
3
25
27
35
8
26
14
32
35
5
10
23
1
12
34
13
22
23
17
31
31
11
1
13
14
1
27
15
22
15
18
27
36
20
18
31
24
17
23
32
3
4
20
9
28
29
34
21
26
11
34
17
0
20
3
5
28
7
22
29
0
24
1
26
7
18
15
11
26
18
3
26
24
5
15
23
31
11
5
24
