19
34
36
24
7
19
17
15
25
12
11
24
20
17
0
26
7
34
34
35
22
33
3
18
8
4
5
8
5
11
36
0
22
5
15
18
21
14
34
17
18
35
36
1
30
30
5
4
12
25
32
5
19
13
21
8
8
28
30
29
35
12
13
28
21
15
11
33
30
20
28
2
6
35
35
22
30
11
35
3
9
6
0
9
32
17
30
20
27
34
28
11
0
7
5
10
32
24
4
22
9
35
6
32
34
30
17
15
8
17
33
32
8
21
3
30
32
33
13
7
1
0
5
16
18
9
18
9
9
15
5
4
15
7
15
28
13
9
5
14
27
3
20
26
21
18
1
33
36
18
35
34
29
11
20
22
3
19
12
20
14
10
32
3
36
28
20
34
33
4
23
8
14
34
28
4
11
4
29
30
25
31
24
7
16
3
7
33
6
7
26
1
0
10
22
36
20
17
