0
19
15
4
30
12
5
1
11
29
25
8
11
8
35
32
15
13
21
17
31
14
3
11
26
27
17
29
34
7
32
5
23
29
25
5
3
30
16
6
20
5
18
7
26
29
12
7
27
2
6
13
4
32
2
4
17
31
10
23
24
16
33
30
7
32
9
14
30
6
9
6
8
10
7
24
31
6
1
31
10
8
28
36
10
5
33
24
36
17
16
22
9
33
22
6
31
18
29
0
33
28
18
20
31
36
29
32
9
17
12
19
31
2
25
31
16
9
24
24
5
14
36
36
26
32
1
29
9
11
29
12
6
31
32
21
33
16
13
14
19
36
15
16
34
25
32
29
24
0
16
17
35
34
11
28
3
23
10
10
28
27
28
33
16
17
31
0
9
30
10
14
34
17
5
15
33
21
34
28
21
0
15
25
34
28
6
21
34
15
25
32
10
5
3
20
30
31
10
17
