35
26
30
19
29
9
2
11
4
8
21
11
19
11
16
34
0
11
10
7
3
32
14
36
36
10
22
20
29
19
26
10
14
0
18
17
1
34
22
17
10
31
25
33
22
18
18
30
34
24
24
9
11
25
15
8
3
4
24
26
28
23
14
27
36
25
19
19
17
7
12
24
14
31
36
34
27
19
0
6
23
32
1
24
11
11
29
30
6
25
17
18
19
33
2
5
12
12
25
9
30
10
7
23
21
2
11
30
27
22
32
34
0
35
7
22
32
20
9
36
17
5
23
34
27
5
11
31
27
25
36
22
13
31
12
3
34
23
26
26
1
17
13
35
2
3
17
20
19
11
3
18
15
5
1
31
4
3
6
20
6
16
22
30
12
4
21
2
34
9
13
29
4
8
0
33
6
10
26
15
24
9
35
24
11
19
23
9
4
8
35
15
14
27
7
5
10
