9
33
30
33
25
7
18
32
20
5
22
0
19
36
26
27
7
16
4
19
9
30
36
27
32
35
20
13
16
29
14
30
34
36
8
14
25
20
8
35
14
6
10
32
35
18
1
5
23
28
23
16
8
20
9
14
10
31
16
26
30
8
8
2
36
24
18
34
1
8
11
4
21
30
2
25
11
31
0
22
1
10
11
28
8
8
7
36
24
1
25
6
18
35
36
17
14
21
25
14
9
27
27
7
26
4
5
10
6
18
25
2
28
20
23
10
30
19
1
29
29
33
5
11
4
22
11
7
0
23
35
12
33
23
12
14
13
10
12
0
10
31
12
27
31
8
13
18
1
30
22
1
5
22
8
11
12
17
26
22
2
15
15
17
11
0
9
27
19
13
20
10
34
28
9
30
19
20
34
31
13
22
9
17
26
3
31
4
2
26
13
31
26
36
36
30
34
9
17
3
16
