16
4
9
31
21
30
4
1
7
16
2
36
31
9
15
19
15
18
5
7
9
9
33
18
4
36
14
25
18
30
22
20
7
0
25
2
23
13
24
17
6
3
31
32
15
0
34
31
34
17
34
2
21
27
25
20
19
20
26
2
9
22
34
6
16
28
22
15
10
14
25
30
15
28
18
35
15
35
20
33
11
16
14
23
22
5
2
14
35
15
0
17
18
36
8
26
9
30
34
6
30
1
33
34
12
25
12
25
26
12
5
1
5
28
17
8
26
0
16
18
19
19
13
20
32
24
8
31
26
1
14
27
12
36
30
21
34
29
24
17
0
23
30
16
9
11
14
36
24
24
15
18
24
6
18
19
19
24
0
21
7
16
10
20
23
33
5
15
17
30
5
11
23
2
29
9
5
16
6
20
11
5
6
15
31
15
30
20
27
21
3
33
0
25
13
20
