13
19
8
4
6
23
32
35
11
1
17
19
36
22
22
25
32
12
29
27
3
8
35
9
28
29
24
19
10
12
22
7
23
25
5
3
1
29
36
21
18
7
36
12
16
14
31
3
9
3
16
10
1
19
10
31
5
9
11
21
0
29
11
4
26
10
17
23
12
19
34
6
5
12
0
19
35
27
30
7
6
29
2
7
0
8
26
32
23
36
36
12
3
23
12
3
4
28
13
24
28
34
13
34
7
32
9
17
5
36
23
28
16
0
14
35
12
20
20
2
10
16
26
21
8
24
12
28
20
32
17
23
3
2
9
18
26
16
16
18
5
20
6
14
10
20
8
26
30
17
6
33
23
20
12
25
3
6
13
21
21
26
24
22
30
36
6
20
14
8
33
1
32
35
1
15
6
2
18
9
4
0
16
17
8
13
23
28
18
19
22
23
26
19
26
33
23
36
16
2
