37
20
5
35
9
18
33
8
19
32
9
4
32
12
34
35
29
7
4
31
19
31
4
36
6
3
11
7
6
35
20
34
15
29
35
24
3
12
8
22
26
27
9
25
30
17
31
23
35
17
0
17
18
5
13
31
22
16
11
32
12
27
15
2
32
34
16
35
8
16
27
5
30
0
2
31
8
22
3
12
36
2
34
7
13
10
29
1
1
34
0
22
1
22
28
4
31
15
35
35
28
10
17
16
2
34
17
29
19
20
24
29
27
5
0
34
12
21
4
8
23
13
2
24
21
11
15
30
12
11
7
23
3
3
33
13
11
26
19
19
23
9
2
24
23
20
13
11
8
30
1
27
28
17
20
22
29
30
19
9
17
32
27
18
1
2
31
11
15
29
35
35
18
1
13
4
2
29
13
30
19
15
34
12
12
29
32
11
25
12
23
34
19
24
24
5
13
22
0
3
