30
6
6
12
15
2
24
12
0
12
25
8
31
4
17
20
31
18
35
28
4
16
2
13
9
14
24
18
22
31
21
25
8
14
6
19
27
3
25
29
25
30
18
33
23
11
26
14
8
15
32
4
14
35
17
6
31
12
4
12
34
20
2
3
15
4
36
13
3
3
32
8
11
22
8
22
28
36
34
35
6
26
1
29
13
36
10
33
0
11
33
7
13
4
0
17
30
27
9
20
26
2
24
3
4
4
13
18
14
0
1
12
16
30
34
19
2
3
35
11
25
0
12
11
7
21
5
20
13
5
19
33
10
27
16
25
24
2
35
15
13
6
20
14
20
27
14
15
6
28
19
3
9
14
19
14
14
25
3
8
30
11
7
20
27
33
3
27
35
29
4
8
36
1
12
25
9
31
33
25
1
2
16
29
18
30
24
15
28
11
12
34
2
21
8
18
