28
24
17
15
18
29
24
1
22
4
32
3
25
25
15
15
28
22
25
27
6
20
31
9
33
36
4
9
30
27
30
3
10
17
22
35
20
35
15
17
7
3
14
36
25
22
34
34
18
10
33
31
1
23
16
28
22
22
29
26
22
24
35
32
29
34
13
20
29
22
29
3
34
34
3
33
20
11
15
27
3
15
24
7
3
14
4
10
6
6
16
31
15
27
36
35
27
28
33
7
23
33
25
5
5
28
17
9
9
10
20
5
18
33
12
21
3
16
24
11
29
24
27
23
25
33
28
23
7
25
26
34
5
3
4
15
15
9
24
21
36
29
17
19
8
17
19
18
1
7
4
34
28
24
4
13
28
16
33
31
20
7
36
30
2
3
1
11
21
17
14
4
23
34
23
17
3
4
16
25
11
24
0
4
26
33
4
22
17
7
28
33
23
21
30
36
14
27
