1
8
4
0
0
10
28
27
21
15
35
4
27
19
29
16
8
27
11
36
5
5
4
17
13
34
14
29
15
27
29
5
27
21
21
32
14
25
22
25
32
30
18
36
23
2
17
16
10
3
30
5
32
34
8
12
36
18
26
2
12
22
8
12
22
29
30
8
10
33
12
11
31
15
16
34
35
20
13
0
15
24
1
31
34
31
7
33
11
27
32
23
16
25
6
30
10
34
11
18
2
30
15
9
25
30
32
36
18
20
24
19
35
24
23
8
29
3
34
26
24
12
6
13
2
32
31
5
18
3
10
30
26
4
31
32
10
15
13
18
19
5
31
25
2
19
24
18
14
18
13
28
5
26
6
0
23
18
17
12
33
10
9
25
33
24
10
17
10
21
9
21
32
20
17
24
8
4
3
4
30
16
11
31
11
14
36
22
13
5
29
6
35
1
35
1
12
26
