37
7
29
12
23
8
0
29
33
20
14
33
0
35
16
7
5
5
21
28
21
8
9
1
16
19
4
11
13
4
13
27
21
21
28
1
3
22
17
26
15
3
30
7
33
26
26
10
9
35
7
20
13
24
1
26
4
26
26
7
17
32
2
1
7
14
35
13
15
35
31
12
24
1
4
0
15
0
19
9
2
25
21
7
1
15
20
26
24
23
18
29
14
12
36
22
5
34
15
19
0
9
36
12
36
33
32
5
5
27
14
18
6
7
26
33
12
33
26
8
10
9
22
34
16
7
35
17
8
28
36
19
13
27
12
34
4
24
14
33
35
19
5
18
27
15
35
4
12
14
32
35
1
21
3
16
19
11
8
2
26
31
12
28
4
17
4
11
23
3
3
16
24
18
29
20
35
12
16
33
9
20
11
8
7
2
36
21
33
7
30
22
15
31
7
17
15
9
6
