31
8
29
28
16
5
16
6
1
4
34
10
14
10
14
17
4
5
5
25
4
17
0
24
1
32
4
20
23
12
13
27
34
22
7
24
1
14
0
18
34
15
22
28
17
19
4
5
2
1
21
16
2
0
31
30
26
17
9
17
13
17
21
34
24
17
26
27
17
2
9
30
16
20
19
0
17
7
14
30
18
15
32
32
31
9
27
27
13
25
31
7
12
34
25
24
35
36
6
4
7
13
9
0
31
12
0
11
14
21
23
36
25
23
2
1
3
26
36
14
26
2
13
8
33
30
9
18
26
3
14
14
21
23
33
3
15
13
29
23
34
10
30
20
15
11
15
21
34
29
33
3
15
0
26
11
22
26
19
19
4
6
35
18
25
23
3
7
21
3
12
32
28
27
29
27
3
26
1
10
29
18
14
30
34
35
7
14
9
12
35
9
21
3
8
25
29
10
32
