11
3
5
26
27
29
13
18
12
3
17
29
2
12
11
6
18
33
6
36
24
34
19
35
2
2
15
34
19
8
21
10
9
28
24
26
17
15
1
31
15
3
36
3
3
9
14
2
32
34
4
2
5
5
16
9
17
22
5
31
7
16
26
32
34
5
15
15
24
4
15
21
35
10
30
19
20
35
22
35
36
27
18
24
27
36
13
28
4
4
14
30
7
16
19
13
4
7
30
5
9
14
25
1
20
26
23
1
36
27
10
22
12
23
4
3
18
11
23
32
33
11
27
16
20
22
17
20
1
10
12
36
29
21
24
31
12
9
14
10
19
17
33
11
30
32
10
21
14
7
12
28
14
10
9
13
12
9
8
25
17
14
4
31
8
28
31
12
14
5
3
24
14
4
24
1
10
24
21
11
24
11
33
26
19
10
5
4
5
11
5
18
11
8
26
24
29
3
24
1
24
