20
26
7
14
9
27
17
26
34
0
30
2
9
21
20
21
15
17
36
26
21
22
36
28
3
35
30
1
13
9
8
17
17
34
28
19
2
8
36
28
24
31
28
1
21
11
0
15
28
25
35
12
3
35
15
30
18
16
35
29
4
34
23
22
8
4
2
11
29
10
13
10
6
7
10
1
32
12
7
32
6
7
32
15
16
2
3
19
23
15
30
6
34
7
25
21
26
26
2
6
5
3
16
25
3
28
2
25
3
3
11
34
30
16
1
28
5
25
36
3
33
3
4
9
19
19
14
35
16
20
29
3
15
4
20
35
6
11
21
14
9
4
24
18
6
24
14
3
11
25
7
17
32
21
16
36
0
20
25
32
4
19
1
30
1
24
18
21
13
15
4
4
20
25
7
31
18
2
25
24
25
5
26
19
6
13
10
36
19
29
1
3
24
14
23
28
34
19
29
