26
29
14
26
16
19
24
30
23
2
31
15
13
17
27
16
11
8
28
15
3
34
16
24
33
0
34
4
32
10
19
18
32
32
17
15
4
19
27
17
29
29
2
23
4
3
3
16
33
24
0
2
23
0
12
17
1
20
10
5
10
32
35
2
1
29
31
24
23
1
12
3
1
25
22
10
6
0
9
9
12
36
9
5
19
35
19
28
26
4
25
16
27
6
12
2
2
8
34
21
21
32
36
6
25
35
28
25
28
34
33
35
16
7
6
7
17
21
36
13
30
23
35
23
8
16
11
19
26
36
17
31
27
17
12
11
5
28
22
20
23
7
13
22
34
11
36
20
25
10
16
22
26
35
14
12
1
3
1
4
32
15
32
33
4
13
27
11
25
29
6
20
4
30
1
34
0
1
24
8
0
34
30
21
31
22
14
5
4
19
26
17
0
16
22
0
11
