28
36
3
27
26
27
34
34
31
3
2
5
33
36
19
29
20
10
7
14
30
12
2
7
14
2
17
8
15
8
29
5
8
24
17
19
33
1
13
19
22
10
6
7
25
16
4
9
29
26
24
24
35
31
30
28
35
10
18
12
12
36
22
16
15
30
34
9
8
18
34
3
17
25
6
8
6
36
15
28
29
29
14
19
3
29
13
7
31
8
28
34
15
23
35
16
9
17
14
15
4
6
35
30
35
13
20
14
18
1
26
27
31
25
21
17
5
34
0
12
4
34
7
15
31
28
8
20
13
17
20
33
24
0
5
16
3
25
35
29
7
12
34
16
24
32
27
33
29
31
8
11
24
29
8
4
33
2
33
22
34
16
33
0
3
14
5
0
34
27
20
16
10
29
16
20
24
33
34
35
28
31
34
0
3
19
5
32
7
32
11
11
28
36
22
15
