6
16
22
11
23
4
2
12
16
9
17
13
29
10
27
12
12
7
4
19
21
18
19
16
6
16
12
18
21
31
21
1
29
34
23
4
24
11
10
25
31
17
30
25
34
22
4
11
5
1
9
34
2
31
32
10
22
33
29
24
14
19
0
30
9
2
1
36
19
19
29
12
5
1
22
21
23
14
19
9
20
14
12
35
3
30
5
33
0
17
22
8
26
30
17
31
30
16
30
5
35
32
31
28
10
16
11
34
13
26
13
0
29
15
29
16
30
17
14
33
35
34
18
26
5
5
26
26
17
9
33
3
17
15
9
0
13
17
18
22
4
33
36
24
8
23
35
15
0
26
2
32
14
23
9
9
2
25
10
23
11
18
22
25
29
8
2
17
17
31
23
17
24
32
27
0
27
28
3
19
19
2
1
31
32
10
27
12
24
21
36
14
29
15
20
33
