16
23
19
33
6
4
19
30
28
6
30
31
25
3
12
13
8
17
29
33
23
30
19
13
25
12
11
17
30
13
17
21
7
8
24
36
17
4
20
26
18
2
16
3
20
22
15
13
17
19
8
28
24
6
5
26
8
36
13
14
2
31
29
34
34
35
8
15
17
20
21
13
12
8
11
28
2
24
21
30
27
18
29
2
33
9
18
2
29
25
31
23
18
33
20
28
20
14
24
34
28
0
13
20
31
8
20
3
5
17
13
2
2
30
35
9
12
4
0
5
26
3
7
34
11
21
9
6
21
19
34
27
19
4
4
33
33
6
36
7
28
29
23
18
3
20
22
4
31
15
5
12
32
21
36
20
19
9
12
11
6
19
28
14
28
29
35
7
20
28
6
5
29
3
1
16
14
19
23
27
18
16
0
4
19
4
3
7
2
29
19
17
3
34
15
21
29
8
4
32
23
11
