37
16
14
22
34
0
15
26
10
30
4
18
21
10
20
22
5
30
6
23
11
33
2
9
4
11
1
22
13
33
35
14
23
7
22
11
27
19
18
26
20
34
33
18
6
22
1
1
26
24
16
10
24
32
10
11
20
31
35
1
15
24
23
4
5
27
2
28
32
2
31
24
34
20
5
31
34
28
24
19
22
14
6
9
17
33
28
4
36
20
11
6
17
17
15
14
5
31
35
15
25
21
28
10
24
12
27
10
14
32
30
28
22
15
9
18
36
0
27
28
22
16
8
0
4
15
2
21
34
1
23
34
22
11
4
16
25
11
17
16
23
16
3
24
21
1
13
10
14
30
20
21
2
34
26
18
3
10
4
25
36
10
7
11
18
25
12
25
32
20
20
19
22
30
27
27
11
6
36
36
15
12
26
27
17
23
33
9
34
19
35
23
2
4
0
16
17
