37
33
28
8
21
10
10
26
32
33
3
5
21
33
12
29
24
30
29
28
25
3
11
11
29
33
4
24
29
7
5
35
33
30
3
28
26
34
2
21
18
7
19
9
4
6
24
34
25
15
23
13
33
15
3
17
20
7
30
26
13
28
9
3
20
30
14
7
6
18
4
24
7
14
4
5
10
8
11
3
26
36
24
32
17
5
7
30
25
27
34
32
36
3
7
33
15
16
5
8
25
21
21
24
24
24
30
8
8
19
23
2
11
13
2
2
33
12
0
22
34
22
12
35
8
31
19
27
2
24
31
1
9
35
29
22
31
9
23
32
23
36
24
24
27
26
33
29
13
28
27
14
26
29
26
32
1
11
8
6
14
16
16
2
26
1
21
34
24
18
9
25
15
11
20
9
12
15
7
33
30
21
20
15
14
16
17
5
12
4
18
28
7
23
23
35
27
5
