10
21
1
21
1
19
21
5
6
8
34
18
6
21
22
3
25
4
3
21
21
0
2
27
20
5
24
17
23
25
19
33
26
30
34
28
31
10
16
24
36
21
23
29
20
27
5
27
25
3
26
32
7
11
34
2
35
29
16
27
6
25
32
25
28
33
18
9
6
27
16
28
22
36
21
24
13
25
17
16
28
10
9
18
9
33
25
23
10
32
35
15
2
12
16
25
33
19
0
5
6
18
5
22
0
35
7
22
2
4
27
19
27
34
21
26
9
33
7
10
34
13
27
24
33
28
27
8
10
13
14
13
27
22
12
26
10
13
30
20
36
27
18
4
20
18
28
17
23
4
32
18
6
23
26
11
22
14
16
1
32
0
1
20
29
27
10
14
17
33
34
2
15
4
6
12
16
9
10
18
33
29
33
28
20
31
16
1
35
2
11
20
25
15
10
32
33
7
