37
36
17
34
36
9
24
31
22
29
30
4
14
34
2
26
35
10
1
27
7
0
0
4
8
18
17
20
15
10
9
33
18
31
3
33
2
34
25
10
15
36
6
32
11
14
19
8
27
19
1
34
18
16
15
16
0
4
15
14
7
19
30
6
8
24
14
23
18
27
18
12
3
15
17
26
8
18
36
34
10
5
10
30
34
20
36
35
20
2
3
8
27
33
7
31
27
29
10
22
16
12
14
1
7
35
4
21
1
34
0
27
12
32
5
32
31
36
24
9
13
12
13
14
9
30
22
4
13
21
34
18
33
32
36
32
7
34
19
15
13
29
29
27
32
12
13
35
22
34
12
3
13
9
5
9
24
33
36
1
28
2
8
9
20
34
11
27
9
19
35
6
35
31
16
29
31
27
30
4
19
32
18
36
26
0
11
36
12
20
3
26
11
20
20
32
36
29
0
