20
16
18
11
36
0
28
26
19
7
14
25
35
32
9
19
15
28
28
24
30
28
1
5
5
5
27
15
14
20
0
23
20
29
10
33
11
13
5
11
21
5
22
7
11
10
8
23
15
11
26
4
23
27
17
7
18
32
20
15
1
16
34
9
10
3
11
0
12
6
22
35
17
10
22
29
16
26
27
7
29
16
25
11
6
13
31
6
32
22
7
36
20
15
4
33
4
28
33
4
4
1
25
13
17
1
33
35
14
28
21
25
5
35
14
0
7
2
3
19
28
9
21
30
22
27
10
35
15
1
3
6
35
31
22
35
24
5
30
32
20
36
3
29
15
11
2
0
20
5
35
10
7
13
20
26
27
1
26
8
3
24
5
15
30
22
8
3
21
16
4
20
17
15
19
14
11
10
5
30
23
19
1
25
17
28
16
6
5
17
35
35
5
8
19
15
22
5
