8
20
7
8
24
2
26
23
26
30
24
17
20
13
32
32
23
30
2
4
22
2
11
29
9
31
20
17
9
17
31
15
30
3
27
23
0
29
1
23
34
18
31
33
11
30
11
6
4
36
36
13
24
8
11
19
16
8
31
4
1
3
11
9
26
23
33
9
18
28
9
26
4
36
26
32
15
21
27
5
27
5
30
16
27
29
10
28
23
6
36
28
33
8
36
2
21
13
29
13
21
27
7
20
29
27
24
16
13
1
23
9
29
3
10
14
26
28
0
36
18
28
35
5
32
19
30
6
8
10
11
6
3
36
7
2
3
27
27
28
25
34
16
5
36
20
22
13
13
0
0
24
26
1
26
5
36
7
30
8
18
34
33
2
22
27
32
12
30
16
22
15
20
28
36
28
34
3
8
23
32
7
34
26
9
33
12
30
32
4
13
30
14
31
8
19
21
14
