33
4
16
19
14
7
13
5
18
4
28
14
25
17
0
21
23
4
17
26
16
1
23
18
17
8
31
33
23
31
32
15
22
24
8
30
0
26
26
25
19
12
29
15
32
36
9
9
12
5
23
24
10
3
10
33
6
9
9
4
29
19
26
6
36
28
32
27
1
17
7
15
19
17
30
25
0
25
1
9
33
27
20
24
27
26
28
35
5
0
31
19
14
14
15
23
26
24
20
34
1
20
6
22
29
23
25
36
35
28
12
34
6
6
35
17
2
13
20
7
2
16
2
10
9
27
25
13
25
27
0
26
28
25
10
23
13
31
13
0
32
30
0
30
9
13
27
33
20
18
31
34
20
6
11
32
34
10
2
35
19
28
32
12
15
26
31
27
17
25
15
30
31
13
17
28
29
10
8
25
13
30
13
15
32
33
32
20
31
4
1
17
3
36
0
34
1
