25
25
21
1
6
24
19
17
1
21
30
34
10
12
30
1
13
2
16
28
18
31
35
32
15
32
7
34
20
35
9
34
32
13
26
27
14
20
2
13
14
36
16
26
36
27
1
16
6
15
4
26
27
11
4
36
36
31
16
8
24
24
32
9
23
6
12
18
29
22
15
19
1
1
30
21
7
31
32
20
15
16
18
11
13
8
25
6
2
29
5
2
13
34
2
34
11
19
34
27
23
6
15
12
32
35
17
30
26
25
36
2
12
10
15
11
36
11
9
2
33
36
6
33
24
22
13
26
3
15
14
17
22
19
17
16
6
19
12
16
1
31
5
27
10
36
8
1
29
31
6
19
1
29
15
1
4
1
7
13
30
13
14
22
27
29
23
16
31
26
4
15
16
23
15
2
18
26
8
9
0
15
35
12
25
35
2
12
10
18
30
2
3
10
33
11
