13
11
28
8
6
13
35
31
13
2
3
35
17
2
16
14
19
5
6
8
12
21
5
7
13
6
2
36
35
3
8
13
22
9
6
5
31
35
27
25
17
32
36
4
31
7
19
2
34
12
3
4
17
35
4
19
13
26
13
13
36
33
8
35
21
10
32
22
19
30
27
25
26
32
6
5
25
9
25
18
7
4
3
16
18
9
24
34
16
12
32
15
2
21
3
2
34
24
32
8
7
9
23
14
23
28
12
16
13
19
2
36
1
36
25
6
2
18
35
33
0
28
23
8
14
31
15
5
7
3
25
9
6
1
7
26
12
4
1
36
2
31
30
34
20
24
25
8
32
25
15
21
3
15
18
10
16
31
7
7
26
24
7
19
18
8
2
23
10
19
10
29
21
22
11
33
17
29
29
26
12
30
28
5
5
13
11
9
18
34
11
25
10
21
4
16
3
11
