13
29
11
10
10
0
26
33
5
35
20
2
12
34
4
32
10
32
4
11
20
20
4
30
13
24
3
34
27
13
19
5
23
3
17
24
34
27
5
0
30
11
6
15
27
32
32
26
16
14
20
31
10
1
15
15
4
21
33
32
2
25
26
29
29
5
10
9
10
5
31
35
12
31
30
32
22
13
10
24
18
36
19
31
36
28
33
16
35
4
4
31
16
18
2
9
25
3
22
30
2
9
27
8
18
13
29
34
0
20
6
33
28
29
26
18
8
18
20
6
35
15
27
12
13
5
16
15
10
7
16
29
21
1
20
27
29
18
25
26
25
15
0
25
29
35
20
5
19
8
12
33
11
35
34
27
14
1
24
36
32
14
19
19
10
32
30
30
25
18
15
9
8
7
32
6
18
8
31
19
27
1
2
4
27
22
16
3
19
34
28
23
14
14
21
19
0
26
15
