12
29
35
32
10
31
35
14
10
4
25
21
32
31
17
25
25
36
0
25
33
22
20
5
12
9
34
15
34
11
8
30
25
23
31
28
28
12
4
14
1
19
15
5
28
11
1
3
1
7
35
33
6
14
15
2
7
2
9
19
32
7
16
16
30
15
35
24
24
33
26
30
7
26
25
19
4
12
27
6
5
1
22
15
28
17
17
7
16
3
30
15
31
3
7
4
3
13
7
4
25
9
35
12
1
2
35
29
16
30
16
12
33
9
6
2
24
5
0
23
6
13
29
7
18
28
16
6
20
0
17
29
36
8
27
31
10
22
3
20
17
34
17
23
0
18
20
18
5
26
35
4
32
24
34
11
8
24
14
3
22
6
6
19
9
32
5
17
11
12
9
2
6
19
28
29
22
11
3
19
3
22
22
9
1
8
0
20
17
35
4
10
27
7
16
5
26
26
31
2
