31
14
15
24
5
22
7
5
32
31
6
15
3
17
23
3
12
27
4
10
35
30
24
22
30
19
31
7
25
35
13
22
14
11
28
9
4
8
26
0
33
31
31
28
36
32
0
22
18
26
1
16
24
36
17
9
24
32
25
28
15
3
2
20
15
14
16
2
23
21
18
9
11
29
13
8
25
13
34
22
34
8
24
8
7
17
26
4
7
17
22
15
5
28
32
14
11
20
35
13
24
32
32
32
7
2
10
16
33
24
6
32
13
16
36
30
20
17
13
34
10
0
14
20
10
19
8
6
33
27
4
34
2
31
37
33
4
18
25
18
2
1
3
28
31
1
27
35
23
27
5
18
11
12
1
21
15
36
19
31
21
30
22
22
30
25
20
13
1
9
5
10
36
2
20
15
5
36
26
17
12
12
36
21
34
18
3
29
33
15
0
34
34
5
18
32
3
