13
20
25
29
18
26
29
0
11
4
6
13
19
22
0
8
6
25
0
29
26
36
9
10
6
13
10
5
27
17
11
22
21
35
17
37
4
32
32
19
29
31
9
29
12
19
35
12
6
8
29
29
26
27
18
3
27
12
28
16
17
10
5
26
3
2
13
8
3
3
27
7
2
12
0
31
29
5
22
0
36
23
18
2
18
5
17
29
9
4
27
31
22
13
31
13
8
24
23
29
7
5
8
8
34
32
23
32
0
27
5
32
2
15
28
30
15
3
19
6
13
24
36
29
29
8
15
25
0
19
36
10
11
20
12
0
27
1
20
32
11
25
33
28
6
18
2
24
8
26
4
21
21
29
8
11
5
33
2
26
27
21
33
6
18
33
28
34
19
22
0
24
0
0
27
17
20
11
21
20
28
10
26
8
6
3
34
28
35
19
27
8
12
0
4
15
34
5
