5
12
10
32
24
3
18
14
12
4
16
18
1
22
35
7
9
22
15
16
27
36
28
17
27
9
11
15
15
34
17
29
27
15
23
33
22
26
8
19
35
17
35
1
36
13
16
24
0
28
21
26
1
33
19
6
16
21
6
17
31
17
12
33
22
27
21
27
14
29
36
15
15
10
34
15
17
2
12
12
14
9
5
34
8
19
9
14
33
33
4
28
8
9
20
21
0
3
21
18
26
33
24
18
27
25
24
14
17
4
9
31
9
27
22
20
16
35
14
21
20
32
25
36
15
1
19
6
12
22
5
4
26
20
3
22
9
8
29
35
32
17
25
21
13
23
3
20
13
12
12
33
2
17
27
2
14
33
36
9
24
5
24
28
2
31
10
26
31
17
33
12
25
4
33
14
14
17
1
28
10
36
8
33
14
36
2
25
4
15
12
16
6
3
0
5
30
36
