8
11
9
31
16
19
32
16
28
25
33
12
17
24
2
10
22
2
31
25
2
9
2
1
29
26
2
16
2
12
15
36
20
8
6
7
10
20
6
9
33
9
32
34
19
11
28
0
1
34
30
31
22
17
34
5
7
5
18
29
13
6
22
3
27
27
19
22
10
17
14
6
15
17
14
30
27
31
12
23
35
36
4
35
2
3
26
3
33
34
36
10
27
17
19
28
18
26
18
1
11
24
34
31
3
20
14
23
15
1
0
32
35
35
14
20
19
31
7
4
4
19
0
18
1
30
12
10
8
1
20
5
23
13
23
18
11
1
32
16
15
23
7
30
19
17
16
27
10
23
15
11
12
15
13
23
34
2
5
34
10
8
17
11
11
11
21
34
10
30
24
15
31
33
17
26
10
14
34
2
31
7
8
22
15
30
14
14
35
23
3
14
0
27
11
0
20
