33
10
23
32
32
5
34
36
28
32
33
28
14
22
0
21
8
22
29
17
20
28
32
24
15
34
32
8
15
7
19
26
16
35
26
25
20
7
11
23
2
26
25
26
25
6
36
32
31
36
27
10
9
25
3
24
28
29
36
9
23
22
31
24
35
4
32
12
26
17
15
23
18
18
7
17
13
9
31
30
4
24
30
27
10
9
7
12
29
1
28
2
13
36
34
18
29
20
28
22
26
26
34
28
13
36
23
29
0
17
7
8
28
6
32
19
4
11
5
21
32
6
22
10
24
21
18
18
25
22
21
30
34
22
8
26
31
19
7
8
11
27
30
29
14
17
15
31
29
12
1
9
7
4
7
15
10
17
14
36
29
5
4
15
2
2
10
14
26
11
11
25
16
5
30
35
31
8
10
35
9
30
29
29
9
26
25
27
17
36
36
10
15
36
14
25
32
24
11
31
