5
36
12
11
8
32
23
3
8
14
13
23
34
24
23
19
14
1
1
1
16
28
28
31
8
7
19
19
30
12
3
9
6
4
31
14
21
12
3
32
22
13
23
27
21
31
15
29
3
1
2
31
11
22
10
4
25
3
23
36
5
25
15
32
36
3
31
30
28
19
30
0
3
15
31
34
0
18
19
4
5
17
23
35
9
28
3
8
2
32
14
19
31
8
24
17
3
12
2
1
21
3
12
13
15
13
19
0
9
10
22
14
9
15
32
16
5
33
20
30
36
30
27
30
30
29
6
19
32
7
29
13
33
23
30
6
35
5
10
36
19
34
25
23
25
0
0
2
29
11
23
15
32
30
31
16
34
8
8
18
24
4
31
36
36
2
12
9
2
25
17
31
17
21
0
2
10
7
10
15
7
16
19
33
13
25
7
14
23
32
36
30
4
20
11
14
27
