31
28
15
12
28
10
25
15
28
29
30
29
27
14
6
19
22
30
8
8
29
5
28
24
12
36
22
1
10
3
18
29
21
24
2
13
33
10
17
6
26
22
7
20
34
1
19
27
11
20
21
25
12
19
20
11
31
19
4
3
5
31
20
12
8
34
10
1
21
14
0
33
1
2
8
5
16
20
11
13
17
20
4
20
13
11
1
27
12
25
34
28
11
26
36
21
15
5
15
18
35
24
8
23
26
36
0
36
17
11
36
27
20
15
29
15
33
24
4
35
4
33
32
16
14
23
29
32
35
9
7
17
26
17
4
18
34
31
11
27
29
30
11
34
11
16
28
18
36
4
23
5
6
15
24
20
8
5
1
20
27
33
1
29
17
13
32
32
25
15
28
36
10
19
1
9
29
3
36
25
3
6
23
14
23
14
31
18
12
33
24
5
10
22
0
5
9
1
4
