28
6
25
13
24
19
13
15
9
30
12
23
29
28
5
0
6
13
11
26
12
3
32
13
8
13
23
13
10
19
12
33
8
19
30
19
13
20
15
23
8
25
17
5
32
5
30
16
33
7
0
0
31
9
5
0
32
6
13
29
6
15
35
24
27
3
34
30
23
29
14
22
14
14
24
16
10
22
11
5
32
17
15
16
5
20
20
1
9
20
24
22
27
6
10
6
1
20
16
28
19
8
9
12
0
25
34
1
3
0
19
8
24
34
17
28
5
16
10
9
21
5
7
32
30
35
7
31
3
26
0
27
30
31
28
26
29
23
18
15
12
21
32
4
24
23
26
17
34
13
27
20
23
25
7
4
17
3
25
0
3
11
30
27
31
27
30
7
35
9
11
24
12
26
11
15
9
9
1
28
23
17
14
26
0
2
35
0
16
30
10
26
13
1
15
32
32
11
