24
12
36
27
6
6
14
24
3
34
7
25
24
6
7
1
30
22
4
11
12
30
23
24
24
24
15
31
19
2
14
29
36
23
6
21
18
14
32
16
34
19
1
0
28
6
17
26
18
14
15
15
31
13
14
11
17
36
22
8
7
10
17
19
12
18
20
22
0
26
36
21
29
26
22
12
11
4
21
27
28
5
9
27
34
15
12
0
10
22
0
2
14
20
0
0
23
7
33
3
34
22
24
7
14
4
35
35
31
20
23
14
23
31
15
15
32
18
6
4
32
32
25
2
29
7
33
35
7
15
6
29
20
15
26
18
0
1
23
26
10
21
34
6
6
7
25
2
14
25
17
16
36
5
8
23
9
35
21
10
18
16
6
20
25
30
13
26
35
13
13
25
12
18
22
27
1
27
5
22
14
36
29
20
10
4
23
15
24
11
7
20
29
20
27
19
