36
13
30
30
26
35
30
17
30
12
4
33
21
29
26
32
16
21
22
19
4
30
7
12
3
25
31
34
29
27
21
6
31
8
25
16
3
8
25
35
20
16
16
1
27
14
2
33
5
26
6
25
16
21
21
31
18
24
17
13
14
3
17
17
26
11
20
17
15
4
12
34
32
8
3
18
16
4
23
28
2
15
7
31
35
36
11
22
9
20
7
3
2
20
3
28
21
4
23
1
21
19
19
22
35
30
34
6
0
34
8
23
11
13
32
36
10
31
20
20
0
12
28
28
19
8
14
35
29
13
14
21
23
29
17
16
2
25
32
27
7
13
19
10
0
11
30
25
18
21
27
31
11
2
36
29
8
12
22
5
3
22
21
15
19
33
34
13
12
18
35
19
7
27
1
21
10
26
19
20
19
27
20
29
29
13
13
4
6
6
30
32
29
31
4
15
24
20
6
11
4
3
