15
1
0
19
0
2
31
7
6
36
32
12
4
19
35
5
3
32
20
0
21
3
2
27
3
25
29
5
5
3
11
25
0
20
0
15
19
15
35
20
18
23
17
28
17
18
18
12
12
32
3
4
4
3
25
14
33
16
18
10
16
36
30
10
14
13
31
11
19
32
36
12
3
4
27
25
22
9
30
24
26
0
21
19
13
6
35
29
18
26
17
11
18
3
2
36
13
30
25
0
8
16
24
34
34
5
11
34
20
15
29
9
4
22
4
28
22
22
27
34
12
21
7
5
9
16
12
20
35
24
0
21
19
1
33
15
27
29
14
31
11
20
4
28
11
29
23
25
1
20
13
25
28
7
3
33
7
32
36
35
10
21
8
8
14
27
32
29
9
22
25
33
24
15
3
33
13
26
10
31
13
7
3
25
18
35
27
7
30
6
24
29
25
1
3
35
31
27
19
