36
20
22
35
0
28
35
23
35
28
32
13
6
14
17
10
4
12
33
3
5
3
15
25
15
21
9
15
29
14
36
22
24
1
28
2
17
0
23
31
13
18
32
28
14
9
14
36
5
19
0
23
17
26
14
27
5
14
10
27
23
12
34
16
29
26
2
13
20
3
14
32
22
13
7
19
35
15
31
18
31
15
33
15
8
22
20
29
5
8
25
23
32
31
19
28
22
35
33
27
2
11
24
10
6
19
9
11
34
31
23
34
8
16
14
27
18
8
15
14
22
36
12
7
27
21
29
13
36
6
5
9
15
27
21
23
20
4
6
26
30
7
34
29
4
12
5
31
8
28
33
5
13
30
7
7
33
17
7
35
13
2
8
18
1
19
31
35
20
17
23
10
14
3
25
33
34
1
8
12
10
32
26
6
3
23
26
11
5
20
23
27
5
30
5
7
25
30
4
15
