35
9
17
32
13
17
35
23
23
10
25
27
22
29
0
25
34
21
28
13
16
36
18
9
6
31
20
25
32
14
6
29
2
29
13
20
12
20
10
5
27
24
31
35
10
12
17
26
11
17
25
33
32
13
30
0
27
16
1
32
24
22
8
15
24
31
22
5
23
17
16
11
8
11
11
20
18
21
32
16
1
13
8
29
1
26
28
23
3
4
24
6
13
31
1
4
23
22
20
4
25
22
21
0
27
36
36
13
20
24
10
31
33
18
8
20
35
2
28
17
3
17
8
20
0
27
21
27
4
21
33
7
3
17
35
18
35
2
9
2
4
0
35
20
18
28
31
28
17
20
32
30
32
23
17
31
35
23
16
7
24
27
7
8
33
34
9
28
17
24
20
27
27
27
27
12
8
35
3
11
18
19
4
19
32
11
16
11
22
20
8
29
14
3
21
30
10
34
0
26
6
