35
23
20
4
0
19
35
33
25
31
30
30
28
19
15
17
30
32
7
5
35
6
13
30
30
5
2
13
24
25
4
11
22
31
5
23
2
0
26
29
26
20
5
0
5
32
2
33
14
1
36
24
0
26
9
16
22
18
8
2
17
6
27
10
31
27
13
5
0
0
32
31
11
5
11
25
25
25
20
18
22
19
3
25
2
3
27
34
36
16
8
16
15
7
32
21
29
7
15
8
7
33
29
16
34
30
34
14
4
2
5
35
15
14
13
19
20
23
29
22
36
29
35
26
3
30
0
4
20
2
10
20
8
21
21
31
23
6
12
28
29
36
3
8
13
16
21
30
4
34
18
2
20
23
13
35
23
27
10
26
9
33
3
8
13
29
6
10
19
0
32
36
12
9
12
28
8
23
8
17
21
13
36
35
36
20
27
35
12
1
23
15
16
8
13
15
9
1
34
17
