26
16
31
26
0
28
22
8
1
24
17
21
27
23
32
4
1
5
34
24
34
19
1
36
16
34
16
1
10
31
31
30
24
17
32
5
30
10
5
13
7
30
18
15
35
12
18
34
9
0
17
10
24
33
32
12
32
25
6
3
30
20
18
26
1
36
34
29
3
25
35
9
4
25
8
5
17
32
8
19
27
34
18
14
16
33
22
1
15
6
2
13
31
1
2
15
27
34
34
11
13
26
35
21
26
11
4
4
19
20
36
27
11
23
22
24
7
11
29
10
19
4
3
26
14
29
2
25
26
13
25
19
1
10
22
24
17
6
13
2
8
15
1
7
14
5
7
29
16
8
4
28
22
8
1
7
2
15
24
20
34
25
15
20
0
32
30
1
29
11
35
16
34
18
14
3
9
24
6
19
6
1
12
4
1
13
29
22
5
9
26
10
36
13
31
5
27
