12
8
10
3
35
31
17
35
27
30
35
4
13
18
29
30
23
32
31
21
10
24
35
21
19
12
18
34
15
10
33
4
23
0
30
14
26
30
18
1
16
20
25
26
31
35
32
15
14
12
28
14
31
32
10
10
18
29
32
27
11
20
4
19
36
27
21
9
3
13
7
12
23
31
35
14
8
18
2
5
16
20
13
4
13
17
31
32
31
26
1
17
6
4
35
4
15
33
32
25
27
23
2
18
20
19
35
20
11
17
36
15
22
36
18
22
3
4
4
24
16
24
30
9
18
35
26
25
17
16
26
3
1
15
29
18
36
34
32
16
4
10
2
13
7
19
32
21
29
25
1
15
26
6
3
33
5
15
20
18
23
9
4
19
0
0
5
6
13
15
35
31
9
10
12
16
17
10
1
7
28
23
17
28
19
12
18
34
16
33
30
28
3
23
12
16
29
28
28
11
