10
14
36
26
3
12
13
15
22
36
28
36
17
29
26
6
36
14
25
15
28
10
14
27
35
0
21
32
20
0
7
9
18
23
0
28
27
35
30
24
14
14
7
0
30
29
31
13
30
6
5
24
4
7
14
8
22
16
21
20
9
19
25
13
33
9
25
20
28
6
9
33
27
11
14
32
26
35
23
9
5
26
8
5
14
1
2
7
10
33
24
7
29
30
25
36
32
3
29
6
12
30
16
13
21
17
18
14
1
17
10
26
31
9
7
6
0
36
36
35
9
7
21
9
15
26
17
31
25
9
9
4
11
24
10
20
16
1
2
14
4
15
11
21
23
32
5
33
25
8
23
0
23
7
9
20
10
21
11
35
10
34
18
24
18
14
22
21
32
18
14
1
17
2
30
10
0
31
19
6
24
3
22
14
6
19
21
10
31
15
5
33
22
25
27
2
21
15
29
1
7
