8
16
24
23
22
26
18
21
2
8
15
32
36
18
28
33
19
6
18
3
34
20
23
30
5
11
32
18
16
16
36
18
21
25
10
11
15
17
7
18
29
5
2
4
15
0
26
12
23
2
6
10
12
5
10
22
25
1
24
28
12
16
23
22
19
26
14
30
5
10
6
19
30
25
32
7
35
28
22
2
11
17
13
20
2
28
2
21
26
14
34
29
8
36
30
14
5
32
5
19
10
6
28
25
0
27
34
5
18
34
11
35
30
23
4
31
19
30
35
2
27
2
36
10
20
6
16
31
30
12
16
25
14
26
7
10
0
10
1
25
14
15
20
19
16
4
0
26
2
14
27
23
2
5
24
36
7
19
32
4
22
36
27
31
2
29
8
33
26
19
3
36
30
10
28
30
17
28
4
21
28
16
17
26
36
3
29
29
6
14
17
0
23
16
6
1
27
1
16
