19
1
15
5
31
36
11
35
10
27
24
29
11
22
5
25
3
19
32
36
8
25
20
35
16
36
19
6
31
16
29
24
10
20
6
9
2
30
14
18
0
33
26
21
29
22
11
33
12
19
34
26
0
33
9
14
5
20
26
30
3
3
4
2
32
18
8
36
17
22
17
1
25
8
29
22
15
6
24
12
13
23
11
7
27
6
23
25
16
23
21
25
21
6
19
17
34
18
22
27
33
36
22
1
34
29
23
27
11
10
20
26
1
35
9
36
5
36
23
3
31
18
36
20
6
36
2
29
18
26
26
34
32
21
30
9
34
24
35
9
27
16
30
25
11
12
3
3
12
15
16
15
32
18
0
12
2
23
18
4
20
29
3
32
10
3
30
29
6
16
14
3
13
33
1
27
7
31
30
34
31
13
31
34
4
25
29
33
27
16
22
21
32
2
18
20
27
