19
7
24
2
32
9
5
26
29
11
27
20
6
30
33
25
20
9
10
17
30
12
29
6
25
5
23
6
11
23
2
26
34
26
24
7
8
10
30
30
20
13
8
4
7
2
10
3
4
7
21
34
33
32
5
29
22
31
32
31
34
27
27
14
26
30
5
18
19
1
16
36
8
22
23
24
15
3
20
20
24
12
12
3
36
0
12
2
9
27
29
34
34
18
34
36
24
30
29
1
36
11
25
14
29
25
36
36
18
1
8
22
17
28
20
13
27
3
29
17
17
31
11
22
32
7
24
9
19
31
27
24
33
33
13
1
11
23
14
21
7
8
26
3
28
26
33
8
33
3
4
6
14
14
28
1
2
8
10
31
4
4
14
34
36
0
19
7
24
26
15
21
21
32
6
22
6
17
13
35
14
15
22
34
27
0
35
9
25
30
10
24
26
31
5
28
12
2
19
