35
35
11
15
13
35
6
26
3
7
10
11
27
34
14
19
35
27
16
31
26
6
3
0
3
36
12
8
1
24
31
16
23
0
33
19
22
4
16
1
25
27
36
7
16
15
6
5
32
3
1
35
22
34
19
9
10
23
28
28
33
6
36
23
20
12
26
9
23
22
29
19
0
3
35
35
14
21
3
21
18
26
25
33
12
17
7
18
13
0
8
14
31
3
21
31
7
1
32
11
18
21
5
10
21
8
21
12
9
2
20
31
1
14
28
30
4
28
31
33
21
18
13
28
15
18
10
14
9
22
15
5
4
21
22
31
7
12
34
12
20
16
7
28
9
10
25
9
8
18
35
17
33
0
12
35
25
31
33
12
25
36
36
12
1
1
9
4
12
7
19
26
25
30
17
16
10
34
26
11
20
6
27
17
23
0
10
13
3
30
8
2
12
17
6
23
31
31
21
