4
32
6
10
30
17
29
29
18
26
25
1
15
18
35
7
19
11
6
21
6
28
26
32
12
21
30
0
23
4
6
3
31
12
33
26
13
22
5
36
22
34
0
25
13
8
20
7
14
27
27
27
13
36
25
29
34
33
12
5
34
20
33
0
18
13
22
35
24
27
32
3
17
9
33
2
15
34
12
32
10
11
31
6
32
26
34
5
13
9
0
0
8
33
1
34
4
1
20
7
33
12
36
28
36
10
33
25
1
7
34
22
14
21
7
11
8
27
9
12
20
36
24
7
32
20
34
4
13
22
30
9
25
32
17
27
23
26
33
5
1
23
19
4
10
13
34
13
28
29
2
12
31
22
27
17
5
5
29
17
21
30
15
18
1
3
35
29
29
28
11
33
16
27
34
21
32
36
9
34
14
33
17
26
2
5
8
12
13
35
18
15
35
16
35
2
9
11
12
2
