14
31
13
24
0
27
24
14
15
33
16
5
1
30
26
26
23
14
10
14
12
27
25
35
36
31
8
7
12
25
34
10
24
22
1
20
36
9
11
29
14
26
7
8
8
6
18
7
32
33
14
5
23
11
25
10
19
28
31
10
6
9
9
24
11
32
5
13
1
18
0
2
1
31
5
5
21
32
31
17
29
16
10
1
4
15
11
32
35
36
22
31
19
19
35
20
9
2
22
29
31
22
29
12
1
22
28
4
13
13
26
3
22
31
7
17
4
25
12
9
29
33
0
20
12
13
25
5
20
18
23
16
24
18
30
29
35
28
34
25
20
4
16
26
13
30
16
20
33
5
36
20
17
27
1
36
17
25
14
34
10
32
32
33
30
17
36
0
28
21
28
5
23
1
8
18
15
16
27
31
14
19
32
10
23
24
31
10
16
23
22
35
27
30
16
4
11
20
4
