8
19
13
34
19
34
11
11
0
10
27
4
23
16
12
26
19
13
23
29
6
11
30
4
0
8
33
23
6
25
14
0
4
0
31
18
25
17
5
29
5
33
28
14
24
13
24
32
21
22
12
14
24
34
22
34
8
14
22
19
10
11
10
4
19
21
1
11
14
34
35
3
8
3
3
22
13
19
11
20
1
22
13
4
35
28
27
20
36
34
7
33
30
11
0
24
30
4
23
15
2
2
14
18
36
3
10
14
9
25
32
30
28
2
16
22
26
27
29
24
7
1
30
21
21
20
16
4
18
9
23
21
27
19
9
18
18
28
36
3
27
2
14
23
30
21
4
3
36
4
7
9
36
34
35
3
13
30
4
21
34
1
34
3
7
16
13
12
11
8
14
12
7
30
18
28
29
3
31
32
27
16
12
27
32
18
9
25
32
13
2
20
18
20
27
5
14
33
33
