9
9
30
31
4
13
25
12
11
25
29
13
3
22
3
22
20
1
25
33
1
8
8
24
23
35
15
9
22
0
19
5
12
15
1
14
21
0
7
23
4
16
26
33
27
17
17
29
19
8
0
29
8
27
12
28
21
29
16
8
34
7
14
25
30
35
9
22
2
21
18
21
33
12
26
25
18
23
16
22
34
9
11
6
19
27
28
27
35
36
31
24
28
1
15
34
20
19
36
32
19
11
14
30
7
17
29
15
15
26
32
30
19
15
16
27
16
5
14
4
2
11
30
31
31
7
1
15
18
14
8
17
5
6
27
24
34
17
13
16
6
9
6
9
35
30
7
34
12
22
14
21
13
36
34
33
4
32
22
29
3
11
7
11
24
19
2
36
10
22
5
19
1
28
24
28
26
0
16
23
36
22
27
11
25
5
14
6
2
24
29
18
26
21
18
7
22
