14
26
13
26
27
18
34
34
18
0
11
10
14
19
25
0
1
34
7
25
11
3
0
36
17
24
7
9
34
2
0
36
22
1
7
1
8
20
7
33
10
25
36
2
6
27
35
19
25
6
35
18
1
32
2
16
17
9
15
22
24
21
18
33
34
7
11
25
13
28
27
7
26
22
32
6
4
10
17
2
33
35
27
4
12
8
7
33
29
2
32
29
32
5
5
29
15
3
5
32
12
31
1
34
29
24
0
9
6
33
2
16
34
28
5
32
24
1
0
2
15
30
18
35
2
10
35
10
35
10
12
32
2
18
35
6
25
7
15
32
25
11
4
33
18
3
1
31
2
10
24
30
27
36
24
14
13
26
28
32
24
24
29
25
29
9
17
6
21
21
28
4
0
16
14
14
34
14
2
15
24
17
5
25
27
25
5
30
5
28
22
15
0
27
31
4
6
20
0
19
