10
36
4
17
32
31
2
1
17
34
16
24
5
33
28
26
29
33
24
7
19
19
1
18
29
11
19
8
32
23
9
21
0
23
36
28
0
16
30
5
3
26
20
28
11
22
34
14
23
0
1
6
24
7
21
16
31
20
9
21
5
36
25
22
8
22
1
8
33
14
10
26
27
29
12
18
14
25
18
36
10
23
23
13
10
18
8
2
8
14
21
24
33
35
1
33
29
28
36
7
13
29
5
13
2
19
22
18
7
12
2
12
13
36
27
31
6
18
31
11
19
33
30
16
36
32
11
15
13
0
27
12
23
6
4
28
22
32
27
33
35
0
15
1
3
16
3
2
20
34
19
16
27
8
7
8
25
10
26
6
11
5
25
18
34
34
31
6
13
23
15
33
26
4
23
34
10
18
8
20
17
17
27
20
30
10
33
36
6
30
33
20
3
2
32
19
2
4
