6
26
11
10
30
17
18
28
12
4
12
10
26
15
23
2
19
33
29
34
10
34
24
27
21
18
20
3
20
20
10
3
32
8
31
32
13
3
1
0
0
5
36
22
3
2
28
28
10
12
33
32
7
7
14
30
14
18
30
2
25
9
22
36
25
25
29
20
22
11
21
0
31
32
24
18
2
6
22
22
11
26
34
22
26
6
17
12
2
26
0
6
6
20
17
36
27
23
16
33
14
25
31
15
23
19
33
28
6
30
17
2
9
16
5
19
10
14
9
17
12
16
31
7
26
20
2
11
2
32
11
34
7
22
18
17
15
16
32
33
25
21
32
30
16
23
27
4
23
34
31
17
19
29
20
24
21
9
30
27
33
11
30
5
31
34
6
8
4
14
1
31
36
10
16
2
12
3
18
34
5
36
35
9
10
18
22
6
2
29
9
29
22
35
21
15
8
11
