14
2
1
33
36
20
32
1
2
15
9
5
13
1
16
31
34
12
8
31
10
25
34
0
4
35
24
1
32
3
8
9
24
26
3
13
6
6
25
19
4
30
13
29
8
32
12
19
24
6
22
33
32
13
16
3
18
31
14
35
20
25
4
12
32
32
8
37
0
29
32
19
12
36
9
32
34
2
22
2
26
12
18
2
30
26
2
33
22
0
29
0
34
5
16
1
1
32
14
19
8
8
15
15
4
12
19
19
26
26
22
16
10
22
23
36
8
14
9
4
35
12
24
31
10
18
11
1
27
0
35
33
32
18
21
2
32
18
15
3
23
32
12
6
0
12
21
0
26
31
12
11
30
25
16
27
4
18
16
16
7
0
30
24
26
13
8
25
32
15
23
30
23
7
32
33
22
26
2
26
25
24
28
13
1
25
25
9
26
2
34
2
13
30
14
19
