0
4
36
26
2
10
20
13
11
31
18
7
29
3
18
33
19
25
23
36
14
5
6
5
9
15
31
7
13
12
11
19
15
1
5
28
17
21
32
19
12
8
25
25
10
23
29
5
31
22
6
10
20
32
31
14
7
28
10
2
18
2
21
33
14
14
16
15
26
21
1
27
16
12
23
32
35
12
5
28
0
10
36
28
23
31
21
15
29
5
34
8
29
35
20
1
3
34
17
28
11
12
19
8
8
20
8
21
16
29
36
7
11
13
28
10
26
22
6
27
30
18
0
6
10
3
8
5
0
10
23
30
26
15
30
11
35
18
16
2
4
20
7
2
34
13
10
14
3
18
32
3
10
8
5
5
15
26
36
4
5
4
14
27
6
14
36
32
32
37
15
4
2
32
22
7
28
29
14
35
9
15
26
13
16
3
28
2
12
7
22
30
11
5
15
32
