34
11
29
25
7
8
5
35
27
36
0
35
17
21
20
22
20
19
25
14
15
12
14
20
18
6
31
15
11
26
11
9
5
3
17
21
28
6
34
1
23
7
6
3
8
16
14
8
24
9
26
30
34
22
22
5
5
13
7
30
11
26
23
5
10
2
25
20
21
9
4
32
31
1
3
7
21
12
18
25
24
1
35
3
5
2
22
29
35
12
9
27
6
33
10
15
19
6
25
6
2
13
18
31
2
19
20
9
35
9
11
31
18
19
26
35
20
22
18
23
31
25
27
34
36
27
19
21
22
9
30
36
32
35
15
10
25
32
5
31
16
33
11
11
27
20
15
28
10
13
21
35
19
7
20
15
30
20
5
7
19
22
25
34
15
0
34
29
12
14
7
5
29
19
14
31
21
32
12
8
28
8
12
16
5
16
33
10
3
2
6
33
10
3
23
29
7
