18
17
31
17
25
4
5
10
4
1
32
4
29
3
31
32
13
36
6
30
1
11
32
32
19
35
11
1
0
13
20
35
17
17
18
21
8
15
21
27
36
14
5
5
27
12
6
1
27
5
6
0
20
27
1
0
31
19
16
23
4
29
22
36
27
33
22
19
24
23
19
17
7
6
10
2
19
5
11
35
35
7
27
27
9
15
30
11
20
16
12
24
30
13
21
25
36
13
1
34
9
11
14
27
5
21
10
7
4
3
17
12
0
19
2
21
13
22
21
31
33
1
17
17
30
31
33
17
0
27
29
22
28
2
13
10
24
25
3
21
22
3
9
9
3
27
0
30
29
13
7
16
4
19
17
15
11
8
36
36
9
32
19
34
33
35
29
11
29
22
3
13
28
36
11
33
18
11
1
4
6
16
29
17
13
29
31
11
9
31
23
1
29
36
6
25
24
32
