18
24
13
3
27
31
31
20
21
20
19
13
34
9
11
34
6
20
4
27
30
23
10
28
16
31
27
13
1
2
2
32
7
8
7
3
31
9
33
26
24
14
21
11
3
14
3
19
8
18
4
20
23
29
35
11
2
0
15
4
17
32
15
15
23
29
5
34
24
16
22
35
25
19
7
21
6
11
7
20
2
20
11
33
15
6
17
22
36
10
11
17
32
23
22
5
17
31
17
32
6
23
2
2
12
4
1
24
22
19
2
27
13
15
5
35
2
8
19
22
31
25
2
15
4
16
9
8
15
3
19
20
17
26
35
29
15
0
26
29
12
5
8
0
21
18
3
1
14
30
30
23
24
22
1
9
1
35
24
31
7
28
19
31
27
13
35
4
17
7
29
28
11
7
27
2
12
31
15
33
33
2
22
36
36
27
36
32
9
21
23
7
13
32
4
25
25
23
8
