4
23
25
30
21
29
14
32
33
6
0
1
21
11
7
32
33
29
17
0
3
14
32
20
23
20
14
30
17
32
34
14
23
17
7
21
28
27
7
20
30
4
27
34
36
18
12
13
5
31
1
4
28
13
17
15
20
23
26
11
16
11
6
2
16
5
28
25
36
15
2
0
4
32
2
21
21
28
36
5
23
6
30
21
19
20
13
3
34
18
6
30
4
3
22
19
5
0
32
22
24
33
32
32
17
14
30
25
12
34
28
22
12
22
20
33
33
0
19
21
34
10
3
27
2
0
16
11
36
24
0
34
23
31
22
22
27
1
26
18
1
24
35
9
1
36
35
26
25
20
1
5
28
25
27
21
23
2
9
30
10
15
25
14
7
36
34
31
1
15
19
21
7
24
29
21
1
2
12
32
8
18
6
4
8
26
2
21
33
29
33
26
29
8
9
12
15
0
