9
19
25
19
36
13
30
2
15
16
11
31
27
12
21
1
12
32
17
31
13
21
31
6
30
7
22
6
10
5
36
11
8
27
22
4
5
6
20
31
23
10
24
24
21
33
13
7
35
30
3
16
13
5
33
9
7
18
35
29
27
8
16
27
16
18
17
15
13
18
22
32
33
14
34
1
15
15
23
34
12
13
10
32
7
9
13
2
13
32
13
14
8
11
31
3
11
27
24
18
21
19
15
16
29
23
16
5
18
16
12
6
33
7
15
25
34
0
25
32
13
34
14
25
22
35
34
35
32
25
8
11
26
26
26
28
3
31
7
36
17
10
8
30
35
10
17
11
23
27
35
35
22
18
33
18
36
30
31
9
28
6
10
25
10
22
12
31
33
13
18
16
29
32
27
3
34
14
20
36
5
23
10
8
15
22
17
23
20
25
9
35
3
10
8
23
20
20
17
