16
13
12
21
17
33
30
14
25
21
29
16
25
32
26
14
15
17
19
25
21
17
11
23
4
8
20
21
2
13
27
32
4
6
8
6
23
21
0
6
12
23
24
9
18
7
17
12
33
10
29
18
29
5
17
27
2
5
35
11
27
33
29
36
16
11
27
19
12
26
15
5
19
0
23
25
2
30
20
33
17
14
29
16
32
31
16
30
20
12
8
23
15
10
18
4
24
27
36
3
29
1
3
7
29
30
21
22
18
21
20
13
8
16
34
33
34
13
6
21
13
6
27
1
30
4
25
32
14
20
11
5
34
0
17
36
12
20
11
3
2
17
14
12
23
18
30
23
14
0
0
22
34
11
20
32
6
2
9
25
36
27
16
35
25
9
2
35
17
8
5
28
18
13
30
7
23
1
36
16
17
6
36
34
24
15
12
36
32
36
22
9
33
12
8
14
28
15
3
