7
0
7
7
25
8
16
21
34
23
7
17
9
21
14
4
1
36
25
15
19
7
2
21
6
2
15
20
30
14
22
20
13
8
8
29
7
11
20
30
33
15
31
8
12
25
8
27
19
14
8
10
5
32
34
3
23
9
23
14
31
32
30
21
10
25
2
24
10
29
10
36
32
7
26
30
35
17
29
13
4
4
33
25
32
24
23
28
27
36
10
30
22
23
32
25
4
33
4
25
31
12
11
5
10
25
16
24
35
7
30
18
35
21
33
33
29
25
17
36
28
9
36
31
36
4
10
12
31
4
22
13
18
2
2
5
28
10
3
20
4
13
14
30
10
8
33
30
33
1
15
10
24
1
21
26
4
4
28
16
29
35
27
17
29
30
5
32
21
7
28
32
21
16
27
5
13
35
9
30
19
16
3
31
32
23
12
5
24
9
9
22
29
4
1
21
26
0
33
