4
26
21
4
0
28
17
21
2
35
6
5
29
22
35
18
3
0
17
15
15
17
14
28
0
21
9
7
22
28
34
10
34
1
0
23
30
6
1
17
30
25
16
10
7
34
19
17
2
7
13
26
24
11
26
15
11
27
34
15
19
30
21
0
2
27
28
17
11
2
2
27
27
23
30
10
12
16
16
7
25
30
21
13
33
15
13
7
9
26
31
23
0
10
9
11
34
8
32
13
32
23
5
1
21
36
23
34
27
15
4
31
16
30
4
25
2
19
27
28
26
32
9
10
24
23
7
15
10
22
4
8
11
19
9
5
16
36
8
35
5
2
29
19
34
10
15
22
33
34
7
6
4
24
5
4
3
30
32
12
29
21
33
24
36
6
20
36
11
18
35
19
28
0
0
23
31
3
6
33
9
15
28
22
4
28
33
30
35
33
9
6
28
6
34
36
11
