19
12
23
12
22
24
12
30
24
8
33
12
2
8
3
11
25
8
20
30
17
29
10
2
25
17
13
33
17
8
26
2
4
32
31
13
26
0
24
21
3
35
33
16
17
36
23
2
23
17
1
4
2
31
33
12
24
8
7
0
4
8
8
19
32
15
4
8
8
24
26
30
33
5
9
12
33
19
10
1
28
36
36
34
19
26
7
6
31
35
24
28
26
7
23
26
36
33
26
0
33
23
3
2
1
13
1
28
36
15
30
1
29
24
10
22
2
2
16
5
19
12
7
13
19
34
25
4
20
22
17
20
23
10
28
28
19
26
1
3
7
10
21
8
33
35
4
21
19
32
14
14
5
21
17
13
16
15
23
6
12
16
30
30
14
32
23
32
14
4
8
10
29
14
33
28
0
7
25
36
6
32
4
8
2
22
10
12
32
18
12
16
23
10
8
32
26
23
