14
13
35
28
16
18
31
12
36
7
16
12
8
19
1
11
6
7
9
35
21
32
28
29
0
14
27
29
29
34
33
17
4
20
17
31
29
19
24
23
19
25
3
11
17
34
11
29
0
17
36
6
7
15
7
13
21
23
15
7
30
3
26
35
12
4
6
7
34
24
31
19
17
30
28
11
1
14
23
26
6
17
0
18
6
25
7
15
15
27
29
14
31
15
32
3
10
24
35
1
5
20
17
2
35
24
23
1
19
8
10
13
32
7
13
16
5
2
18
29
8
36
33
5
2
20
6
17
21
35
16
4
19
19
20
7
19
35
7
2
5
5
24
13
9
22
24
2
3
7
34
13
9
8
22
14
8
0
12
19
3
23
30
8
35
24
4
14
0
18
14
10
27
12
32
25
26
8
11
28
35
21
5
35
29
30
27
34
20
17
24
26
26
28
0
13
16
