14
21
16
25
24
11
35
19
36
17
0
26
7
4
23
3
18
15
5
25
33
0
20
36
13
1
0
12
36
20
22
1
19
6
26
34
19
5
2
34
1
32
28
9
11
31
0
33
24
30
5
20
35
19
27
35
1
10
32
20
21
29
8
28
19
9
34
32
16
3
30
34
14
11
6
36
16
8
17
20
0
29
34
31
18
30
9
15
14
4
27
24
26
27
12
7
6
24
33
26
31
30
26
31
32
16
9
5
23
4
0
20
17
14
3
33
28
5
2
3
30
23
29
21
27
34
0
2
0
24
21
9
27
28
5
18
36
32
30
27
22
1
14
13
4
26
35
31
23
24
36
20
28
2
5
33
30
20
6
28
5
32
7
0
12
13
13
2
4
14
19
11
8
27
18
24
2
21
36
34
18
8
33
1
12
7
11
26
13
35
15
9
26
25
4
36
