28
15
16
25
23
33
0
5
4
17
16
31
19
28
20
16
5
1
29
14
10
12
30
30
27
25
35
29
19
30
7
30
35
19
32
20
11
12
19
20
1
6
13
18
35
13
13
17
8
7
30
13
15
9
9
19
26
9
5
18
3
27
6
19
20
35
15
32
26
5
19
24
8
17
16
26
22
3
13
33
0
29
24
31
26
2
19
35
27
4
13
5
6
7
5
19
27
5
12
28
34
3
0
0
25
32
30
22
33
7
8
12
13
18
30
22
3
3
19
24
30
7
13
34
12
33
33
11
3
28
6
24
31
33
16
28
8
23
14
17
27
14
10
17
12
29
6
0
28
15
1
15
34
16
12
18
19
20
2
16
29
29
17
36
10
34
30
26
13
34
1
36
31
7
11
23
31
23
33
0
33
25
4
23
4
23
14
34
4
15
6
14
21
28
3
29
35
29
36
