37
7
10
33
22
6
27
34
1
31
36
29
13
27
4
36
1
34
13
22
17
2
7
26
21
30
15
16
0
20
36
23
7
12
5
0
30
25
18
16
23
21
8
36
27
33
36
2
24
20
25
29
13
23
29
6
2
1
29
29
8
8
26
27
33
28
26
26
9
9
25
21
17
8
31
4
28
35
2
25
10
11
28
27
5
17
34
23
2
30
15
19
4
20
11
16
17
6
15
19
15
1
25
13
1
1
23
8
16
7
26
6
24
17
7
7
23
11
36
1
3
36
35
0
28
29
21
27
11
23
34
36
26
7
12
6
7
14
10
34
15
16
24
35
36
24
16
27
8
31
7
23
4
18
0
29
19
9
14
4
10
7
13
12
13
23
27
13
24
25
2
15
30
12
24
11
28
13
9
18
5
23
8
15
26
4
10
34
30
29
21
24
6
14
27
14
11
33
23
14
11
15
