20
14
14
33
31
24
21
8
6
6
28
18
4
31
26
9
26
16
28
10
32
29
36
28
18
25
10
5
35
6
30
29
0
10
23
18
33
0
0
19
14
3
0
26
7
14
3
24
2
0
4
24
19
24
34
24
32
17
18
15
2
36
28
11
4
4
15
20
8
1
1
33
26
30
16
17
21
4
12
9
18
24
33
12
31
26
25
1
17
24
2
26
26
36
24
12
4
4
17
4
10
21
16
8
25
17
5
18
16
35
5
2
30
21
20
19
32
30
15
0
0
22
15
9
9
6
25
0
25
26
6
14
18
13
20
28
13
29
32
20
16
16
24
29
26
13
12
27
12
20
11
13
27
25
17
4
25
4
20
21
2
24
29
17
21
13
1
16
23
14
1
29
35
35
12
23
13
34
0
9
26
0
33
29
16
15
25
7
3
4
16
26
17
33
15
18
1
7
0
