8
3
32
26
19
23
25
14
17
16
17
10
31
16
29
33
9
9
10
15
23
14
17
15
20
3
12
10
17
34
18
3
15
29
9
14
22
24
4
17
4
33
24
6
14
18
4
14
7
31
34
36
6
31
9
7
1
3
20
6
21
18
27
26
6
16
8
10
14
6
30
24
15
10
22
13
11
33
35
32
14
23
3
21
27
18
21
3
24
28
26
7
25
20
8
29
33
19
9
36
28
6
5
25
35
27
5
18
15
36
20
15
22
35
35
22
34
10
3
23
0
35
9
14
28
5
15
29
5
34
33
27
5
36
16
3
0
20
25
3
33
14
1
7
35
31
21
36
11
14
36
21
27
20
31
17
32
27
28
11
15
19
8
30
13
0
30
5
21
3
3
7
13
7
5
13
13
21
14
16
21
36
30
23
24
33
30
11
15
34
26
28
31
27
32
34
27
27
34
9
27
26
