34
25
17
25
32
12
1
33
20
1
10
31
31
21
30
23
22
14
5
25
2
34
22
1
0
10
35
4
30
9
12
3
6
34
13
21
31
16
25
9
28
34
20
34
16
21
2
3
4
4
36
21
26
12
13
0
15
4
25
24
1
35
2
22
35
9
10
25
0
34
17
1
25
18
12
7
17
20
10
4
13
22
15
24
19
6
27
23
5
6
6
17
8
29
8
3
3
18
17
33
18
9
24
35
2
11
7
29
21
13
29
29
21
24
33
30
15
7
19
18
8
0
36
33
28
1
0
25
13
10
6
33
20
14
20
26
35
7
31
33
16
31
10
12
28
21
26
30
4
28
5
26
18
11
17
7
18
10
15
16
20
16
32
17
33
16
25
3
12
3
5
8
35
29
13
15
25
7
29
0
25
34
5
11
12
5
11
36
12
1
5
25
14
33
19
19
1
3
1
