6
12
6
4
16
36
4
29
15
22
14
30
23
24
20
31
2
3
18
6
19
9
36
15
1
0
3
27
34
35
16
26
19
14
32
3
36
20
11
4
8
32
25
5
26
9
31
11
21
2
34
13
15
32
27
26
23
27
16
3
19
7
15
11
23
28
15
27
21
24
3
17
16
10
29
33
1
5
22
26
17
23
30
8
13
32
21
1
24
29
29
11
21
13
12
18
8
34
35
19
5
19
18
28
25
8
13
35
1
31
0
25
14
0
11
36
7
35
0
15
23
30
19
27
35
20
22
5
21
24
35
0
29
14
10
11
15
1
8
13
34
27
21
4
0
1
27
24
30
34
20
20
1
11
23
2
8
15
26
14
1
35
23
29
8
23
19
0
13
7
15
15
27
36
25
6
32
9
18
11
24
32
34
16
7
0
2
22
26
17
16
20
35
0
32
29
2
