15
32
5
5
18
30
24
20
28
6
22
22
22
5
28
18
10
18
23
14
28
23
33
7
10
17
24
20
2
35
21
1
7
24
22
25
34
30
12
0
18
23
13
20
3
1
35
29
24
15
4
13
16
35
3
25
27
30
19
12
32
4
33
26
27
24
33
30
17
16
34
14
29
36
28
36
6
12
8
36
25
1
36
29
2
6
18
30
30
18
36
31
19
21
10
16
26
16
30
22
24
22
12
7
24
11
25
8
0
24
1
24
1
19
15
24
28
0
23
5
17
32
33
6
29
28
35
28
27
11
3
15
18
34
12
29
26
20
29
27
22
5
24
9
15
33
23
36
25
8
14
0
9
5
32
2
30
28
14
25
4
16
15
31
13
30
28
3
20
11
35
31
7
11
1
6
1
23
17
30
9
21
30
9
15
11
1
20
26
7
29
31
29
36
24
19
