4
24
0
3
8
11
8
13
17
30
22
36
33
25
25
17
3
27
19
12
21
36
24
35
5
19
6
26
19
6
32
17
25
10
34
26
0
9
13
27
17
7
18
31
25
1
10
27
18
28
30
13
11
23
31
9
20
6
3
30
16
32
6
7
19
13
7
36
5
20
3
7
18
25
24
6
34
28
33
27
17
29
33
33
19
30
28
1
36
27
7
12
7
36
18
33
32
0
2
15
26
25
8
6
5
11
27
12
7
32
36
28
3
25
20
20
14
26
20
10
33
25
25
10
18
0
19
36
4
0
20
18
23
26
0
19
35
5
30
30
4
7
11
28
20
1
29
30
5
3
6
35
22
21
11
2
29
19
15
26
1
32
30
19
28
8
35
25
27
31
12
6
1
6
4
16
7
10
7
2
30
9
2
4
7
15
2
32
9
11
27
34
8
33
15
25
26
15
