5
27
8
18
12
22
2
7
27
1
33
30
5
4
19
10
31
30
31
24
20
24
29
21
32
32
22
10
20
8
22
10
21
7
17
21
5
10
31
0
21
3
9
10
8
27
25
23
31
36
12
18
20
32
27
15
22
15
18
17
26
24
13
24
14
36
20
3
19
15
9
6
20
26
23
36
31
36
31
6
17
14
4
30
1
6
13
32
21
8
29
34
34
34
28
30
35
34
13
7
29
24
3
32
0
5
21
0
3
0
26
32
4
9
0
33
32
5
36
33
26
30
24
8
10
18
16
29
31
34
13
2
26
17
8
5
20
26
7
10
32
13
28
32
33
28
28
6
23
11
8
26
3
7
2
29
7
1
28
26
11
15
28
6
17
36
20
35
29
2
16
21
9
24
25
32
34
7
14
31
8
28
5
0
14
0
21
21
7
7
23
14
32
17
28
9
36
16
