14
12
33
5
9
26
1
23
23
30
3
9
14
10
3
5
2
15
13
21
30
20
25
25
22
12
16
31
6
32
9
23
12
25
11
6
22
22
30
5
17
19
11
35
35
3
18
6
21
22
18
15
18
27
7
13
32
33
19
21
29
27
34
32
33
23
22
19
32
1
4
32
10
28
15
34
35
16
18
36
35
21
28
11
22
3
25
5
10
26
29
5
28
16
29
32
21
31
25
21
21
16
15
35
12
13
21
36
0
19
35
16
26
21
17
26
1
13
13
6
6
17
18
13
15
13
28
28
33
34
15
10
1
9
27
35
5
2
12
19
9
7
4
17
14
23
16
20
32
28
24
26
31
31
6
35
22
8
22
13
28
25
10
30
22
2
1
6
0
21
2
23
17
20
32
29
7
35
33
17
29
4
26
29
21
0
2
29
15
32
19
4
22
23
10
12
14
8
15
