34
12
3
20
17
26
26
11
5
34
26
22
36
29
18
26
29
6
17
3
30
27
13
35
13
2
22
32
5
33
2
9
7
12
3
5
21
6
34
23
1
2
11
22
5
29
6
24
19
34
8
16
18
12
1
0
15
15
3
34
35
18
6
2
12
34
13
35
26
1
20
25
29
31
28
28
21
2
14
2
6
21
20
24
2
12
36
1
28
16
1
1
4
6
28
27
13
31
2
35
36
27
3
4
36
4
13
21
31
36
18
21
7
32
2
23
14
18
22
16
5
27
28
35
23
17
3
17
12
2
29
25
11
7
25
6
8
28
24
29
7
1
16
15
35
16
34
11
35
2
20
14
33
10
19
14
5
29
14
1
24
12
28
10
18
13
16
8
2
3
29
6
14
1
35
12
3
7
23
16
26
15
3
25
29
20
1
11
10
20
1
7
25
30
3
32
35
5
15
