18
8
13
1
27
8
16
18
35
0
20
28
23
13
4
20
3
21
13
26
27
7
26
0
5
32
17
26
15
20
30
1
23
18
15
23
10
27
16
13
7
11
34
15
6
24
32
24
3
34
18
17
29
19
6
11
21
32
0
25
31
31
22
23
13
30
24
32
24
13
34
6
21
17
33
36
9
9
25
33
11
17
19
9
12
27
6
12
22
14
16
26
22
2
16
11
25
3
18
16
20
7
35
13
27
32
8
27
10
9
2
16
33
22
30
20
29
7
35
26
11
31
36
16
32
31
3
10
15
36
16
15
10
15
25
2
16
13
36
21
6
23
28
36
20
31
24
16
24
18
14
27
31
1
3
0
35
17
21
12
1
29
5
31
36
20
36
19
7
1
33
19
14
6
2
0
31
29
28
35
29
25
35
21
18
22
3
0
26
11
32
21
7
12
17
31
9
