27
21
34
10
18
30
16
11
35
30
21
28
11
32
35
2
28
2
20
12
18
12
2
26
35
24
28
22
28
23
30
10
1
36
5
32
5
1
29
11
13
9
3
7
24
19
10
20
16
19
31
30
25
9
23
26
14
19
28
23
31
13
30
21
35
33
22
6
34
13
25
6
14
18
27
10
22
11
33
33
18
15
6
4
16
35
23
13
30
21
22
16
1
4
28
2
25
28
34
14
12
31
5
34
31
5
9
18
16
25
13
21
36
17
22
18
24
33
10
16
1
34
11
18
21
1
29
29
33
0
23
14
16
16
22
4
1
7
10
24
32
0
35
9
13
24
30
9
9
22
26
6
2
14
19
6
23
22
24
13
8
6
5
29
5
32
18
13
20
16
6
18
19
17
0
28
14
3
24
13
30
8
18
13
12
21
0
14
6
35
15
33
22
12
34
33
13
