12
7
6
31
7
25
4
24
24
21
13
0
27
3
25
33
11
31
33
21
20
0
14
25
5
16
6
7
32
12
12
6
13
29
12
33
13
25
17
5
36
28
1
1
33
3
33
22
36
16
35
33
10
19
14
13
31
23
31
28
24
13
20
1
21
23
6
32
14
19
33
35
24
1
11
4
25
25
22
9
0
14
11
9
13
12
30
30
19
14
22
0
35
8
11
19
3
0
27
11
10
4
9
8
5
35
18
21
35
1
2
23
29
14
5
11
14
11
22
26
21
34
31
8
10
19
2
10
7
2
17
35
6
23
32
8
25
22
13
8
19
16
8
19
35
31
21
7
5
7
19
20
31
5
5
16
26
18
9
32
15
11
17
33
6
36
22
14
9
20
11
24
18
21
32
24
4
26
12
19
35
35
24
34
33
15
21
27
32
0
29
12
4
4
14
5
27
21
18
