6
23
23
13
28
30
31
28
12
2
31
25
25
22
4
28
7
3
17
35
3
34
27
33
19
8
20
11
7
33
7
7
27
30
15
27
24
5
2
6
14
33
12
34
13
29
29
9
1
18
8
13
4
17
15
2
5
2
21
0
8
7
1
17
12
1
24
21
14
7
35
26
8
1
12
0
0
4
1
33
13
1
0
27
33
12
19
4
23
20
34
5
20
6
28
8
4
5
28
29
25
1
19
17
17
22
0
2
10
31
30
24
5
35
22
31
20
21
1
11
20
9
24
31
19
9
3
8
22
16
2
16
4
35
21
29
30
15
10
21
3
28
19
25
26
4
20
34
27
25
1
16
28
22
25
36
22
32
24
7
30
15
9
34
16
7
1
4
29
27
36
1
32
35
16
16
11
33
16
11
25
34
22
4
9
23
24
25
19
26
22
17
24
36
30
11
34
20
5
