17
10
1
28
14
10
11
19
30
27
14
28
14
25
5
17
24
23
17
18
21
27
16
31
2
21
7
26
28
10
34
28
34
34
9
1
12
28
14
22
20
5
18
3
14
18
3
36
25
8
26
30
10
17
2
9
1
16
2
4
9
14
6
34
4
36
18
30
17
26
2
3
22
3
1
8
36
24
10
3
0
21
15
26
26
12
23
35
27
16
20
21
30
17
15
9
4
33
11
18
25
8
31
13
17
34
16
14
6
34
4
15
1
17
16
4
23
0
19
25
4
19
33
15
33
30
7
5
1
22
33
10
21
1
22
23
1
0
35
23
32
27
28
2
19
3
24
14
12
32
17
36
25
4
30
14
6
0
10
19
24
22
35
15
20
36
11
23
16
20
3
24
9
6
12
0
6
27
30
25
14
27
14
7
26
19
0
30
20
12
34
0
12
24
23
21
25
15
3
