29
5
0
7
9
19
18
28
36
1
31
0
18
3
25
20
20
18
3
18
28
16
13
30
36
4
26
15
24
5
21
28
35
17
20
33
3
7
5
11
17
18
8
5
15
5
8
30
36
18
15
20
30
17
27
21
8
26
1
1
27
34
14
30
5
3
15
1
8
24
26
34
6
19
3
31
15
3
36
15
34
2
0
35
35
34
19
6
29
6
9
32
29
25
29
31
17
19
5
24
17
3
15
21
13
7
19
26
5
10
1
16
27
36
23
23
16
15
3
35
3
34
14
32
27
16
6
21
8
3
13
4
4
2
5
20
36
13
1
33
35
16
27
1
13
19
22
8
32
31
25
3
0
3
6
2
4
3
18
31
36
9
23
0
16
18
20
30
19
34
17
33
24
25
25
2
15
29
13
25
21
29
30
23
30
32
6
34
13
28
32
23
33
32
6
26
10
1
37
8
