26
9
13
16
11
9
21
7
6
25
29
6
14
14
20
13
1
31
11
19
14
31
5
4
25
20
14
20
24
33
21
25
3
22
16
14
19
34
9
21
34
10
29
8
18
26
22
7
22
7
14
8
1
19
36
17
19
35
36
17
32
8
16
4
18
0
31
12
10
30
23
2
26
15
2
24
30
21
36
3
3
22
24
6
11
18
9
22
26
11
9
2
21
14
2
21
5
1
12
35
0
20
10
7
35
15
35
21
14
5
35
34
34
4
8
22
25
18
18
3
7
31
13
6
33
8
30
5
1
27
19
28
2
19
30
4
3
17
17
33
36
8
21
22
19
2
29
6
36
32
10
10
29
16
15
35
18
17
5
36
20
14
1
1
1
27
14
31
17
18
15
1
20
8
1
10
9
9
22
20
2
3
27
5
8
10
17
5
3
31
35
2
13
6
8
5
36
