14
28
14
29
26
1
0
0
33
3
25
29
28
31
0
0
23
26
8
27
10
17
17
15
35
5
13
23
25
29
21
35
28
9
16
16
30
16
11
17
15
7
33
29
24
17
21
19
12
18
2
5
31
6
9
20
16
3
16
27
28
30
3
18
10
13
31
31
31
24
29
27
15
2
17
0
7
15
32
18
34
9
16
1
34
34
17
23
28
10
30
18
24
26
31
26
17
6
16
27
15
23
31
25
0
3
7
31
7
8
12
33
26
9
33
33
18
1
27
11
6
0
2
14
20
7
18
18
31
28
21
33
16
12
4
35
32
28
36
8
29
29
12
6
15
27
6
20
29
11
30
9
6
23
36
28
5
18
26
1
2
12
20
36
16
35
14
17
25
29
25
19
28
25
7
27
13
4
24
16
25
10
1
16
12
1
5
3
33
11
25
8
5
13
29
24
