36
7
32
28
21
13
3
8
5
20
6
8
15
36
35
19
14
10
11
35
24
31
2
4
32
36
6
25
27
9
14
7
13
19
16
23
14
32
15
9
14
14
34
22
28
36
23
8
13
11
15
2
32
11
26
10
20
23
1
32
5
19
3
22
28
2
35
36
18
34
4
23
4
21
16
28
28
26
4
12
30
21
26
0
25
27
10
19
25
33
6
34
20
12
4
28
5
19
35
25
20
27
29
34
5
2
12
25
0
29
7
29
5
19
4
8
25
19
32
18
22
23
8
32
20
9
24
11
16
5
17
33
14
19
16
8
29
29
31
30
31
25
18
13
7
24
13
9
28
2
4
13
8
32
33
1
28
22
23
8
5
2
14
28
35
31
3
29
22
35
9
34
12
23
14
15
35
30
1
10
26
35
28
7
35
5
18
11
21
18
6
20
11
27
8
3
23
31
21
9
