28
6
20
28
7
28
20
12
23
33
17
3
17
29
14
13
11
19
23
3
29
1
33
29
21
1
22
30
16
31
0
15
11
31
27
18
9
3
3
18
3
11
27
16
1
12
11
29
19
27
24
28
8
31
15
16
3
23
16
15
16
28
15
23
27
28
6
35
27
24
18
25
35
15
6
27
0
31
33
29
32
23
3
33
34
29
31
12
11
23
29
36
5
0
19
5
17
27
25
4
18
32
1
13
36
4
5
26
32
1
26
32
24
24
25
2
26
9
28
7
33
4
10
14
13
11
26
32
28
26
36
30
0
33
11
17
32
36
7
35
33
24
20
23
3
35
7
1
15
20
6
7
16
15
4
35
27
7
13
4
26
18
14
1
8
27
28
16
6
12
27
22
9
34
15
27
21
5
22
18
20
22
32
4
16
3
36
32
2
29
24
17
12
13
31
14
25
5
26
22
