14
6
25
16
2
34
10
32
8
18
16
1
30
1
17
34
19
16
29
23
20
29
22
35
8
26
27
16
33
7
31
3
10
13
13
7
9
5
8
21
21
4
5
1
10
12
0
5
32
17
5
16
25
20
12
25
11
26
1
8
26
10
2
36
22
11
17
1
23
18
31
10
29
24
4
25
7
16
21
28
9
2
2
6
6
28
22
24
27
34
9
4
34
18
25
25
1
6
3
7
12
0
28
9
35
17
9
0
17
23
36
26
1
14
14
23
28
8
33
15
29
6
15
24
29
11
12
20
33
0
29
9
25
36
22
30
24
9
7
10
2
8
17
18
13
23
12
6
20
26
35
31
21
30
16
5
23
0
29
28
5
29
30
15
30
33
2
6
12
32
22
23
7
31
20
31
7
25
2
15
28
15
5
27
4
7
22
29
8
28
34
10
1
20
13
33
35
