34
12
9
19
21
17
31
27
32
25
1
12
19
1
11
11
15
34
5
29
30
11
22
32
33
3
29
35
17
13
10
16
35
11
9
26
1
21
4
2
32
8
35
11
28
6
16
27
10
23
15
28
10
7
34
22
27
28
1
17
15
1
9
28
23
28
22
22
14
10
13
13
18
15
16
30
28
3
20
21
12
20
31
19
31
26
5
16
31
15
21
16
29
10
10
10
0
17
2
10
12
21
33
36
30
2
33
10
11
31
9
14
18
1
5
24
23
36
22
23
25
9
21
8
35
16
9
1
5
25
22
30
25
22
31
16
23
29
25
1
25
5
35
11
1
36
31
16
7
22
30
13
2
10
29
7
30
32
32
21
36
11
19
23
8
16
2
3
2
8
10
36
7
22
35
22
17
21
9
29
30
3
28
28
27
27
27
9
24
9
36
20
28
36
18
35
17
19
33
