3
6
7
34
36
0
17
23
26
7
7
16
7
14
29
29
9
32
0
10
7
32
18
32
23
14
7
19
1
23
9
4
6
2
26
28
3
10
19
14
1
5
1
33
20
8
35
7
2
16
16
0
29
33
25
11
9
12
9
27
13
35
1
17
35
35
17
6
26
29
1
1
24
31
4
8
22
19
8
30
4
15
8
25
4
29
31
29
25
30
26
18
10
9
8
18
28
8
1
7
21
19
28
24
29
26
20
26
11
12
18
9
28
21
29
20
0
23
22
28
5
3
13
0
3
20
22
16
19
16
32
13
19
12
8
28
6
4
32
19
30
29
0
24
34
3
0
10
14
19
11
10
1
31
21
20
6
18
7
35
27
7
33
21
30
10
10
3
21
30
5
20
7
34
10
9
18
4
9
17
6
13
24
29
24
4
16
36
7
25
7
20
36
6
25
33
8
30
