27
27
13
34
36
11
34
1
6
4
23
6
24
8
36
5
26
24
0
16
36
17
2
24
23
14
32
24
5
22
33
33
33
16
4
8
36
27
32
35
8
14
32
3
14
7
18
6
0
26
13
6
35
30
11
29
1
28
10
26
13
32
25
28
10
28
0
35
11
24
33
34
28
33
12
31
25
22
9
12
33
31
26
27
7
19
25
27
30
13
33
24
22
29
21
0
18
32
17
8
29
31
5
34
0
27
26
13
33
17
0
27
21
27
8
3
15
3
32
18
27
26
33
17
18
19
20
17
14
2
25
11
16
8
36
8
26
13
4
16
20
21
28
32
4
16
13
34
2
35
13
6
6
2
21
3
24
12
13
32
8
1
28
0
23
15
15
3
2
17
28
7
8
19
15
34
9
34
0
23
22
35
21
30
18
15
0
23
28
19
7
21
25
16
35
10
28
