5
1
29
18
19
1
32
2
12
23
35
1
19
30
12
4
36
1
3
31
35
0
11
9
8
12
23
10
8
15
31
22
22
23
23
8
17
35
35
25
21
6
5
35
27
14
24
30
29
16
25
21
29
5
14
2
15
18
3
31
5
6
19
6
28
23
18
0
12
31
13
22
31
7
33
3
26
35
16
17
7
15
34
32
28
4
35
4
19
30
2
5
20
22
13
36
14
9
1
36
8
14
33
33
17
11
35
24
19
34
34
27
15
14
1
28
24
5
13
22
10
28
26
27
4
21
25
9
23
3
1
21
35
3
2
30
10
8
7
2
18
10
13
11
18
26
9
25
1
9
13
10
14
0
22
15
25
23
19
31
10
5
8
13
16
32
25
12
35
31
33
18
22
18
7
19
13
10
7
21
23
22
23
2
33
20
32
15
21
29
31
26
10
31
27
31
2
12
25
29
6
34
11
16
24
