20
7
32
34
11
35
24
1
34
24
0
14
0
19
31
17
14
2
12
0
13
27
13
6
36
34
27
15
20
20
9
24
19
7
8
23
32
36
11
31
13
23
10
13
3
22
21
25
9
8
26
29
1
30
31
35
32
11
14
11
3
18
6
15
32
33
20
8
19
33
15
29
13
12
36
22
18
5
20
18
21
8
26
18
20
1
8
19
34
34
31
26
25
17
3
28
17
3
20
36
0
32
36
28
33
22
30
28
6
3
18
12
11
16
16
8
12
0
1
6
20
30
7
28
9
31
0
19
34
14
29
35
35
2
5
13
32
11
21
0
12
33
28
27
33
27
19
6
33
13
0
2
35
22
17
32
6
34
3
2
1
7
2
26
30
34
35
9
22
0
14
27
35
20
33
4
15
10
15
36
7
0
11
35
33
7
36
22
33
26
13
21
5
32
7
1
27
26
