25
2
36
2
12
21
17
27
17
12
2
1
29
12
2
12
15
3
6
9
22
4
11
4
33
12
23
25
9
10
25
19
3
27
5
36
22
19
11
31
11
26
27
0
8
24
26
26
25
7
12
26
29
33
13
13
11
18
0
11
26
11
3
35
3
17
34
17
1
10
22
26
30
19
17
25
25
13
9
21
32
8
5
15
12
14
35
33
27
6
10
3
24
14
29
7
28
17
31
28
14
11
6
12
5
9
29
1
10
11
8
13
23
1
29
34
4
16
36
19
25
5
0
21
34
36
5
8
19
1
5
15
11
31
9
2
24
29
11
21
30
18
7
5
21
26
4
21
30
27
4
31
14
3
29
13
3
20
22
8
3
21
16
2
3
8
17
29
31
32
9
0
9
15
9
18
19
16
27
27
18
31
28
27
6
16
4
5
3
4
3
14
24
11
25
20
