4
5
17
17
33
30
9
2
30
7
11
36
10
23
27
8
0
15
29
26
11
27
24
10
32
33
36
32
21
8
27
20
6
10
14
11
1
8
0
26
0
26
35
13
3
36
30
18
17
17
26
19
26
2
9
19
36
17
36
23
11
22
18
8
4
29
0
8
14
31
14
32
24
36
20
12
7
20
15
6
3
7
32
5
13
30
16
17
28
3
29
11
5
4
36
28
22
35
31
15
12
0
17
7
27
32
3
31
30
5
5
17
11
26
14
7
12
7
0
18
15
20
33
18
33
12
7
30
23
6
14
27
0
9
11
0
1
19
22
6
26
32
7
31
36
35
7
23
25
34
12
19
21
33
9
0
4
16
5
21
14
0
15
28
22
13
3
6
33
23
19
14
11
19
27
20
28
29
17
29
4
6
33
2
15
25
2
24
10
7
32
10
22
20
32
7
35
23
34
