12
20
8
10
0
5
16
23
23
16
19
18
23
16
35
0
35
28
35
9
19
27
1
22
2
20
25
20
16
1
5
14
25
22
26
4
15
1
29
21
1
11
19
13
15
2
8
7
5
15
12
2
13
27
23
21
3
8
18
10
29
20
19
32
20
31
21
8
24
1
35
22
24
33
32
23
27
23
5
21
32
27
14
8
10
28
15
17
35
35
9
19
29
35
27
32
25
27
0
5
36
18
21
8
4
15
12
17
9
13
22
35
20
29
32
32
29
16
4
32
34
23
12
34
20
5
23
18
24
36
32
30
31
15
12
32
3
32
2
6
22
31
34
0
5
22
14
36
31
18
26
9
2
32
26
4
35
23
33
16
19
21
2
28
3
2
34
15
18
16
36
10
0
32
6
8
35
0
10
35
16
28
6
20
31
29
34
33
6
2
0
6
34
22
12
7
26
1
14
