5
24
33
18
32
3
34
0
1
16
15
10
29
26
1
26
18
0
5
15
6
7
34
36
7
31
21
12
10
15
20
21
6
30
28
12
5
15
35
12
15
2
35
36
29
5
30
7
8
21
32
9
27
36
25
25
1
11
12
5
35
31
10
15
22
25
3
35
6
24
2
28
16
22
24
33
15
20
4
36
31
35
21
29
13
13
8
23
25
27
16
10
18
10
19
15
20
22
20
26
1
4
0
16
11
10
26
34
32
35
18
19
29
10
6
3
11
1
8
36
2
19
2
3
6
28
32
18
27
17
3
8
16
31
36
34
26
12
19
3
11
11
3
25
23
21
12
24
5
19
9
26
1
27
35
5
19
23
24
22
11
14
13
32
12
4
16
2
4
3
5
26
23
13
5
12
12
1
21
19
15
8
17
12
24
34
34
30
36
16
33
32
10
33
14
16
18
27
23
23
34
20
