12
10
27
8
22
17
34
23
20
22
16
25
25
36
7
15
23
15
11
32
4
13
21
26
0
30
24
0
15
35
6
31
20
27
13
6
21
16
1
14
15
4
2
17
11
30
27
27
0
3
0
19
20
14
0
18
13
10
19
31
31
23
20
25
3
25
7
8
9
18
26
13
19
0
26
11
7
33
19
34
23
34
5
22
25
16
9
29
6
24
10
4
26
36
10
0
4
6
28
36
22
15
0
17
33
10
10
11
33
14
36
17
21
20
25
13
7
21
23
22
15
3
14
19
10
26
22
6
21
34
13
3
13
12
10
34
27
33
4
6
1
20
21
26
18
16
26
2
16
18
21
15
19
8
24
9
32
29
4
6
8
9
11
2
25
29
32
29
18
28
22
5
0
7
30
25
15
0
36
14
19
8
20
22
31
30
5
36
21
21
27
26
14
5
26
33
11
18
4
25
19
