18
28
19
8
0
21
4
29
7
22
23
28
18
2
17
28
7
30
10
13
2
26
18
27
15
11
33
5
21
26
23
7
17
24
1
9
2
28
34
26
16
14
30
7
30
4
15
23
8
11
13
31
19
20
21
35
1
32
21
13
31
12
26
5
26
11
24
9
12
0
31
10
34
27
11
27
12
20
0
29
20
28
0
8
35
19
23
13
20
34
5
3
9
11
21
20
29
21
24
25
29
25
18
0
19
24
26
11
26
25
23
15
6
16
24
10
17
8
13
35
8
2
31
13
10
5
13
23
28
32
7
4
24
35
24
32
4
20
8
29
4
18
21
23
17
19
22
21
24
11
23
32
1
3
25
8
9
12
33
15
34
35
8
8
10
27
24
10
1
19
15
12
9
10
15
2
2
35
27
32
34
6
18
25
7
24
7
26
1
15
12
2
28
24
2
14
6
21
12
12
34
