15
8
11
29
4
6
18
31
12
0
15
11
4
31
33
36
14
0
8
31
20
19
5
13
0
36
25
32
34
35
19
25
7
26
20
5
11
13
2
23
12
15
31
17
17
33
8
34
26
8
15
6
13
11
21
8
16
21
36
3
28
19
5
10
3
22
21
21
14
12
21
28
19
2
25
12
13
3
0
16
29
4
5
4
11
10
20
7
11
6
26
11
11
24
19
5
29
3
34
22
12
29
32
25
20
24
18
35
10
21
16
25
22
31
3
23
8
3
28
16
17
33
36
0
34
31
1
32
1
35
8
11
23
25
24
17
4
12
26
10
2
15
11
10
32
32
0
0
0
5
31
3
0
17
34
3
32
11
0
2
11
31
29
8
31
9
28
4
23
4
2
3
2
27
11
19
1
2
26
27
22
31
5
5
0
18
8
17
20
3
35
11
0
26
20
28
12
23
35
23
7
