7
34
21
3
7
36
28
14
6
31
26
14
15
16
12
10
1
5
16
19
16
4
2
35
32
11
36
6
21
7
25
27
32
33
4
27
36
8
34
6
3
25
21
29
22
15
6
10
9
32
16
26
9
34
13
9
35
9
29
29
23
29
31
12
36
4
24
0
1
21
29
31
7
24
34
31
33
24
21
18
23
3
25
7
36
10
1
35
20
29
6
15
1
28
36
3
22
10
26
0
2
2
4
18
22
7
9
26
35
22
11
15
20
33
29
16
26
26
29
17
10
14
12
4
10
1
3
31
5
14
6
13
35
32
19
22
25
14
6
14
11
23
3
9
10
35
28
21
33
18
2
32
2
30
20
14
16
26
9
24
3
15
29
29
26
3
27
34
36
12
10
29
15
29
9
9
26
4
7
14
30
22
34
29
12
36
2
36
21
13
5
5
25
16
30
33
32
17
1
