36
30
11
21
30
31
14
10
32
35
34
13
18
15
6
3
30
8
14
23
22
12
14
33
9
12
8
24
35
13
30
18
30
3
32
15
34
28
26
1
7
22
14
34
17
35
19
36
9
4
4
4
20
21
6
5
2
20
22
32
26
5
4
3
27
18
29
5
16
29
32
30
32
27
20
19
16
25
24
8
30
13
0
26
25
2
23
31
32
6
3
15
9
18
29
15
22
5
5
16
7
13
25
29
14
30
16
6
32
6
23
30
16
10
9
33
24
32
20
26
30
19
15
0
4
4
9
3
16
21
25
14
7
16
36
24
0
7
4
15
3
13
14
21
27
22
15
34
35
31
24
11
36
0
32
19
26
13
3
16
26
32
32
24
29
27
18
29
23
14
33
2
3
22
12
2
2
18
33
1
34
1
16
1
0
35
3
2
30
20
24
11
30
33
31
2
10
