20
32
32
7
21
33
34
12
3
33
3
12
3
17
5
8
18
0
23
18
2
36
1
19
15
11
24
28
30
10
36
28
8
19
2
25
15
7
33
15
10
5
11
11
11
2
0
24
5
19
1
35
13
13
29
29
8
30
19
17
29
36
29
34
35
32
4
36
31
3
2
17
14
17
16
28
26
22
18
2
16
4
10
6
14
4
26
3
30
23
15
5
20
34
20
16
16
21
23
7
26
4
23
14
23
34
0
12
26
5
28
10
27
27
35
5
13
30
22
10
8
36
33
7
28
0
34
4
5
0
22
5
4
12
32
23
14
16
15
19
5
35
28
14
28
33
33
36
33
20
30
17
29
8
27
36
28
28
18
11
19
18
33
9
15
18
33
0
0
9
12
3
33
2
34
5
19
12
12
31
8
6
9
23
7
19
27
24
20
0
27
24
33
35
24
23
13
10
8
