6
16
27
14
0
29
26
1
18
14
10
14
27
22
10
6
5
31
14
18
33
5
12
21
23
11
23
24
15
2
27
16
19
6
4
16
14
21
5
6
25
9
32
26
5
30
29
12
36
6
2
20
21
4
22
29
10
23
30
26
30
27
22
4
10
32
36
22
32
2
2
28
30
24
6
22
34
33
32
25
13
25
30
22
36
25
11
8
26
29
26
29
28
34
31
2
7
2
33
21
33
16
2
9
5
13
32
35
29
24
19
8
6
33
24
11
29
31
13
14
18
9
34
4
1
11
24
28
26
24
33
22
11
36
2
31
26
1
32
22
14
34
2
33
17
7
9
32
19
10
36
3
10
12
20
3
0
25
16
18
14
9
17
23
22
10
4
35
33
25
1
27
31
21
11
26
28
23
34
21
10
29
20
6
1
14
7
12
17
13
34
16
36
2
36
26
28
13
35
