6
3
28
16
18
26
29
34
0
0
18
13
8
10
7
13
32
7
29
28
33
28
20
14
25
33
19
24
17
25
31
7
6
31
35
35
26
21
19
34
30
9
10
7
20
10
1
33
24
12
25
7
3
31
20
17
8
14
2
2
26
15
6
7
9
12
1
22
26
27
9
26
2
26
19
24
31
24
15
35
14
20
19
33
4
4
11
25
35
33
18
17
20
4
34
8
36
12
19
11
0
17
0
36
13
27
2
17
29
1
5
14
24
15
16
15
25
9
8
3
28
3
30
7
15
14
22
25
8
15
11
29
5
11
16
23
5
34
17
20
27
20
27
15
22
14
26
26
24
32
3
1
12
8
1
19
30
31
1
12
28
28
16
26
10
36
34
22
7
13
28
31
36
6
14
28
15
35
31
4
11
3
21
11
18
32
28
7
33
21
32
26
21
22
18
7
23
3
11
2
6
10
