15
33
18
33
14
28
30
10
34
17
22
17
1
20
2
4
2
2
30
12
25
22
33
5
29
25
19
18
33
17
31
20
36
5
14
13
7
35
11
24
17
13
5
10
14
35
4
24
19
9
20
35
8
22
19
27
5
5
24
31
16
16
36
22
6
15
18
10
27
17
1
32
3
27
5
24
8
21
15
24
18
22
12
1
24
21
9
7
7
13
31
29
0
14
8
16
12
17
20
26
4
3
29
9
17
13
17
13
6
16
8
17
24
5
8
0
17
18
21
25
0
3
36
15
20
26
33
4
2
25
29
10
25
35
8
34
31
32
13
33
27
16
29
23
31
19
6
1
36
12
36
28
4
17
31
13
29
4
21
17
13
24
14
22
9
17
28
32
15
16
10
7
3
19
5
14
9
4
17
10
6
10
31
22
25
27
19
1
11
28
5
25
9
27
28
25
22
8
21
