0
26
8
6
31
0
23
25
36
16
30
8
2
17
2
36
5
27
0
36
28
16
22
16
9
9
33
9
20
10
12
31
17
18
28
33
19
14
14
2
14
21
15
11
25
1
3
35
6
29
0
2
10
30
29
34
30
25
32
24
24
17
3
13
29
33
2
31
0
25
13
13
30
9
11
21
21
4
4
26
35
2
33
16
20
16
23
10
5
23
21
30
8
29
18
32
14
30
4
9
34
11
1
1
1
1
21
2
34
24
33
18
5
29
34
12
28
14
33
1
8
1
6
26
23
24
24
32
10
4
16
35
29
10
8
7
7
28
7
36
15
8
0
24
29
28
2
36
18
11
9
19
22
31
26
22
33
33
22
11
29
10
10
21
15
15
5
3
5
21
1
26
23
24
11
8
30
9
7
5
22
22
7
33
36
19
11
7
3
13
30
17
34
30
34
29
32
21
33
0
