14
15
23
34
12
14
34
27
15
33
8
23
7
12
1
14
14
7
25
20
29
21
12
4
9
31
21
4
15
15
31
25
15
4
28
35
35
26
11
12
9
32
30
2
12
21
19
20
15
0
20
3
13
3
30
1
18
7
27
5
29
9
8
1
18
9
21
34
19
13
15
36
22
29
24
20
5
13
36
3
3
20
2
8
30
21
1
8
35
16
25
6
32
24
32
4
12
32
34
8
27
15
7
3
13
25
29
23
35
8
1
4
26
34
30
17
33
13
36
31
34
13
24
9
26
5
26
36
10
15
2
20
29
30
10
4
21
22
24
6
10
4
14
24
12
20
19
24
32
11
32
32
11
13
30
31
20
13
36
36
7
7
15
7
30
14
4
36
29
35
17
9
3
9
14
14
31
20
33
24
2
17
18
33
17
30
28
19
27
23
5
18
9
6
35
9
2
35
19
