9
1
6
13
28
27
18
15
15
17
17
21
4
10
4
24
29
20
34
35
35
19
4
10
16
32
16
28
36
16
21
35
29
12
9
28
9
25
10
21
34
26
35
20
6
8
34
10
24
2
7
36
0
23
24
17
15
7
16
0
15
21
11
7
22
12
10
24
31
7
15
15
28
32
22
12
7
22
1
16
25
31
34
26
36
7
13
31
31
32
9
33
21
6
1
15
6
15
30
33
23
9
17
7
18
12
35
31
29
33
2
31
12
15
5
0
11
16
15
36
3
9
34
10
9
8
12
35
9
3
9
7
12
17
32
28
32
2
28
13
35
5
25
22
25
31
6
12
6
17
16
16
30
20
27
2
0
4
14
4
2
14
16
27
25
8
32
20
27
12
14
11
28
12
20
32
13
35
20
16
10
29
19
4
22
6
22
14
32
6
19
21
6
1
12
7
36
36
