13
33
29
20
4
14
18
16
17
19
28
26
8
22
21
18
28
26
5
9
23
22
1
25
33
35
33
7
16
10
24
17
1
14
31
34
22
17
25
29
4
14
7
34
1
9
26
8
24
17
21
18
23
7
25
6
1
12
18
2
32
11
32
14
2
8
2
35
5
23
6
28
36
5
11
23
26
16
23
16
11
21
32
23
7
11
13
19
28
7
27
24
1
9
14
17
22
10
4
30
24
29
10
9
28
34
7
27
9
19
29
32
8
15
7
17
33
0
30
21
33
26
15
0
29
29
32
35
14
19
30
32
1
10
23
24
31
34
35
4
10
29
19
7
9
1
0
3
2
18
27
0
4
22
25
1
34
11
1
9
19
26
24
4
31
21
34
22
12
0
14
15
25
32
15
32
1
30
4
2
6
24
31
26
31
13
2
24
18
0
12
33
33
1
9
7
27
24
21
26
17
6
0
5
