24
28
9
20
28
16
5
18
5
28
30
9
23
29
9
25
21
8
6
13
6
9
13
3
33
19
31
23
36
12
31
18
8
7
29
10
3
13
1
12
17
16
21
8
13
10
36
6
1
30
28
11
19
23
32
2
0
0
24
12
15
14
9
4
24
28
11
18
4
2
13
18
1
27
23
15
33
26
14
18
9
29
12
13
11
25
9
2
31
27
28
28
26
24
23
23
3
24
4
30
14
5
6
32
2
36
17
34
7
11
0
30
19
35
17
1
31
15
26
26
9
31
19
19
17
11
27
11
25
16
13
1
24
21
6
34
2
10
5
28
17
28
17
23
31
0
35
19
24
4
25
17
20
3
32
17
13
33
28
10
23
30
4
21
14
20
18
17
28
31
0
31
23
16
25
8
7
11
33
28
0
22
16
14
14
29
25
3
33
30
31
29
25
12
24
20
33
