6
7
4
8
15
27
29
17
6
31
34
3
25
3
12
0
25
4
10
28
17
34
0
21
1
14
25
7
14
26
2
33
24
16
21
24
0
1
3
28
1
31
11
8
23
30
9
23
19
30
32
9
13
28
16
11
1
16
17
3
33
36
19
16
13
12
17
17
9
30
27
18
35
12
36
1
23
32
17
24
31
29
18
0
10
30
16
12
1
3
34
2
18
6
23
36
20
30
10
4
25
2
10
23
6
27
25
21
3
5
3
34
6
12
7
12
5
22
14
11
16
22
19
33
27
12
35
24
1
29
27
3
35
23
13
31
7
0
16
9
20
18
15
23
3
0
33
8
2
3
10
21
7
34
9
12
27
12
4
30
11
23
12
27
7
17
27
4
29
9
18
27
12
35
32
10
8
16
19
0
17
2
10
12
9
12
8
5
21
20
14
15
10
27
16
27
35
36
