36
6
13
32
10
29
14
17
0
11
21
24
21
34
18
3
3
0
16
6
25
29
26
16
27
28
26
12
15
34
8
8
8
20
16
7
19
18
23
12
30
4
26
33
28
32
0
4
30
32
17
13
18
16
13
29
24
11
13
8
17
21
27
9
33
21
4
19
6
19
25
1
6
0
36
33
32
35
25
12
9
33
13
8
17
17
1
28
28
3
33
23
34
22
21
11
26
26
21
22
11
10
0
19
5
7
14
11
29
31
19
16
31
25
22
7
17
28
23
16
24
28
17
13
4
20
22
22
1
15
28
2
0
24
16
11
7
17
31
2
11
24
11
25
5
11
19
23
29
27
21
27
36
1
13
14
0
14
6
30
24
33
8
25
34
28
0
24
16
33
20
33
31
8
22
25
9
18
30
15
18
33
10
27
15
28
8
15
27
9
1
12
32
18
13
10
12
13
10
17
