23
32
1
3
33
30
27
10
7
21
30
27
16
1
4
9
32
3
32
0
22
19
7
13
13
20
22
12
8
7
31
23
32
15
33
9
31
20
35
0
29
18
27
31
3
35
12
0
35
0
35
13
9
17
28
3
32
1
16
10
5
3
1
36
16
24
22
21
32
36
28
12
6
11
27
8
14
33
36
32
11
18
21
3
31
14
31
16
28
27
5
6
3
6
33
29
21
33
24
20
14
16
15
16
19
6
17
1
8
33
10
29
5
8
33
16
17
33
33
10
35
27
21
3
8
6
5
18
34
13
23
34
9
25
31
19
30
19
11
7
34
0
9
33
23
21
6
11
23
30
35
11
12
4
21
3
23
3
33
34
34
5
13
20
15
13
36
10
7
2
21
4
10
14
19
33
5
10
21
17
3
5
13
26
29
16
26
27
9
11
15
28
18
35
25
16
5
