19
5
21
23
6
14
33
32
36
31
27
11
4
23
24
30
0
23
5
20
33
34
32
2
4
15
5
33
18
9
13
7
2
29
13
35
14
1
36
33
3
15
15
29
7
1
15
6
30
10
32
2
22
19
31
15
8
15
3
16
25
31
34
9
24
26
30
17
11
20
27
5
2
8
26
23
25
20
5
11
27
30
13
10
11
14
15
29
12
4
28
30
24
22
15
28
9
36
3
17
34
22
23
8
35
13
30
16
30
26
8
1
11
20
16
24
29
0
12
26
2
28
10
5
26
33
3
15
6
4
36
9
2
23
12
28
33
34
30
16
1
7
5
36
22
18
25
19
10
26
7
17
1
20
31
8
32
29
15
19
28
12
6
0
1
29
11
28
3
31
0
30
18
28
36
29
36
26
30
16
9
4
23
14
33
32
28
3
24
31
1
14
20
28
9
1
8
17
4
9
22
28
