8
4
34
14
2
30
20
10
0
15
13
25
32
27
9
10
32
19
4
21
0
35
10
28
2
26
3
14
15
0
24
23
22
22
2
35
5
6
8
31
27
5
30
13
29
26
32
13
16
7
17
10
24
3
1
1
11
1
8
12
2
12
1
17
0
25
18
26
8
0
17
0
28
26
2
12
6
33
2
26
36
22
26
14
8
10
18
11
7
27
27
14
16
32
9
20
20
21
29
24
19
3
22
3
27
24
25
4
28
22
19
10
26
18
21
18
25
29
4
30
8
20
5
19
4
6
15
25
7
34
2
17
14
9
15
10
28
29
35
23
27
23
15
14
26
15
17
14
22
17
9
30
21
34
10
25
27
9
29
6
21
5
35
2
12
20
1
35
12
26
1
17
18
24
24
9
27
8
21
4
27
32
5
17
8
26
20
5
31
30
36
1
16
26
25
25
26
30
23
