2
32
36
8
26
28
18
27
36
19
26
28
14
36
35
14
35
31
11
4
24
16
28
36
22
21
8
12
17
32
18
33
6
19
22
18
9
22
29
0
6
29
1
8
27
5
14
36
19
35
36
33
7
22
0
28
24
6
8
22
28
8
31
15
2
2
31
25
22
9
18
6
23
19
19
1
0
32
13
2
23
14
5
34
30
28
8
24
25
22
8
35
36
11
35
9
31
27
29
25
16
18
23
10
21
21
32
19
12
36
36
17
30
32
4
36
30
12
35
35
27
7
28
12
1
20
0
22
20
3
4
22
30
13
5
1
28
6
34
0
17
2
31
5
21
18
0
4
12
35
24
10
13
18
25
17
3
10
25
1
27
20
16
10
34
29
25
28
0
4
11
15
1
32
3
35
27
23
30
5
32
8
34
30
3
2
14
10
8
18
31
13
24
5
32
14
3
11
