15
23
8
2
1
7
13
15
28
31
24
11
32
10
14
1
5
11
18
21
11
5
30
11
24
6
23
12
21
29
2
0
11
30
2
23
6
27
17
2
8
0
33
9
17
29
3
13
25
15
5
19
33
5
20
33
34
7
16
10
23
31
0
13
22
2
14
4
26
27
30
11
21
3
36
24
10
25
17
2
14
14
7
13
20
4
27
25
10
20
7
25
1
35
9
27
31
27
5
19
3
10
2
12
1
26
23
24
28
7
26
32
32
12
35
26
11
4
36
15
31
28
12
24
10
0
36
7
34
3
1
28
0
4
31
8
20
12
35
34
5
29
34
18
31
16
25
34
13
34
35
28
27
15
3
6
34
0
18
32
16
24
21
18
16
29
33
4
8
6
30
2
14
19
7
23
10
16
0
7
2
32
12
30
33
4
29
18
17
8
33
4
1
17
12
4
35
7
32
36
20
