5
5
5
30
24
36
8
26
31
27
5
10
17
25
17
24
19
0
33
24
34
0
35
8
5
12
29
6
14
6
8
25
6
35
33
9
2
14
5
3
16
15
32
13
4
17
22
0
10
26
0
13
21
21
33
23
1
29
0
24
2
22
7
1
19
13
34
0
13
34
13
5
0
21
3
2
21
19
22
13
22
30
33
31
34
3
10
26
23
13
20
23
2
25
24
13
26
27
6
16
23
33
1
16
1
19
17
18
15
10
16
7
24
12
9
34
23
17
1
26
33
20
31
32
36
13
21
23
30
32
13
9
1
11
20
25
28
20
5
29
2
22
15
19
28
34
12
16
13
23
22
34
6
32
3
24
28
23
28
5
31
10
4
35
4
16
29
14
11
34
14
8
17
28
10
20
13
4
12
2
29
17
7
14
20
12
18
21
33
13
28
0
1
25
21
13
33
19
