32
8
32
5
5
34
5
5
26
11
4
15
11
0
34
35
31
6
6
16
18
20
15
4
25
21
26
30
12
21
27
36
23
36
33
1
24
32
34
0
1
6
23
24
22
20
8
6
6
27
0
24
34
16
0
29
17
8
26
2
12
13
31
8
6
23
29
30
23
33
32
26
32
1
29
28
23
10
2
34
2
27
10
34
1
36
17
9
33
21
31
6
17
9
15
4
1
14
16
26
18
5
9
33
8
1
23
33
19
10
14
22
19
22
32
31
28
19
31
18
6
32
26
12
5
28
35
36
0
23
24
11
27
30
6
17
1
25
22
13
31
31
2
13
36
32
20
24
27
10
16
18
23
14
18
17
0
29
32
4
30
22
33
22
17
14
19
27
24
30
11
21
30
25
31
33
23
1
11
17
27
23
2
33
11
22
15
35
20
0
34
33
28
31
3
24
11
