26
13
16
10
4
8
5
25
25
9
6
35
10
10
34
35
26
11
19
28
11
29
29
26
13
35
27
28
23
32
4
33
1
35
20
14
26
31
32
17
13
7
3
14
10
20
6
30
24
13
20
19
16
3
0
34
26
7
5
22
15
8
0
27
21
17
17
17
18
14
21
29
29
30
1
35
4
31
32
0
14
3
16
22
8
2
31
15
22
10
19
2
0
17
17
23
13
0
26
5
35
36
13
10
29
10
35
5
6
31
31
19
4
16
36
11
21
2
28
16
22
2
12
0
13
16
15
33
18
0
6
16
0
27
33
2
23
13
23
6
25
33
8
18
25
14
21
0
33
29
9
32
31
25
36
4
34
30
1
14
17
24
1
19
14
11
20
23
4
13
10
33
9
24
11
36
28
24
23
26
15
16
1
0
2
16
33
20
8
32
21
23
19
21
6
25
22
