8
25
19
23
23
25
15
18
19
29
10
23
32
2
1
16
7
3
26
11
11
12
36
30
1
27
16
2
35
6
16
4
7
24
25
8
32
21
23
15
15
23
23
29
32
4
14
3
6
35
29
22
36
21
28
32
7
28
14
24
28
36
32
5
20
7
32
9
9
35
34
19
5
15
16
3
17
2
13
31
35
28
19
23
23
9
19
4
21
18
3
25
24
26
35
20
30
23
34
25
19
14
21
6
30
21
14
17
29
33
8
22
29
1
27
33
0
29
27
19
15
34
23
29
5
17
20
8
30
11
19
18
22
32
19
13
7
9
4
21
29
19
8
15
17
19
30
34
11
23
5
2
9
1
16
12
3
22
0
16
35
11
34
11
14
29
15
0
18
8
24
31
25
13
18
23
36
21
0
35
5
22
20
31
23
30
2
29
24
6
1
10
25
2
9
4
9
