34
9
12
3
32
15
20
34
32
3
8
11
17
9
11
1
15
7
31
5
35
36
19
1
27
6
0
6
3
24
14
10
28
25
10
29
15
13
4
9
30
16
4
13
30
17
11
5
34
7
16
10
23
24
5
7
18
8
23
0
33
23
19
26
25
22
5
10
23
23
17
15
19
25
35
24
28
3
19
5
24
13
22
9
14
20
10
28
19
12
7
9
35
10
13
33
11
34
1
36
17
26
18
35
13
12
25
4
9
24
26
12
7
33
2
8
18
13
13
25
27
10
0
34
17
28
2
2
4
14
18
6
2
0
13
17
12
16
8
4
34
25
36
1
9
10
15
34
10
22
16
27
31
9
2
17
12
4
8
3
13
28
20
12
26
31
36
1
23
21
2
18
13
6
25
4
19
32
35
26
21
4
24
21
16
6
23
13
5
14
13
31
28
26
35
20
1
35
13
