12
1
15
32
5
14
0
8
16
6
5
21
12
25
0
31
25
21
3
28
25
15
2
14
13
16
32
16
1
7
11
4
12
0
2
30
10
33
24
21
25
1
11
27
16
6
5
2
27
27
18
9
10
34
20
9
33
9
22
11
18
30
6
19
11
21
15
6
28
18
21
20
21
8
3
5
30
10
16
17
24
19
24
22
23
4
26
24
8
9
22
6
3
26
19
18
25
5
9
23
4
36
9
31
29
25
33
4
33
15
12
7
22
34
4
17
29
7
28
25
24
1
11
5
2
18
14
2
17
31
13
5
3
15
27
19
27
17
2
20
34
32
11
15
6
16
11
35
7
1
13
30
31
36
18
28
35
13
1
8
25
19
20
30
4
6
33
3
25
30
11
2
20
27
7
10
31
7
27
12
19
24
17
21
12
5
10
24
4
31
2
28
19
5
33
22
22
34
