19
9
8
32
3
18
27
23
10
33
11
5
12
5
17
11
26
8
10
19
3
23
16
8
24
22
23
13
10
28
20
11
3
15
2
32
16
17
27
4
6
12
31
35
10
24
3
14
21
1
11
29
5
17
32
14
25
17
28
6
31
11
35
26
4
22
18
4
7
5
33
34
26
17
26
30
26
6
23
35
12
15
23
36
3
23
16
10
27
27
35
22
11
33
1
13
18
9
24
25
4
31
5
18
14
32
5
18
25
14
2
28
34
7
13
33
34
2
13
4
9
12
32
31
25
0
23
4
15
35
21
6
11
26
0
28
21
3
13
28
15
23
28
34
0
32
30
3
12
13
2
18
3
19
5
6
13
30
19
30
15
11
17
11
35
2
19
36
25
23
18
31
35
11
31
4
31
34
25
30
29
33
36
35
30
18
19
1
21
26
13
29
26
3
4
31
11
14
34
17
