17
2
21
20
10
21
1
29
9
21
26
30
30
16
11
15
25
20
9
21
13
25
5
6
19
30
25
7
14
35
6
27
21
6
22
24
18
20
29
20
23
6
20
32
18
31
33
7
11
30
29
6
26
29
20
20
9
22
21
16
30
0
8
27
20
11
18
28
15
9
4
14
5
0
28
36
10
12
15
36
30
30
8
6
25
28
26
34
35
33
33
8
15
25
35
14
8
22
10
30
29
4
27
14
24
7
11
22
0
29
35
7
32
6
0
3
18
2
2
33
25
28
9
14
8
16
0
20
15
21
25
0
19
2
5
9
5
25
1
34
25
28
27
17
28
33
10
0
36
12
16
13
17
11
2
17
10
30
17
27
26
24
28
22
6
33
12
7
11
30
5
28
32
33
17
28
14
33
31
5
10
16
36
16
36
17
19
5
4
11
7
21
2
31
11
2
