31
9
33
34
7
19
7
31
18
0
12
22
0
4
7
18
8
24
32
1
13
20
8
15
29
26
24
10
0
34
17
14
20
30
30
27
35
10
26
29
6
4
22
36
29
29
24
8
12
32
16
7
10
20
0
3
16
13
14
35
17
14
16
2
1
22
33
31
3
33
23
36
1
35
6
30
31
9
26
11
32
28
17
17
4
11
22
16
32
0
17
23
7
1
33
24
28
17
27
18
23
13
29
2
12
32
21
17
10
2
32
27
15
11
1
36
31
25
15
15
29
10
15
36
34
18
26
16
8
9
12
5
32
24
1
28
17
28
23
6
9
1
29
5
30
1
13
16
33
22
33
24
2
5
29
16
32
21
8
34
3
26
8
25
17
16
36
4
10
19
35
10
9
32
13
36
5
14
25
29
36
2
26
11
4
32
0
20
34
20
10
33
21
0
1
31
19
14
23
8
23
33
31
9
