28
2
26
26
10
26
28
7
35
35
25
17
8
2
28
23
2
33
15
10
14
10
17
22
16
35
32
36
15
7
17
17
21
11
27
26
31
19
31
1
19
19
2
23
22
30
3
31
16
20
30
5
36
23
29
20
19
35
36
12
34
15
19
16
20
32
25
17
19
27
29
8
19
33
0
20
35
34
27
28
30
4
0
9
30
34
10
15
15
8
31
29
4
16
25
28
8
10
31
4
3
21
29
8
36
21
27
10
32
30
1
0
16
5
24
28
1
28
32
10
26
13
22
1
8
33
33
26
22
11
7
13
6
22
36
12
30
17
1
31
22
28
28
0
3
26
14
32
9
22
23
15
34
17
7
16
33
8
25
11
0
25
0
35
22
1
3
23
3
11
10
32
34
34
7
30
36
9
35
33
22
22
5
27
4
25
29
10
25
3
9
31
9
17
30
31
33
1
9
14
17
9
