24
27
36
7
24
32
23
35
26
1
10
15
9
28
24
1
6
16
13
3
16
31
3
29
19
4
18
13
34
28
33
7
15
26
14
36
18
6
3
20
36
19
27
31
35
33
29
16
20
14
29
23
22
10
17
15
9
18
25
13
8
8
14
20
34
36
6
0
7
17
6
34
26
34
16
6
18
17
11
28
15
22
8
26
4
8
35
24
11
21
19
33
6
31
14
11
16
16
8
34
20
34
7
6
18
7
4
34
5
35
11
28
36
12
2
24
11
16
4
34
17
2
36
15
7
30
20
6
22
22
34
22
21
25
17
5
29
8
9
9
18
22
12
16
18
5
28
5
29
2
6
5
32
17
30
8
5
30
1
4
2
22
8
25
12
12
5
28
10
8
30
24
27
10
22
5
3
16
21
17
28
7
32
15
17
29
11
25
20
18
30
23
23
27
1
19
