2
18
16
2
18
14
23
12
31
5
5
5
7
30
7
22
14
10
29
23
34
17
11
0
6
11
6
34
30
2
24
28
28
6
24
35
6
25
10
27
7
25
19
32
17
10
35
26
23
4
25
2
20
14
33
33
1
16
26
1
10
8
19
31
4
23
30
14
9
7
36
11
14
10
5
30
32
30
9
20
23
11
23
23
29
12
19
14
7
18
0
24
34
7
36
11
14
28
3
5
17
15
21
26
21
33
32
33
8
29
14
20
33
4
28
11
14
14
20
30
21
31
18
10
34
12
4
3
9
4
19
4
2
30
26
35
24
0
3
6
28
22
1
3
2
13
2
22
34
8
19
15
18
10
16
12
30
5
18
26
29
35
9
18
10
19
20
2
12
20
8
22
19
32
35
25
6
28
11
5
5
24
8
12
11
32
5
16
24
3
25
14
4
32
10
4
