27
19
31
0
1
9
26
2
10
25
25
10
4
3
35
13
22
14
13
24
6
29
21
9
13
23
14
20
27
2
3
20
6
33
36
7
12
10
17
35
2
30
11
33
25
32
26
32
33
26
29
4
26
16
35
12
35
17
0
28
17
1
16
30
25
17
30
23
17
30
20
0
1
0
25
4
30
18
23
27
8
33
16
21
20
9
6
6
26
22
8
6
11
26
9
22
9
8
8
25
0
13
18
2
21
0
2
24
30
0
16
15
33
29
2
34
35
31
31
26
21
25
35
28
29
12
24
36
0
1
3
21
2
8
29
34
6
3
18
25
31
25
22
31
27
17
22
35
31
29
11
12
3
23
5
3
1
19
31
12
13
2
30
32
10
36
25
18
23
18
21
16
7
26
23
3
2
10
14
30
25
6
36
19
34
2
34
33
0
4
25
25
6
7
10
9
14
9
