35
33
36
11
11
6
18
11
34
16
16
36
25
32
2
8
9
21
27
31
23
1
30
7
13
33
8
28
15
9
14
23
32
26
30
5
17
33
16
5
28
6
5
10
23
8
32
24
24
8
2
5
18
34
33
20
19
11
9
12
17
4
7
2
29
0
19
30
5
15
36
14
25
22
13
0
36
16
28
33
3
10
19
10
31
10
3
26
16
23
10
26
31
16
3
36
28
1
1
15
30
26
0
15
11
15
22
6
33
13
33
31
1
5
34
30
1
14
15
5
30
16
21
11
24
15
15
8
11
29
19
11
21
9
24
28
32
11
17
14
21
3
36
9
16
28
23
0
19
2
27
33
34
32
35
25
22
6
9
31
31
16
22
24
12
33
7
6
12
7
0
6
3
24
11
2
24
19
33
29
2
36
10
1
29
23
34
19
2
23
12
20
7
25
27
2
22
20
