23
9
15
18
36
35
9
12
2
5
28
1
15
20
27
6
16
19
27
17
11
7
25
32
32
11
18
34
14
28
22
33
8
15
22
11
8
27
6
35
29
3
21
21
2
2
34
25
7
14
31
20
13
11
27
18
20
8
1
25
14
26
17
2
27
23
24
3
5
23
21
23
21
19
11
31
17
0
21
33
4
17
26
12
15
32
27
30
28
17
33
3
2
32
36
0
13
24
13
32
30
25
14
31
19
28
19
24
3
6
36
36
36
22
14
8
26
6
15
9
18
22
16
6
24
0
2
7
23
17
36
24
11
30
8
4
5
20
33
28
30
34
21
2
33
29
13
14
32
22
29
5
16
9
11
19
20
18
6
11
0
36
26
19
5
15
16
22
32
9
1
31
20
32
31
11
34
0
12
4
17
13
7
29
15
24
34
9
15
19
35
16
20
30
17
4
6
30
17
1
10
