9
12
29
8
21
28
4
0
25
34
14
19
16
14
9
14
30
17
23
5
13
27
31
24
12
18
33
29
3
23
32
4
0
0
31
21
5
4
31
9
24
35
4
23
3
1
16
19
4
32
20
19
5
20
12
16
27
32
2
12
30
26
9
21
28
0
21
35
17
15
14
10
21
29
25
0
31
13
3
35
29
12
1
30
19
34
3
27
24
11
23
18
19
12
19
34
24
32
23
30
4
23
35
25
20
17
10
5
12
5
34
27
18
4
6
3
35
36
4
28
21
33
30
24
8
24
9
8
21
0
7
10
5
29
8
7
26
0
12
27
7
21
5
4
27
23
33
0
35
25
31
2
16
17
25
26
4
17
22
5
3
36
7
12
7
32
31
22
9
24
36
18
21
33
1
1
3
11
16
0
25
11
16
10
31
18
34
25
24
13
31
33
24
29
29
26
