8
27
5
35
29
4
16
17
12
4
7
33
3
16
27
6
1
7
7
19
9
0
14
13
4
15
16
23
27
5
28
7
21
28
5
5
4
12
22
19
16
8
36
25
11
24
21
1
25
19
25
27
21
28
21
32
16
33
7
36
34
30
32
26
36
35
17
26
3
8
13
2
7
27
20
24
36
7
36
11
11
30
21
19
14
32
30
21
13
18
23
0
36
33
1
13
22
10
4
9
27
15
23
4
16
5
22
31
20
2
34
14
17
14
24
6
29
26
30
12
11
29
24
29
3
24
20
14
35
33
12
0
25
7
26
31
28
3
33
14
0
34
33
28
6
19
30
23
31
9
19
29
13
21
26
7
20
13
35
23
10
29
36
18
2
26
2
15
22
9
2
34
33
22
36
2
14
28
27
32
25
12
20
23
2
25
0
27
36
13
16
32
25
22
23
0
15
10
