36
23
11
1
21
24
4
33
32
17
22
8
32
20
8
7
33
14
20
15
16
20
3
3
28
29
10
25
10
20
9
10
32
17
26
1
36
5
16
21
15
29
16
11
30
13
22
27
18
6
11
32
23
14
23
0
9
27
14
9
15
26
28
11
16
33
29
25
16
19
16
10
35
31
9
34
32
20
12
12
21
30
6
25
8
23
33
24
8
18
11
34
23
21
25
24
26
35
0
32
26
34
19
11
30
35
9
6
7
30
7
6
13
15
15
21
2
2
15
5
11
20
17
15
31
4
2
36
29
32
28
5
27
19
33
33
13
32
3
29
0
11
3
34
16
24
13
7
25
27
11
18
16
3
18
2
0
9
20
9
11
32
28
29
33
26
31
24
19
12
30
23
33
1
1
15
31
8
20
34
28
8
6
33
16
15
26
12
23
18
22
24
11
4
6
24
23
29
26
