26
28
7
33
33
18
3
8
4
24
3
36
13
27
13
6
9
10
2
4
26
19
29
12
9
19
6
23
4
9
21
11
26
27
29
14
15
7
29
33
12
11
2
3
8
29
11
19
35
14
10
14
10
17
13
13
22
17
29
2
31
16
20
0
25
27
9
3
5
28
1
25
12
21
20
6
17
24
13
0
14
34
34
36
30
5
8
25
33
6
4
36
10
16
10
18
21
0
1
25
15
5
33
20
33
5
1
28
3
24
36
34
3
19
18
28
16
5
16
11
16
9
7
23
1
35
26
24
21
25
30
10
8
6
3
25
36
8
15
2
34
5
15
11
14
11
22
27
8
26
9
25
20
7
24
20
28
13
11
34
29
13
34
5
35
35
32
10
1
25
0
21
12
8
28
28
29
25
2
24
1
9
22
12
2
1
3
33
33
20
0
29
15
29
6
20
