3
32
25
18
14
1
20
5
1
9
29
4
12
12
24
7
7
7
8
1
25
8
26
21
26
21
36
13
11
19
2
8
2
9
27
33
36
7
36
5
3
33
17
29
31
34
29
35
3
29
18
23
15
33
35
4
10
11
12
22
11
5
9
1
2
9
27
28
0
14
22
35
3
23
11
36
26
23
32
6
16
33
1
30
6
33
30
29
5
12
22
24
19
7
10
18
25
34
17
17
34
20
5
27
17
17
1
18
7
14
35
30
21
31
15
27
36
29
31
32
13
25
14
19
11
34
6
10
13
16
7
18
10
11
33
13
8
23
2
23
28
16
24
27
29
17
12
2
6
36
24
6
19
28
27
13
27
8
7
30
0
15
1
27
16
32
32
26
22
17
4
15
10
26
30
3
11
10
14
11
28
13
21
5
28
29
4
21
15
35
10
2
36
23
7
3
9
20
4
31
