4
32
10
7
35
21
26
31
3
35
9
20
26
9
29
25
15
8
11
16
7
29
35
18
9
31
29
21
20
33
6
3
11
29
1
2
34
34
7
16
10
24
22
36
3
13
7
19
9
33
1
0
25
5
6
33
5
30
26
25
16
12
19
0
2
15
17
12
21
21
24
22
24
18
5
15
30
1
20
5
33
7
27
34
32
21
16
35
28
4
4
14
2
16
20
35
24
3
18
24
29
28
7
6
13
31
34
28
6
35
13
32
29
13
23
2
27
5
3
2
20
21
35
5
14
30
22
36
34
8
3
18
8
1
0
19
20
15
22
33
34
33
11
2
3
30
33
11
16
2
26
13
34
32
22
0
33
35
36
26
9
27
21
27
21
28
0
0
13
5
25
17
34
19
0
36
34
11
24
35
18
14
29
15
8
0
21
12
8
31
10
19
17
16
33
15
