16
20
33
21
29
2
21
13
0
26
17
30
24
14
26
2
23
32
22
24
12
34
10
10
32
18
35
19
20
33
10
20
29
21
8
35
13
35
11
16
3
6
20
9
9
0
12
14
18
4
27
13
24
36
2
14
26
26
6
27
27
3
27
21
3
1
29
24
18
18
30
10
20
24
11
20
16
12
19
1
18
31
12
30
9
30
14
18
22
20
28
31
28
10
19
21
12
0
3
14
27
4
25
8
10
17
0
32
32
7
17
31
12
12
12
14
16
10
11
20
17
13
28
22
28
5
12
8
7
23
20
29
25
6
29
9
20
34
29
7
14
26
13
35
16
17
16
19
28
24
31
3
12
11
21
33
13
17
11
7
32
2
1
20
16
35
8
24
14
8
26
22
20
33
1
20
23
23
31
25
16
1
3
19
17
13
10
2
34
22
29
16
35
26
26
22
24
