28
33
4
25
4
6
32
17
4
16
17
9
0
30
8
26
24
5
1
1
29
20
34
27
0
24
8
29
19
7
19
26
22
2
24
12
16
18
23
11
35
32
4
35
32
21
11
14
5
35
31
7
5
12
34
11
7
12
33
31
12
9
9
19
18
22
23
28
3
13
4
20
29
14
5
5
8
35
34
28
8
29
12
30
28
6
0
8
23
12
1
12
33
30
35
4
10
5
1
15
18
36
33
1
35
3
23
28
18
11
16
13
29
28
9
21
25
33
16
8
23
34
36
24
0
5
26
13
34
19
8
7
15
14
20
16
29
5
35
0
10
12
24
31
23
14
12
18
34
28
22
21
29
12
11
11
11
33
22
27
18
3
0
30
22
17
11
29
17
5
19
4
32
27
35
29
26
30
22
32
22
31
10
32
7
6
13
20
30
17
6
0
14
32
35
14
26
24
