0
5
24
21
27
17
3
9
29
28
17
35
29
12
14
15
12
8
3
26
34
34
32
36
32
24
4
13
28
13
10
32
32
31
27
30
15
33
18
33
20
35
11
13
25
4
31
1
34
13
23
26
9
22
23
21
36
28
29
10
3
11
26
15
26
28
16
26
26
23
11
16
36
0
16
33
8
7
26
29
34
20
13
32
8
34
16
9
5
36
32
7
14
5
31
32
8
24
4
8
19
4
14
28
12
20
26
13
27
1
24
7
8
5
27
24
27
6
20
26
23
23
35
19
24
8
10
17
17
18
8
23
30
10
24
0
13
27
30
23
19
31
26
33
29
10
22
11
22
21
2
16
36
16
14
23
1
29
1
20
27
24
12
19
6
19
32
6
25
18
33
29
1
29
25
14
25
5
15
35
3
5
19
25
19
7
22
10
9
9
31
35
4
33
34
24
24
