8
13
30
1
8
31
9
5
17
20
31
36
11
32
34
10
17
22
6
19
29
2
8
18
30
30
17
4
17
8
28
13
28
30
30
29
33
7
30
23
3
8
3
7
12
9
28
5
35
26
28
24
15
26
9
32
29
1
27
16
12
1
10
16
15
11
24
7
35
9
23
8
29
4
3
28
16
18
18
14
7
20
10
18
25
33
0
8
36
21
21
21
28
31
30
33
20
3
15
0
18
6
13
29
14
4
33
20
9
4
24
15
1
14
10
9
2
22
4
6
34
17
13
18
12
15
34
19
9
31
11
1
17
7
25
4
31
4
4
15
28
33
13
20
6
9
35
14
10
34
15
20
16
22
31
2
6
3
25
0
34
12
34
9
26
26
34
14
3
9
34
12
27
35
22
32
33
23
1
35
12
10
28
29
18
18
26
13
22
10
7
35
4
8
9
16
25
15
