34
21
7
25
29
27
24
2
3
34
26
9
26
16
2
23
36
14
29
9
30
30
26
14
20
15
24
26
15
19
12
18
15
0
21
25
6
14
6
27
7
8
4
23
4
32
31
9
28
6
29
9
31
6
26
10
19
4
6
2
22
9
7
10
1
23
26
9
31
26
20
36
32
30
25
10
23
6
22
29
29
22
1
0
20
25
32
11
18
11
32
14
36
33
9
31
25
36
31
16
18
8
12
20
31
2
9
13
18
23
27
7
11
21
2
21
17
9
18
16
7
13
7
9
26
7
36
0
7
24
35
34
9
15
23
15
2
2
30
11
3
23
14
11
13
11
16
33
30
34
24
35
7
0
25
7
7
20
24
7
12
11
2
9
25
21
4
17
5
22
3
6
2
10
36
30
16
18
6
9
1
12
13
30
4
5
30
18
34
33
14
34
5
8
25
13
36
29
20
13
21
