24
6
1
21
35
2
0
5
23
19
29
32
29
25
6
2
26
9
3
1
31
21
31
24
27
13
24
12
10
5
17
36
26
5
7
8
33
5
33
25
6
11
15
34
21
15
33
27
16
4
34
32
8
13
14
1
25
3
21
25
3
12
26
24
25
6
26
33
21
22
17
8
28
12
18
17
1
29
4
4
33
13
1
31
18
11
36
21
25
1
29
15
12
9
0
4
5
23
3
15
27
5
29
2
25
11
31
19
17
3
25
22
5
22
28
14
32
17
34
32
1
25
36
7
35
25
2
32
9
32
36
32
22
31
15
7
27
9
11
16
1
6
35
34
20
34
3
21
29
33
29
32
30
23
4
12
32
21
28
27
17
23
32
27
33
3
28
24
29
15
31
6
20
25
0
31
3
33
29
1
11
28
33
35
21
32
6
36
7
26
11
27
21
25
29
14
0
25
