19
34
34
26
10
21
6
8
2
3
4
22
28
28
8
19
17
15
31
36
30
13
7
23
25
11
16
35
23
23
17
2
4
10
0
18
22
8
30
16
10
16
30
2
33
7
11
33
35
36
18
1
13
8
21
19
0
9
22
36
35
17
24
15
1
24
21
22
28
2
11
14
27
29
24
31
1
8
10
29
30
6
8
36
9
12
11
17
34
9
21
25
15
25
32
28
34
26
17
4
8
13
26
32
31
13
28
34
11
3
16
9
31
17
16
0
32
24
26
24
3
13
20
5
30
26
0
3
13
3
35
15
28
4
12
6
24
20
3
15
14
12
15
1
17
20
3
26
15
12
34
14
35
33
34
19
31
7
22
35
20
34
7
4
27
19
16
1
20
11
23
11
31
12
13
13
22
16
4
34
27
24
22
23
23
17
14
2
16
27
16
32
14
25
25
36
9
