23
24
35
22
29
14
16
9
36
26
5
3
3
17
28
6
0
34
33
9
20
4
11
20
32
26
12
12
34
17
24
11
35
21
16
21
3
0
14
26
8
30
23
32
32
19
7
36
8
23
31
10
26
23
2
31
16
27
0
14
14
13
29
12
23
29
2
36
12
32
15
18
26
25
12
31
8
31
20
0
0
29
35
13
7
2
11
31
14
23
36
28
35
11
6
26
0
30
29
16
36
28
33
35
1
13
29
23
36
23
30
32
14
17
31
7
8
21
18
35
15
24
13
28
2
21
9
14
16
30
4
20
28
21
0
16
34
1
36
31
19
8
7
24
11
35
9
28
7
14
3
23
32
31
1
20
26
3
26
22
8
34
3
16
24
0
18
16
7
18
1
23
16
24
7
28
3
22
19
35
15
15
1
19
10
10
24
18
9
18
31
5
33
22
15
28
18
