0
30
22
6
35
19
16
23
27
14
35
12
4
33
14
9
30
36
11
35
30
5
16
35
13
30
34
9
13
19
16
16
21
33
12
28
18
13
22
6
26
17
10
26
7
24
19
2
29
23
34
30
22
2
24
9
26
31
19
13
3
25
6
31
18
21
6
34
6
2
23
8
34
1
4
25
12
14
6
19
16
24
36
27
34
10
29
6
2
29
5
30
13
24
2
14
10
29
7
3
24
7
25
14
0
27
6
7
16
4
25
35
32
33
36
36
24
9
14
24
32
22
32
3
35
35
19
35
24
4
8
12
18
9
28
7
13
15
30
14
18
14
0
9
16
2
23
8
5
27
33
11
16
34
18
16
20
5
34
18
17
6
6
3
20
1
6
36
29
27
1
24
32
29
26
26
7
27
29
28
34
31
1
33
11
15
15
36
4
32
28
12
5
36
32
32
2
10
2
