14
31
34
31
17
15
12
14
14
11
4
27
27
16
34
31
0
29
11
15
22
7
32
8
22
1
31
3
4
3
5
10
19
33
32
14
30
17
15
4
11
16
29
15
32
0
17
36
18
5
16
0
0
5
2
30
9
34
1
36
21
19
1
18
32
33
27
17
25
17
6
13
31
36
24
19
34
23
19
31
10
12
0
28
15
17
7
33
25
28
31
20
10
33
1
9
6
23
22
8
7
9
10
27
0
12
29
5
2
30
7
18
27
14
8
6
22
26
30
34
15
6
1
30
26
34
35
7
10
10
3
15
3
12
19
26
24
8
3
16
9
28
8
7
1
23
15
18
3
34
12
34
12
19
20
8
5
1
16
6
36
22
23
19
28
21
31
34
4
31
20
5
14
6
26
7
13
32
32
29
26
28
25
29
16
26
35
27
3
12
15
20
14
15
24
1
17
17
33
