11
29
13
34
7
23
7
16
20
19
14
11
6
18
5
28
2
15
0
5
19
4
20
34
19
33
29
23
24
24
8
19
14
0
0
4
22
31
20
34
34
14
22
36
11
9
33
1
35
4
14
24
21
10
35
5
28
12
29
22
16
7
35
20
17
26
11
27
25
9
27
14
4
25
7
7
22
11
0
19
22
13
33
29
24
13
12
5
8
16
22
33
32
6
12
32
29
29
5
31
0
35
16
5
7
18
11
8
34
21
15
18
15
24
31
11
11
16
34
21
10
32
21
0
26
35
3
10
16
25
2
18
28
25
28
6
30
21
36
21
13
18
2
33
36
10
6
33
34
8
30
4
9
34
17
12
35
4
30
31
32
8
34
19
24
13
13
29
20
16
18
14
29
14
4
7
18
8
30
33
12
29
33
25
24
26
11
28
8
31
35
22
28
10
23
12
9
21
24
35
