24
19
2
26
29
8
5
9
14
14
20
26
18
34
24
20
19
23
16
21
18
28
14
14
10
18
26
5
7
22
2
22
25
5
5
0
20
28
19
25
21
14
7
36
33
21
30
29
3
7
22
0
21
1
4
36
14
23
14
11
34
30
3
3
8
26
32
0
21
29
6
1
19
4
19
31
8
0
22
29
27
18
6
30
25
19
27
8
9
5
24
11
11
20
3
24
2
29
9
18
2
12
27
6
27
31
10
32
8
36
29
5
32
16
9
31
32
11
23
9
28
29
3
32
20
13
3
1
12
13
17
35
34
33
34
29
31
28
11
35
27
1
1
32
29
17
30
21
2
22
30
33
33
31
10
18
2
12
17
31
5
9
15
25
32
4
2
12
13
19
21
27
17
13
29
21
31
24
33
34
7
13
14
12
15
11
6
13
35
10
32
6
4
8
19
27
