18
6
5
22
6
17
8
15
16
30
24
9
15
4
25
36
32
2
0
24
8
29
22
6
23
17
8
1
11
10
35
14
33
21
8
18
5
22
13
9
32
7
5
8
17
20
27
32
36
33
2
25
12
24
5
21
36
30
2
0
12
28
9
35
10
5
18
18
32
20
33
21
13
16
28
28
6
36
23
20
11
6
29
12
0
35
10
30
32
19
33
21
18
17
9
8
32
5
24
8
24
25
18
0
24
16
36
23
29
18
22
7
9
3
23
13
22
3
1
30
31
29
0
12
18
8
18
4
2
20
8
31
8
4
29
21
23
24
24
15
35
3
28
14
3
19
2
12
9
9
32
16
19
11
24
5
28
16
31
13
8
21
3
24
11
35
32
27
5
20
26
5
35
10
0
24
23
5
19
16
33
30
14
22
13
27
31
2
32
4
34
36
1
31
33
35
