18
14
31
18
24
10
1
4
36
28
9
8
23
14
27
1
3
7
12
0
2
14
5
33
10
25
16
25
8
12
23
21
10
9
4
30
6
15
1
22
6
8
11
0
2
23
5
3
12
4
26
26
22
21
33
7
12
16
0
21
8
35
24
9
4
7
23
5
28
8
36
10
6
12
18
4
14
9
35
27
31
25
28
11
25
2
28
32
21
12
34
24
30
1
27
35
7
34
25
29
8
0
34
4
2
3
8
4
26
8
20
10
26
9
34
3
13
3
13
9
36
1
16
10
9
10
31
31
34
36
14
32
36
17
22
19
29
26
4
35
36
1
12
22
34
16
3
25
1
13
31
29
10
1
27
16
10
16
25
32
21
33
9
26
26
3
24
33
36
20
36
16
26
5
7
9
3
28
9
23
34
9
35
22
7
4
27
8
28
20
10
0
31
33
34
7
24
14
9
28
