8
13
0
11
16
2
16
2
12
25
1
17
29
11
12
18
3
33
5
12
30
15
0
34
34
31
4
24
6
17
0
1
31
7
35
18
36
14
34
1
22
22
16
3
11
28
9
20
1
1
32
2
28
12
28
2
23
29
23
20
26
20
27
21
32
10
28
23
27
6
28
36
34
2
0
3
23
20
13
6
15
26
0
6
2
26
3
20
7
27
33
35
9
13
18
11
10
7
25
15
18
3
18
19
4
14
3
16
9
17
32
32
20
4
18
5
29
11
26
36
11
13
29
34
15
30
32
15
12
2
15
3
10
36
2
9
30
20
31
18
24
8
19
35
20
33
33
5
0
8
3
18
12
22
30
36
29
2
24
33
26
32
17
20
34
33
20
20
6
34
10
18
30
28
35
2
21
24
10
21
30
2
9
9
24
8
33
4
4
5
32
18
28
21
8
33
3
