10
1
12
12
31
31
1
6
25
21
30
26
15
17
4
14
5
32
18
22
35
13
7
15
27
24
30
36
22
25
21
6
29
1
4
30
1
2
24
21
0
21
15
9
18
20
14
19
9
17
14
28
5
13
32
7
9
1
31
25
12
35
24
26
13
19
21
30
29
9
25
32
18
17
24
0
22
6
35
27
10
19
18
26
24
4
13
32
27
19
27
16
30
8
27
9
0
36
32
28
15
34
28
14
10
14
17
15
14
10
11
13
18
15
35
10
10
8
0
16
0
23
21
20
18
28
20
3
3
15
21
18
8
27
30
33
0
27
5
12
29
22
22
7
9
34
9
15
18
5
15
10
5
6
25
12
29
0
24
14
13
13
36
21
19
32
27
35
30
14
3
0
34
14
13
10
12
11
5
32
30
27
2
32
2
2
16
17
26
22
11
16
4
1
23
24
26
17
8
31
31
