17
26
25
24
12
33
8
24
25
16
10
3
31
9
7
5
31
33
8
22
12
25
19
3
0
21
21
22
2
28
12
16
29
27
12
6
16
31
24
26
20
30
25
29
30
12
22
6
34
10
21
35
16
2
12
18
27
23
9
36
20
8
31
32
3
32
36
3
18
27
33
15
36
21
25
18
21
7
17
16
19
10
30
22
4
0
35
27
6
30
3
36
6
15
27
12
8
3
36
24
32
30
0
9
29
32
21
21
19
8
35
11
3
33
11
17
34
27
12
27
6
34
10
25
11
17
36
18
31
20
1
4
21
34
22
3
17
30
3
29
25
6
25
28
4
4
25
0
36
3
4
32
18
24
27
22
3
13
30
10
9
5
1
15
27
27
15
10
0
36
16
4
26
15
24
5
1
6
36
10
34
34
3
30
6
23
31
4
15
26
20
35
2
12
26
9
33
12
22
