25
14
4
12
19
33
16
2
19
30
33
29
11
4
6
10
31
25
8
35
14
23
25
30
23
5
6
35
5
22
4
35
21
29
9
5
27
25
16
14
25
13
9
34
34
25
28
18
22
22
18
36
30
0
35
14
28
16
17
23
26
14
17
10
15
30
31
20
16
10
31
4
12
14
1
32
3
3
20
19
17
21
26
31
9
18
31
17
0
16
17
11
33
32
1
35
13
5
18
24
33
23
35
13
9
0
33
1
5
24
10
21
33
17
7
23
28
14
29
5
34
8
20
26
32
6
23
33
10
17
34
11
13
31
4
28
32
0
28
0
15
35
15
10
33
25
9
32
9
21
13
27
27
30
10
29
31
14
5
9
34
6
29
0
11
4
21
10
21
15
30
25
12
11
15
33
5
25
9
17
6
25
3
20
11
8
20
3
2
36
11
28
23
10
30
10
4
12
8
19
