25
28
17
1
9
19
19
21
16
36
31
12
34
35
29
16
5
9
24
23
16
15
16
17
33
28
14
2
25
8
12
7
10
3
33
13
14
8
10
12
16
24
30
16
30
22
20
22
5
10
32
23
22
26
11
5
9
29
22
14
1
16
30
28
17
30
20
11
7
35
22
10
17
6
32
15
10
16
20
29
24
36
29
4
7
15
35
21
7
34
3
35
10
17
13
7
6
9
18
1
34
26
34
17
23
26
4
16
16
18
0
31
4
14
17
27
11
27
4
21
15
27
30
14
26
18
9
10
11
29
25
14
25
21
8
32
6
17
19
32
19
22
24
4
28
28
33
18
16
9
30
9
28
19
4
24
8
23
5
2
3
10
17
8
5
21
30
8
32
33
17
6
14
23
11
8
19
34
34
19
24
33
0
3
9
17
19
0
27
28
10
30
0
27
36
2
22
