0
7
12
22
10
9
23
13
20
13
9
15
20
19
25
36
9
8
17
15
3
28
15
0
7
17
22
5
2
19
8
25
18
17
6
29
0
32
36
19
33
0
34
21
14
33
0
5
2
17
21
0
33
18
17
10
17
24
32
29
25
23
5
30
16
24
14
6
10
27
10
25
8
11
7
1
21
4
0
9
15
24
14
31
17
36
36
0
18
5
19
14
1
8
0
22
21
17
17
13
16
31
5
5
11
8
5
35
19
34
10
0
32
24
34
21
25
15
30
11
23
32
19
21
11
13
14
16
12
5
27
12
2
8
3
11
22
17
19
25
32
22
9
14
16
17
9
20
6
20
16
6
12
31
17
34
19
31
32
3
3
33
17
22
31
28
36
35
1
9
24
20
26
13
25
17
22
5
5
26
26
26
34
18
14
6
2
13
2
10
24
24
35
4
17
26
31
4
28
