36
16
10
13
5
9
0
28
32
15
29
24
34
23
33
9
7
24
14
34
4
9
26
13
26
29
35
13
1
2
3
10
34
8
6
16
25
0
8
22
30
29
6
30
2
25
10
0
14
15
23
1
27
0
33
9
12
14
5
1
28
2
12
4
18
27
20
19
11
4
27
27
12
16
17
15
30
30
23
4
20
12
5
23
6
30
35
12
5
10
10
26
19
8
36
28
5
17
35
19
4
29
11
23
14
14
31
26
12
36
31
30
23
26
33
20
4
33
33
35
31
24
21
9
27
18
30
4
17
34
7
8
36
0
3
14
6
21
18
28
4
32
16
10
13
29
25
18
5
19
32
12
27
19
18
9
26
7
19
9
3
22
26
28
3
20
11
22
16
5
4
21
7
31
14
0
9
21
28
24
24
3
5
16
14
9
30
11
18
10
7
30
18
17
8
19
11
0
22
