0
33
10
28
9
21
16
8
8
35
18
34
26
0
22
24
3
18
9
5
10
1
15
10
12
8
4
3
11
22
35
3
17
17
14
26
18
16
2
33
22
14
30
7
16
4
18
7
2
7
36
26
7
1
12
10
12
7
23
35
3
29
33
13
6
34
36
31
18
20
33
31
29
24
19
23
0
17
2
12
2
34
9
10
19
22
17
21
14
4
7
23
13
22
9
36
35
35
24
25
31
9
11
35
13
23
36
22
19
29
36
30
17
5
29
32
33
30
25
19
4
18
9
10
19
11
24
8
27
7
12
15
32
1
20
35
35
19
29
8
17
30
13
20
24
9
18
23
33
11
14
11
11
16
22
16
22
1
28
12
33
18
6
13
15
24
23
9
14
25
30
0
2
13
16
26
31
9
33
23
23
19
30
21
14
25
21
18
19
12
35
7
17
36
16
16
13
27
9
27
10
