37
1
34
24
2
19
22
33
4
19
16
22
16
15
26
24
18
30
35
24
28
3
36
11
30
21
9
19
31
8
35
13
13
28
33
14
22
15
0
11
23
31
18
23
22
36
32
29
1
23
1
29
17
3
24
11
34
10
13
25
22
3
30
2
17
22
3
33
27
0
1
36
13
2
14
35
34
30
22
23
9
20
24
11
15
34
36
21
9
19
21
7
10
30
35
35
28
16
33
1
32
32
34
14
2
21
5
20
35
1
16
8
2
1
12
6
30
8
28
16
31
21
13
14
33
16
10
28
6
30
20
23
2
13
34
8
17
25
13
19
20
17
24
2
11
27
27
3
35
24
3
8
4
5
10
1
36
25
33
23
5
28
18
5
4
5
26
36
14
32
30
15
4
25
15
18
28
14
24
22
23
33
0
27
3
17
19
33
36
6
19
25
28
11
9
2
19
36
