3
10
25
19
25
25
4
19
4
14
4
15
34
26
2
23
36
28
33
35
9
35
23
19
1
12
24
34
5
11
5
1
18
9
2
3
13
36
17
3
5
34
4
8
25
34
16
15
18
33
28
24
2
31
26
2
18
8
1
19
29
28
32
16
26
11
19
17
35
5
8
13
26
30
30
29
1
13
23
35
17
8
12
12
29
7
5
0
24
34
31
6
9
5
35
33
31
28
2
9
3
26
12
31
19
17
9
27
29
7
35
32
18
32
27
9
7
34
3
28
6
2
13
7
3
3
8
4
17
17
1
3
8
35
20
29
34
5
28
1
34
25
8
6
25
14
26
20
19
21
3
10
31
1
23
0
32
34
34
19
1
10
35
7
24
21
0
24
5
15
18
25
7
10
8
7
14
3
27
5
11
5
19
6
13
12
6
12
31
9
8
8
14
8
29
2
14
25
0
