32
1
34
28
13
9
19
4
19
9
36
2
5
26
14
24
6
15
11
5
7
34
9
29
13
15
6
25
34
6
28
12
23
33
6
18
7
31
8
3
3
30
6
2
26
30
9
5
4
17
16
6
22
27
12
26
12
36
20
30
34
29
13
13
9
35
34
35
24
30
9
34
9
25
1
26
15
21
3
21
19
0
26
22
26
14
32
14
33
12
8
35
36
27
22
14
23
4
20
13
8
27
33
30
33
27
36
3
14
15
32
17
4
1
12
8
30
7
7
18
1
6
28
27
2
33
4
2
32
34
25
36
33
23
19
8
2
2
12
12
8
22
6
20
4
17
29
28
1
23
4
21
28
4
18
19
34
15
28
20
14
33
1
28
0
31
7
23
20
34
35
27
16
14
14
12
11
28
16
1
8
8
6
2
22
16
35
0
22
36
9
12
35
13
28
11
34
12
20
