35
26
27
5
22
19
35
17
14
28
31
8
11
7
9
30
28
30
36
17
0
34
0
5
32
21
10
1
3
36
22
5
2
30
21
14
2
12
28
2
36
28
19
32
12
8
22
8
3
12
7
31
26
36
7
13
28
24
36
2
4
5
3
7
19
35
19
30
2
16
3
21
7
6
6
36
21
22
34
17
18
35
16
29
25
17
31
2
2
5
9
26
33
19
7
21
36
5
36
16
29
34
25
32
10
36
24
9
25
11
32
9
2
8
8
24
18
8
30
1
11
18
28
29
33
17
9
21
11
12
0
32
10
12
33
31
10
18
35
6
24
23
32
4
14
5
32
32
11
13
33
28
23
36
21
6
14
34
32
33
15
25
3
1
27
24
29
2
27
15
18
10
30
2
16
9
7
9
0
23
19
20
25
23
21
0
11
32
22
17
6
31
7
6
31
34
4
16
36
