28
32
11
24
16
11
22
36
12
9
1
25
14
35
7
29
31
17
0
12
21
34
28
28
20
16
29
4
21
11
16
32
34
15
5
1
19
25
19
22
29
35
34
23
11
27
36
19
10
2
34
30
12
10
1
13
5
25
26
12
17
36
29
21
13
20
16
11
11
13
5
7
20
30
32
14
15
22
23
2
19
14
21
22
0
34
5
1
27
6
18
4
13
10
26
19
13
34
32
21
10
6
28
7
33
30
18
11
1
36
30
8
4
5
24
31
17
12
10
6
7
11
18
13
28
6
27
19
5
14
16
11
3
24
19
11
17
21
7
26
32
11
15
4
18
29
35
7
4
28
25
26
29
23
21
2
2
2
7
1
30
36
15
7
21
16
36
5
4
11
5
21
31
22
2
32
10
27
6
29
29
10
16
15
3
7
13
27
22
16
21
34
4
12
20
8
20
