13
36
20
29
3
34
22
10
12
13
15
13
16
16
26
20
2
12
34
21
8
28
33
20
5
13
0
6
16
28
32
13
1
30
33
30
22
32
3
21
29
4
21
9
20
21
10
19
21
18
6
36
28
15
9
15
30
26
12
21
16
11
10
6
6
22
26
27
2
10
34
1
11
0
27
35
26
29
1
7
16
16
23
2
29
4
22
9
27
0
5
5
19
3
12
9
32
25
5
16
36
14
28
14
13
29
0
19
32
34
17
15
24
6
13
36
34
0
4
20
25
18
33
9
18
16
36
31
28
24
16
6
1
28
35
4
16
13
17
8
30
16
30
36
32
25
6
14
32
34
29
17
10
22
5
34
36
16
12
32
13
33
31
9
17
4
6
23
17
28
17
1
19
9
11
5
1
0
25
27
28
36
13
12
14
18
10
6
7
20
11
10
7
28
26
26
23
