8
30
28
28
32
16
23
17
8
19
31
8
0
4
29
15
31
4
36
30
36
22
15
11
30
17
35
6
1
10
32
8
12
12
24
27
32
2
28
27
21
12
22
17
22
28
21
6
35
10
17
26
22
16
17
14
18
20
30
20
3
15
27
14
14
9
23
27
13
30
29
5
20
2
3
29
29
24
10
19
22
11
6
19
33
35
20
23
10
10
31
21
29
16
16
16
7
3
32
11
7
17
7
3
26
0
23
14
27
14
0
2
2
18
7
1
23
18
26
18
31
10
3
25
19
30
1
23
12
30
24
28
36
22
23
12
16
29
10
11
10
25
23
17
22
18
4
16
9
18
20
30
26
29
25
31
21
18
5
28
36
6
6
28
14
17
4
29
15
6
19
20
9
14
6
7
9
30
9
19
8
33
5
14
20
32
31
14
32
30
2
5
9
32
32
15
11
14
8
21
