37
19
35
13
24
31
19
16
5
17
8
28
24
8
3
12
29
26
7
0
15
2
35
5
22
10
20
36
32
11
4
20
8
30
28
29
12
2
22
11
36
11
16
32
35
34
31
15
22
14
33
12
9
0
34
14
0
4
23
4
20
12
4
22
25
4
11
32
29
8
14
28
19
9
4
36
3
14
5
14
6
6
10
23
31
33
15
11
18
23
34
5
32
27
28
0
35
33
9
25
4
2
15
10
16
7
21
33
12
2
23
20
11
21
27
21
24
24
33
11
35
19
10
1
22
27
1
1
4
6
14
27
15
36
18
24
34
22
9
4
33
25
8
27
34
4
15
31
1
28
8
10
21
35
2
34
25
10
31
8
15
12
22
28
3
16
35
1
11
2
22
34
5
35
12
6
20
33
34
26
10
15
33
21
2
17
21
27
14
4
20
7
15
7
18
33
14
