13
10
23
22
33
25
23
0
15
3
13
34
29
1
2
32
13
19
3
9
19
24
15
23
18
14
19
14
26
17
12
33
27
16
0
0
10
12
25
16
31
25
34
16
21
9
11
2
36
29
27
15
31
17
35
7
4
7
14
23
31
18
31
14
2
8
11
7
14
6
34
13
14
7
32
14
25
29
11
25
33
0
21
32
0
27
5
25
23
15
21
0
5
1
27
19
0
26
15
20
3
12
33
17
15
36
34
27
26
0
15
28
8
29
14
10
8
19
22
5
1
21
3
31
34
4
27
27
10
36
36
18
4
16
9
16
9
20
9
8
29
16
32
11
34
26
17
30
5
7
28
36
11
0
8
21
2
10
12
18
12
10
32
14
17
20
19
28
0
26
22
2
1
3
9
23
21
5
10
2
9
0
26
36
26
17
18
28
16
30
16
25
26
11
3
15
14
