25
6
13
20
18
16
21
4
18
4
27
8
24
34
2
25
23
6
17
19
2
9
2
20
11
22
6
16
30
22
6
1
27
33
24
0
14
0
7
4
25
34
11
26
36
11
1
10
24
6
10
9
21
28
10
35
19
18
1
11
12
21
35
10
32
1
28
12
32
34
32
34
22
3
10
28
5
1
20
19
4
28
36
32
29
29
27
32
20
4
36
11
18
10
20
28
32
36
4
27
36
8
8
18
1
5
16
32
7
32
8
12
12
32
21
34
6
29
29
21
11
3
13
8
21
19
7
2
16
1
28
33
34
10
16
15
31
14
11
29
31
18
6
2
1
11
20
2
16
14
17
23
36
8
27
4
36
27
15
22
3
30
16
5
22
17
17
17
12
12
12
3
24
10
24
31
4
23
0
7
34
20
9
0
26
11
6
36
12
20
32
35
25
6
14
8
