9
35
4
31
33
30
24
24
6
30
32
7
29
35
7
29
2
14
26
11
4
22
12
15
2
13
7
26
35
22
14
15
33
0
31
22
22
2
5
2
15
4
11
23
3
33
15
33
27
31
19
5
24
25
24
6
20
33
4
27
34
26
5
33
29
32
32
5
4
32
33
16
35
32
20
12
30
11
22
3
11
29
5
15
23
35
33
8
7
31
23
32
26
4
30
35
30
29
22
10
26
6
7
33
34
4
15
16
34
15
0
24
22
10
36
24
27
27
30
5
27
5
6
29
1
31
23
33
9
2
10
28
4
33
31
22
18
18
32
2
7
33
12
11
35
5
19
23
0
34
29
32
11
23
34
17
2
33
26
3
35
28
10
6
27
23
1
6
28
12
1
15
22
6
6
6
34
9
9
35
12
13
2
34
36
7
28
7
21
1
21
21
0
22
26
2
28
