33
27
11
4
10
12
14
25
19
25
22
22
29
33
21
3
7
24
0
2
24
27
25
2
31
24
0
9
21
33
28
33
19
5
4
9
0
23
22
28
21
1
23
8
21
8
11
24
28
18
25
14
14
26
11
36
7
15
9
36
27
27
21
24
26
4
22
13
17
1
27
36
7
13
14
19
34
6
9
8
31
20
36
16
19
26
25
7
13
1
33
6
9
31
14
1
3
6
3
34
4
23
25
29
9
21
24
28
19
1
31
26
7
5
18
29
2
11
18
34
20
4
1
12
4
35
8
18
14
11
1
23
30
31
3
0
26
33
2
11
5
1
25
9
30
29
26
34
17
22
29
3
22
25
26
23
35
17
4
35
5
34
35
35
3
33
16
17
35
7
31
25
15
15
1
9
5
22
27
32
27
17
12
34
2
34
29
16
36
3
20
1
28
12
18
4
24
4
16
