37
10
32
25
12
0
19
33
13
8
10
22
1
19
32
11
25
19
2
10
16
15
20
30
11
14
0
5
14
22
1
21
13
18
25
4
6
32
31
6
7
30
26
29
31
22
15
33
29
14
18
19
9
19
10
5
6
5
8
16
25
23
7
19
32
22
18
27
29
35
21
36
2
9
23
6
3
4
2
23
6
12
25
8
23
34
36
23
1
22
22
30
0
36
22
18
2
29
2
4
20
7
13
9
32
27
24
3
0
13
13
1
11
9
31
25
24
20
5
29
3
1
22
17
33
33
3
26
1
2
35
32
19
19
19
1
25
21
36
25
28
27
2
23
35
24
35
8
2
12
15
31
11
11
31
21
12
36
29
4
30
9
21
25
31
1
26
12
19
9
6
35
26
33
6
29
28
5
16
11
20
36
10
28
5
9
13
27
8
27
9
26
35
1
16
3
15
16
17
4
