20
35
26
33
26
20
31
30
9
19
7
26
20
16
30
22
4
27
4
17
3
15
29
0
1
8
13
8
12
33
5
5
1
35
7
25
1
11
19
12
27
2
3
29
20
29
35
11
21
31
16
4
32
5
21
23
26
6
35
9
13
10
27
35
31
4
19
10
1
33
31
9
13
8
13
12
0
25
2
7
26
22
34
22
12
7
5
13
18
35
15
0
33
14
27
36
9
9
34
34
3
20
34
9
31
35
12
8
8
35
2
2
31
23
35
6
32
12
22
5
26
17
4
23
2
36
4
6
22
14
34
35
7
12
33
1
34
14
3
28
27
21
23
6
15
29
33
33
27
13
36
19
30
28
20
19
33
24
10
23
13
20
12
0
32
36
14
3
19
18
1
26
30
1
24
16
12
3
10
10
33
8
32
30
29
28
26
19
31
33
7
9
2
7
10
7
