16
30
31
30
29
28
29
18
3
30
20
11
30
23
29
12
12
31
13
3
22
13
27
26
12
1
13
20
14
2
27
30
28
28
20
31
31
22
36
0
19
7
9
35
22
17
31
4
35
34
12
3
8
7
2
30
34
9
35
33
10
1
12
28
11
25
25
3
27
22
14
19
16
4
6
15
13
21
31
22
31
17
13
28
14
5
20
3
35
30
33
34
22
29
9
2
36
15
18
1
16
6
11
12
6
24
5
14
13
6
13
25
6
18
31
28
1
16
10
31
2
25
26
5
23
11
8
19
32
10
14
14
23
7
33
32
2
12
6
9
4
16
6
16
25
22
7
9
20
29
17
7
36
33
7
26
22
3
35
3
11
14
17
13
12
24
35
28
28
22
26
30
24
24
33
28
16
8
11
28
5
29
4
15
28
21
5
17
14
28
7
12
6
17
12
34
18
12
11
28
