4
29
28
16
15
10
15
4
15
16
13
19
36
27
10
35
23
9
27
28
25
23
29
31
27
21
26
6
35
22
0
20
9
23
16
18
21
32
14
6
20
34
21
28
17
2
19
21
26
32
17
5
13
24
32
33
34
28
7
27
30
24
27
10
14
22
18
22
22
24
21
16
8
13
31
12
21
35
30
12
12
34
31
6
24
18
33
5
17
17
16
36
7
22
13
12
24
26
26
0
13
16
24
35
4
12
1
32
10
36
3
8
33
10
5
7
11
22
31
33
26
23
10
36
33
5
24
16
11
29
28
11
31
14
32
18
35
18
5
20
13
10
10
17
30
30
32
24
12
36
31
13
20
11
3
31
36
24
31
33
25
5
28
5
8
8
23
27
12
21
36
20
33
14
17
17
7
11
4
9
30
33
8
12
15
13
27
0
2
27
15
15
31
16
6
8
3
8
26
26
