11
25
31
7
0
17
8
30
24
4
15
32
6
8
32
30
19
11
33
6
35
20
36
11
9
20
31
9
18
17
29
16
35
6
28
10
15
16
15
33
4
17
18
14
20
13
2
23
36
12
34
3
2
34
10
27
13
29
32
24
36
3
30
5
8
3
1
23
25
6
15
16
15
16
4
16
8
32
6
33
20
7
13
29
31
36
5
10
28
32
36
9
19
22
19
27
22
10
33
19
36
10
18
7
24
29
12
20
20
17
31
33
10
2
5
12
20
34
11
15
11
6
24
4
4
12
32
36
3
27
16
12
19
26
22
25
26
25
23
17
13
4
11
9
7
13
5
19
18
2
30
36
14
26
24
8
18
6
18
12
2
31
1
29
20
36
13
22
8
15
26
2
13
30
26
17
25
10
32
32
3
3
22
33
7
16
8
13
4
26
31
18
35
9
21
11
25
