15
36
17
28
28
22
7
10
31
13
29
19
27
31
22
11
10
35
1
14
6
9
12
31
11
1
28
12
9
22
1
9
33
14
28
18
31
29
10
9
36
8
27
7
22
7
26
16
24
16
3
27
16
28
14
13
27
25
27
3
11
3
18
8
24
14
26
4
18
6
36
15
32
17
8
21
16
23
22
13
0
12
2
31
9
23
4
34
15
9
34
5
29
1
19
16
19
17
13
22
14
13
12
35
3
4
11
15
18
30
11
24
4
12
20
28
29
6
2
27
27
36
24
4
26
28
22
12
31
33
35
8
6
7
12
18
23
3
3
5
33
21
11
31
27
26
28
36
29
3
0
14
10
19
2
10
25
13
3
35
35
31
34
28
11
14
5
12
3
17
3
26
31
33
22
5
7
35
9
6
22
8
16
11
25
10
3
24
3
4
35
35
10
2
31
6
19
35
7
13
30
8
22
20
17
4
20
6
13
0
8
28
32
14
10
6
24
28
5
15
11
4
12
32
28
22
19
12
19
14
6
29
34
13
23
20
25
7
5
29
26
9
14
19
13
23
9
24
21
30
31
27
26
19
0
21
29
19
0
2
8
10
4
9
25
36
30
0
5
1
21
8
36
14
24
28
26
24
9
27
12
29
26
36
15
16
32
2
12
36
23
35
15
19
22
16
4
2
9
7
30
22
34
14
23
13
1
34
15
31
20
34
20
0
20
17
34
28
10
10
4
10
28
14
36
25
36
14
6
6
22
18
29
4
6
14
8
21
14
27
31
18
13
36
13
11
18
12
31
7
35
13
8
21
2
2
9
15
17
4
2
7
23
13
4
8
36
25
14
5
30
36
7
32
10
27
15
15
15
10
31
4
17
31
22
24
33
12
19
3
6
19
35
34
10
10
26
1
18
33
28
21
27
5
7
35
8
