25
21
7
4
10
1
2
6
3
18
16
24
23
32
25
8
1
24
36
8
16
21
12
30
11
7
15
36
2
35
21
15
5
17
19
22
20
12
28
30
21
33
5
5
3
20
5
18
0
1
20
2
4
0
22
29
25
15
22
3
2
20
19
24
14
15
28
9
19
10
11
0
25
24
32
10
11
2
6
20
22
0
33
36
13
17
24
16
21
30
17
32
35
16
18
16
3
17
3
1
15
9
0
23
5
0
29
21
21
35
15
34
18
29
18
24
24
30
4
1
29
20
0
1
34
4
33
22
30
4
11
31
8
18
19
8
29
24
16
23
14
31
24
15
22
6
31
33
17
4
14
11
36
32
18
2
12
1
22
11
28
18
36
12
32
28
13
13
11
23
15
30
25
12
4
2
36
16
4
0
23
25
24
5
25
29
7
0
3
29
9
4
13
20
36
2
8
8
9
33
18
15
