27
3
19
17
34
1
13
18
9
6
30
1
12
18
30
15
13
0
30
36
6
32
4
4
2
18
17
19
13
17
28
21
24
11
3
3
9
24
34
2
16
36
15
10
8
21
11
0
8
31
20
34
15
11
36
11
17
31
15
34
20
7
9
25
27
29
10
33
11
20
5
23
31
10
5
9
7
13
11
26
21
29
5
29
35
15
30
36
2
35
24
15
4
3
17
2
1
8
33
25
7
3
16
7
19
17
20
26
4
32
7
21
21
8
4
28
14
1
16
7
32
12
17
24
33
2
20
28
11
23
24
15
15
35
26
13
15
7
13
11
30
10
26
16
1
8
11
13
23
5
17
22
0
22
6
8
5
3
8
5
10
24
21
18
18
35
16
11
14
3
31
14
36
33
33
22
18
21
5
15
12
3
7
10
27
34
9
12
3
14
31
19
15
30
5
25
2
26
35
8
8
0
