10
31
25
35
15
15
16
25
28
26
21
33
6
32
3
7
30
19
32
4
23
24
8
32
26
22
3
24
33
5
2
15
4
3
10
12
8
13
22
3
17
4
31
31
14
20
0
0
9
3
33
26
27
20
34
0
33
15
36
1
3
16
8
22
15
24
27
10
8
27
22
10
11
28
11
35
8
13
15
29
30
33
20
27
8
30
1
14
16
20
18
16
14
28
11
16
32
35
15
4
8
23
6
6
23
6
24
13
5
35
22
34
29
32
1
17
20
8
0
15
22
27
3
1
10
8
3
24
35
21
31
33
12
7
24
15
14
28
7
10
18
4
0
28
7
8
25
2
22
2
32
17
15
12
3
31
8
23
1
15
15
1
24
20
7
24
20
20
17
36
11
19
10
29
9
18
28
19
16
26
9
30
15
28
3
20
7
14
27
4
6
33
6
26
11
19
