37
31
16
25
17
4
8
4
20
31
25
10
28
11
34
7
34
35
9
26
7
26
12
3
28
33
19
10
27
32
6
21
30
25
7
17
11
16
16
31
36
9
13
30
29
17
23
25
13
6
4
29
21
8
8
31
13
24
35
15
5
35
0
32
17
35
29
30
10
30
18
10
12
3
7
1
13
10
36
12
7
18
3
33
17
36
24
9
0
2
6
32
10
26
16
6
30
33
23
6
34
8
0
33
21
18
13
8
16
32
14
21
0
31
25
36
30
32
30
12
10
26
36
32
2
22
34
27
9
20
34
27
12
28
1
17
21
11
12
17
3
36
13
11
12
17
22
4
22
18
31
35
23
6
16
21
10
15
8
21
15
27
35
10
28
19
31
32
23
30
18
32
28
8
22
30
18
17
27
19
5
32
15
25
31
29
28
1
20
35
31
30
36
16
4
24
33
16
