35
30
32
26
5
7
27
35
32
0
5
26
6
25
8
13
31
20
7
33
2
5
7
20
4
26
19
33
34
12
3
0
9
1
21
8
10
21
26
18
3
24
11
14
10
14
2
22
14
5
15
10
35
24
21
15
28
5
35
19
24
16
10
19
1
5
18
20
13
15
35
1
13
0
19
22
14
8
27
1
24
9
28
27
8
17
34
7
1
7
23
4
30
15
11
35
14
16
10
24
36
35
30
20
27
7
8
12
24
35
9
27
24
28
4
26
30
29
1
33
23
23
22
26
15
29
4
8
26
7
15
26
10
18
13
5
7
6
22
6
11
19
35
30
2
2
10
4
12
1
17
8
18
28
11
8
21
30
6
19
12
14
12
36
18
3
25
9
0
23
23
28
17
24
10
19
26
7
17
1
16
10
1
12
32
12
26
1
5
27
34
14
9
12
35
2
