7
2
8
28
32
27
26
26
19
30
33
11
34
3
12
23
27
23
6
21
23
34
34
31
17
9
10
31
19
33
5
0
8
17
28
29
1
19
13
31
11
8
28
26
33
26
18
9
24
24
16
14
10
17
18
13
25
32
12
11
12
13
5
2
21
30
8
9
27
25
9
21
30
4
19
30
24
3
4
36
20
29
4
24
23
23
23
10
34
9
14
24
29
20
30
3
9
23
8
10
23
14
35
3
29
9
2
28
22
32
9
26
21
5
25
0
5
28
13
31
11
27
28
8
17
32
19
28
10
10
6
7
16
4
16
6
0
30
32
3
27
7
25
19
36
8
17
23
17
9
18
14
12
32
0
26
6
3
16
36
28
28
35
9
37
23
10
19
14
2
1
31
30
27
14
4
8
19
9
37
35
29
12
4
27
23
31
12
11
0
31
10
30
0
26
2
33
32
34
0
23
31
17
6
30
36
33
9
