37
34
11
24
26
14
10
21
3
30
1
8
26
35
18
12
9
21
32
0
8
1
17
20
24
21
28
23
9
14
16
7
27
13
8
19
9
1
3
34
26
8
32
9
2
17
24
22
27
14
13
0
22
21
13
14
18
9
34
22
2
17
9
3
19
29
29
16
0
26
18
15
27
2
13
5
9
13
26
12
17
19
25
36
22
7
26
2
20
3
21
16
2
28
36
24
24
34
0
2
29
1
9
1
19
20
18
20
2
12
1
11
25
25
15
20
19
34
34
10
0
29
32
20
9
13
15
16
30
25
35
16
20
9
5
26
29
0
5
24
29
29
21
32
35
15
17
27
34
5
21
15
14
0
8
8
23
25
29
7
12
4
24
16
15
15
26
30
32
1
2
1
34
12
30
27
16
24
2
4
0
26
21
32
33
25
30
4
10
31
21
33
25
10
30
2
3
2
