37
32
2
11
7
6
23
32
14
7
23
12
10
35
16
14
36
23
17
36
11
18
25
30
27
1
30
1
8
19
20
12
20
17
17
23
9
23
27
9
30
19
22
32
32
11
15
0
12
6
32
1
36
27
11
34
6
0
30
31
6
14
7
0
27
33
31
31
15
9
1
5
16
3
9
2
11
23
0
5
12
25
6
1
2
26
17
12
32
17
7
4
0
14
7
25
8
12
33
8
25
16
31
11
7
16
22
4
14
30
31
21
21
7
28
3
28
21
6
15
5
24
1
22
16
35
24
0
26
7
25
22
9
6
21
15
26
10
35
22
30
18
18
2
6
27
19
35
28
16
3
7
22
1
18
1
19
11
26
34
31
29
10
30
33
13
15
14
11
18
14
14
28
6
34
18
4
29
4
11
30
14
25
31
14
20
12
23
22
5
12
12
15
27
30
13
4
