25
35
23
12
9
9
3
28
14
7
15
17
30
1
14
6
23
19
16
23
27
15
16
19
31
9
36
16
13
2
15
12
16
14
11
1
24
21
12
36
25
34
26
21
12
0
17
16
26
20
2
27
21
23
30
31
33
30
2
35
17
8
35
7
8
16
29
20
33
7
30
32
12
1
14
14
35
14
27
18
9
30
35
30
2
35
9
9
24
32
1
26
30
29
21
10
9
20
30
12
27
8
11
0
29
15
18
3
7
9
5
32
30
16
8
0
7
10
17
12
32
22
1
2
18
28
27
2
29
31
18
34
11
24
11
30
15
29
33
9
19
18
35
31
35
0
6
13
2
22
23
0
31
32
14
16
23
29
31
10
16
4
32
24
12
9
34
18
26
31
29
5
35
22
25
1
2
21
32
10
16
1
17
23
17
10
5
14
14
30
0
5
3
11
13
10
16
9
10
21
