25
14
12
14
17
28
26
15
34
31
22
12
14
34
2
1
6
0
19
23
11
8
6
19
23
29
13
36
30
20
27
10
31
0
14
10
14
27
16
26
28
12
26
31
10
21
33
10
34
16
29
26
32
21
8
9
5
4
27
20
36
32
31
17
30
26
35
27
17
22
21
3
24
30
6
20
2
15
2
1
20
18
16
1
5
31
6
12
11
12
27
23
3
25
8
5
33
2
33
25
11
18
6
9
13
16
7
13
2
4
21
17
20
33
31
5
29
21
26
28
20
9
8
12
13
19
22
21
11
35
3
30
28
27
12
12
5
4
5
19
23
22
3
17
36
16
16
1
25
2
27
36
8
20
17
5
9
13
4
25
33
5
22
30
27
17
15
6
30
9
8
32
26
10
16
17
3
10
21
28
19
36
1
25
25
9
3
30
19
28
26
0
3
3
12
3
24
12
12
14
