8
36
5
19
15
20
1
33
36
4
29
35
0
17
2
0
7
16
24
25
12
36
10
5
12
18
29
10
17
30
21
0
8
34
29
21
1
33
0
26
14
21
22
4
19
16
36
2
1
15
14
20
9
26
13
30
0
26
27
32
33
11
33
17
16
28
33
3
1
13
30
0
26
17
5
34
15
10
0
3
9
21
1
14
25
1
4
11
9
1
29
4
8
14
2
17
32
35
11
27
14
7
3
27
17
3
2
25
16
6
12
5
9
1
32
18
31
26
20
35
1
6
16
26
23
3
17
9
15
26
4
9
18
9
17
19
12
32
6
9
30
3
27
16
25
17
2
27
25
32
6
15
19
13
35
26
22
7
17
19
9
10
29
12
27
20
34
35
2
3
30
30
26
21
10
29
20
17
7
29
0
27
34
8
29
32
36
23
8
31
31
31
16
23
24
34
9
7
35
