16
8
29
31
22
35
10
8
10
9
19
18
17
30
14
16
12
0
25
23
27
36
36
0
30
9
29
16
29
3
26
35
20
20
1
21
17
20
28
25
20
6
27
6
26
14
33
20
4
20
18
8
27
35
33
16
32
26
1
6
31
35
32
22
9
20
20
2
33
9
9
5
30
4
4
21
28
25
23
14
1
27
19
3
1
15
21
26
34
18
17
28
28
21
12
1
26
34
9
2
8
33
0
19
26
15
25
4
27
25
21
20
16
35
0
24
36
33
24
36
6
31
5
25
29
28
30
31
5
36
25
34
31
1
3
30
28
12
26
34
4
13
16
26
12
18
33
3
34
2
22
28
13
31
14
28
35
29
28
23
30
2
27
25
6
4
25
13
0
20
9
18
10
4
1
26
28
16
15
5
33
10
19
30
9
0
28
26
27
22
4
17
13
25
4
7
