37
15
22
4
15
11
2
32
17
34
13
31
34
2
20
1
4
0
30
31
12
20
6
27
25
36
24
29
18
13
0
10
11
30
30
18
17
0
34
15
8
4
31
16
0
36
24
21
36
7
19
0
29
22
6
2
28
24
4
35
20
8
21
15
10
33
26
11
29
23
6
3
1
24
20
26
13
18
22
12
2
20
14
3
14
34
2
0
13
26
11
31
25
16
7
29
30
36
34
16
20
12
26
35
4
8
10
7
17
9
6
7
11
9
31
6
0
8
26
20
12
9
6
30
11
36
15
25
19
31
26
30
7
6
35
28
19
16
36
3
29
25
33
28
20
35
34
21
4
9
10
33
9
31
12
0
32
33
24
12
24
2
3
35
16
24
6
19
25
34
7
4
4
22
29
5
6
22
12
10
18
18
3
34
21
29
36
9
32
34
11
33
4
28
19
27
2
22
36
