9
24
0
12
32
25
9
17
23
25
36
9
8
3
16
35
23
30
21
9
23
18
11
8
9
8
31
22
32
12
27
33
30
15
23
22
28
5
3
16
31
19
35
26
28
24
7
6
7
26
18
14
15
2
1
19
35
13
13
7
35
36
33
27
5
1
27
27
23
14
4
35
11
21
30
31
12
6
25
32
25
34
7
31
28
12
20
27
24
8
5
1
27
12
17
30
16
1
26
30
29
24
28
9
16
25
9
21
17
16
12
31
15
20
22
1
17
7
2
21
1
20
23
7
12
10
34
14
5
36
10
26
19
24
37
18
34
19
0
22
23
2
35
5
24
3
30
13
16
24
23
8
15
4
28
9
18
6
1
27
28
31
35
25
2
34
10
9
20
25
15
17
11
18
4
23
16
22
21
4
26
20
7
34
22
8
16
34
9
24
24
21
23
28
23
17
30
23
