16
21
27
36
33
17
7
9
23
34
28
11
9
32
13
17
29
16
10
4
21
15
32
11
15
34
22
23
0
6
20
25
36
14
33
27
3
23
2
35
21
29
10
32
35
7
13
11
5
5
14
0
8
19
21
25
11
24
0
6
19
18
31
3
34
28
2
6
19
12
3
15
12
24
16
0
35
35
16
13
6
15
10
4
30
13
26
21
31
20
0
21
11
6
29
20
13
3
7
15
24
11
1
19
26
13
23
31
21
17
7
10
22
25
29
29
34
11
20
27
31
28
22
25
19
31
19
22
34
9
8
30
29
26
23
1
10
35
17
0
36
4
27
22
8
33
34
32
33
35
14
14
20
13
15
23
17
28
17
0
25
24
12
32
32
24
36
3
14
22
27
35
11
20
7
14
5
23
23
15
12
7
30
33
16
8
1
23
13
17
28
31
1
14
21
19
4
25
29
27
18
