28
2
4
15
30
27
18
24
24
14
17
34
36
20
2
34
27
0
3
25
6
31
19
26
25
28
19
28
12
33
24
8
3
19
31
25
1
26
30
4
29
7
34
18
5
31
1
23
5
17
34
13
0
25
17
31
8
0
35
13
22
12
7
18
4
11
36
30
26
5
1
29
12
20
11
32
26
10
28
13
28
35
8
36
26
19
0
3
4
14
17
22
17
3
2
6
13
19
22
34
36
4
10
8
26
14
21
22
0
34
36
22
8
25
27
15
20
1
16
20
14
7
26
36
25
19
6
27
2
12
26
4
16
21
12
35
14
22
24
6
33
7
3
36
17
24
28
30
8
24
35
36
24
1
28
36
20
8
32
4
1
4
25
31
8
11
20
14
8
10
21
33
0
29
5
15
5
17
11
2
10
18
23
35
21
24
19
2
5
34
29
4
33
7
30
26
15
22
11
