24
29
13
19
31
21
8
33
8
17
6
12
32
31
28
25
26
22
32
15
24
23
15
24
14
28
9
34
13
26
13
19
0
16
19
0
6
25
25
0
24
1
18
21
21
34
26
34
24
36
5
24
1
17
7
5
33
32
23
19
7
15
30
31
30
8
10
33
17
27
29
23
23
31
12
15
18
35
33
9
12
24
10
28
27
16
28
15
0
29
14
29
21
5
32
35
10
36
36
9
9
0
3
12
27
19
22
11
17
21
14
28
5
23
21
26
2
26
3
21
8
11
24
7
5
28
13
20
9
24
26
33
2
21
20
20
16
6
21
33
35
19
3
32
9
36
33
3
12
11
0
16
20
8
34
1
26
16
36
13
23
14
3
24
35
31
32
36
26
18
30
19
11
11
14
9
9
21
4
32
22
2
2
31
10
20
25
18
15
3
30
15
28
12
6
30
8
11
33
