37
12
21
2
34
4
16
15
7
11
21
16
31
8
7
22
20
13
20
29
36
13
7
29
3
11
30
4
36
19
22
5
0
19
1
31
15
17
16
5
33
25
27
18
15
25
6
7
36
31
21
24
27
1
28
3
18
14
25
29
23
2
4
24
15
23
6
16
12
22
24
13
34
16
25
14
6
17
21
0
8
5
11
35
3
4
9
36
11
19
29
22
16
2
5
27
1
25
13
33
1
29
18
26
14
15
19
16
27
34
10
29
32
10
33
2
20
3
35
18
20
36
14
35
19
24
36
2
9
11
18
5
10
11
32
22
20
27
13
32
32
21
2
9
28
35
10
21
24
22
34
0
15
19
19
13
29
12
23
29
30
1
36
16
19
1
14
33
9
10
24
7
12
7
31
36
22
24
5
30
2
5
4
29
35
26
21
33
36
33
23
19
14
28
14
29
17
24
9
16
30
