37
21
27
34
9
21
22
10
0
15
13
35
36
5
0
9
6
17
13
36
19
9
22
11
25
27
25
10
30
18
12
34
31
21
36
30
10
17
16
22
1
27
13
22
32
27
9
16
28
27
0
9
19
24
25
34
9
4
5
11
36
17
18
28
27
33
11
29
26
5
10
21
8
1
14
14
31
27
14
2
20
1
7
3
3
11
26
31
29
22
27
19
36
11
7
32
36
28
0
31
25
30
19
17
18
31
32
31
20
21
0
5
8
4
8
29
2
13
8
19
16
8
1
35
19
32
9
4
25
34
9
13
32
32
0
29
2
3
11
12
12
29
5
24
34
1
26
6
2
2
5
14
11
36
21
5
34
32
4
14
11
10
13
10
2
15
9
4
1
16
2
29
2
27
35
8
18
11
1
20
23
19
13
20
14
29
27
23
26
32
17
25
28
12
1
12
