8
26
29
3
5
4
25
27
23
21
8
26
33
32
7
27
28
26
12
15
5
36
6
35
31
27
5
28
22
27
1
19
18
4
20
16
34
8
5
27
36
15
11
8
19
15
16
15
22
18
0
8
8
7
11
23
7
4
32
24
10
18
28
4
16
35
14
27
36
7
18
7
8
11
10
18
13
15
17
1
20
0
35
9
33
33
19
13
27
29
15
29
28
3
31
5
11
18
12
3
5
7
27
9
34
21
14
27
36
18
2
9
7
19
23
26
32
1
18
36
26
7
4
36
35
30
6
12
21
8
36
6
16
8
25
4
5
23
18
23
31
6
31
23
8
30
32
18
8
31
8
23
34
25
24
27
34
12
26
6
36
18
28
5
4
21
7
13
32
33
36
9
4
19
2
9
28
36
18
32
11
20
8
5
25
26
34
3
17
21
8
12
3
14
2
34
