37
29
25
28
1
2
35
3
23
4
27
15
17
23
26
14
32
0
2
18
17
28
11
4
14
6
2
16
15
12
6
8
5
12
35
27
18
8
9
14
35
11
28
2
12
5
24
20
36
15
9
36
4
30
24
33
32
6
18
0
13
15
31
28
7
5
35
5
15
15
15
0
15
24
19
34
25
16
22
21
5
26
33
8
30
27
14
21
20
32
1
2
35
1
35
2
33
15
31
1
23
26
32
6
33
27
30
30
5
22
20
6
35
34
23
10
3
22
8
10
28
20
34
14
10
4
7
31
4
36
32
12
13
22
36
27
1
21
14
0
7
23
10
32
25
9
25
19
6
13
7
21
3
3
27
18
24
6
22
3
23
12
23
4
30
6
7
34
12
15
28
16
27
16
18
21
7
19
28
31
5
20
16
21
36
36
16
23
11
16
30
28
32
33
4
27
16
19
13
28
26
9
