12
23
5
24
27
25
1
8
36
23
7
20
1
10
6
25
28
27
24
28
8
3
15
9
7
21
8
1
13
22
34
3
25
34
20
18
4
17
25
21
14
18
23
31
3
0
18
29
28
15
16
28
25
13
1
11
20
24
20
23
9
14
6
21
18
30
23
3
36
6
11
14
23
15
31
18
29
28
9
15
7
2
9
0
19
12
7
10
15
15
23
3
11
29
7
31
4
24
4
7
30
28
34
24
26
27
19
34
10
14
36
18
24
29
35
30
29
7
0
24
30
9
28
28
26
30
4
7
4
23
6
6
19
32
24
5
2
22
5
14
6
23
35
21
12
3
15
24
29
23
15
31
3
22
17
3
21
0
17
3
2
20
34
30
24
26
25
4
29
4
0
27
2
17
21
4
32
30
5
16
29
4
31
5
32
34
20
17
22
21
12
8
10
35
0
5
34
36
37
32
33
23
25
26
13
10
6
26
34
8
4
0
27
0
5
17
29
11
24
5
2
13
18
16
6
6
25
12
13
14
32
29
20
20
5
13
20
18
22
24
29
9
5
10
22
1
13
33
16
22
16
1
10
32
26
17
4
2
11
20
3
4
25
