1
30
8
1
8
19
24
24
36
25
7
13
15
28
25
1
35
19
34
13
26
1
14
27
30
2
10
26
35
22
19
3
34
30
11
27
5
17
36
11
4
29
13
5
19
12
19
11
7
25
22
23
31
33
7
7
6
7
1
0
9
9
14
18
4
5
21
7
13
33
31
1
19
0
23
22
16
8
11
31
17
25
28
27
10
8
17
4
4
12
3
10
13
36
33
3
24
14
35
29
32
31
11
23
16
26
19
31
34
13
11
11
25
2
30
36
14
28
8
3
17
5
5
4
9
22
6
2
31
29
12
8
13
36
33
14
3
30
30
14
22
0
27
29
10
25
22
33
15
26
25
31
8
25
18
24
12
14
1
32
21
7
23
4
33
7
6
16
1
12
5
28
35
14
9
36
19
23
20
15
23
16
33
4
25
10
9
21
4
17
23
30
20
22
7
30
16
9
3
