37
7
30
2
30
24
36
23
13
23
0
5
6
34
7
27
12
16
33
11
18
35
25
29
4
9
15
28
25
23
1
3
20
28
13
24
8
29
28
2
28
36
6
1
28
12
22
12
5
7
26
2
20
15
4
35
23
0
28
30
24
18
7
14
16
3
27
2
30
21
2
30
17
16
26
18
28
8
3
15
21
27
7
32
20
12
25
13
30
14
29
6
34
19
10
19
32
32
27
1
21
0
24
1
23
14
26
7
18
6
22
8
34
6
8
31
31
26
21
20
18
36
14
31
13
2
19
27
23
28
34
16
10
2
1
10
6
33
30
32
11
33
1
5
31
1
1
14
21
22
22
1
16
10
34
36
16
10
27
33
20
36
30
11
36
18
2
2
6
9
30
29
10
14
36
18
9
15
35
31
16
1
3
18
20
24
10
19
18
27
11
13
31
32
18
16
22
4
