17
27
30
9
29
26
6
1
27
35
13
6
9
8
24
21
28
27
5
23
31
21
4
31
31
28
15
10
12
5
35
8
7
4
22
23
20
1
5
14
2
28
17
1
35
32
9
6
36
25
36
7
34
13
12
4
35
0
32
32
26
8
4
13
3
26
5
33
36
17
17
12
9
14
6
32
6
4
33
19
4
10
35
30
5
0
10
0
9
34
36
7
28
27
15
24
8
14
7
2
34
9
4
8
29
35
6
0
32
11
5
18
16
32
1
21
16
15
26
33
33
22
16
10
22
13
21
32
30
22
8
6
35
11
22
9
11
8
25
24
6
27
5
31
13
27
3
2
6
6
22
32
33
7
35
20
23
14
11
17
32
35
18
0
10
2
28
4
10
3
35
18
14
6
34
2
36
18
2
8
27
27
28
35
34
11
30
4
19
7
27
5
36
26
23
25
0
12
11
