22
28
2
4
20
21
32
0
23
36
13
5
35
22
36
8
31
0
10
0
20
11
0
26
25
33
13
15
3
27
10
19
1
10
28
14
32
15
15
35
5
26
16
3
18
16
9
15
31
2
12
7
12
7
21
14
16
12
15
36
18
14
5
15
6
0
9
33
10
19
12
25
2
25
10
15
24
14
4
28
8
27
6
27
35
36
8
15
28
19
36
11
28
35
4
8
13
22
36
3
4
36
3
20
8
32
26
21
0
36
6
8
31
11
19
23
20
2
30
15
24
9
28
35
20
34
34
2
2
3
33
2
30
19
17
22
31
25
12
20
13
29
14
2
14
9
17
1
28
36
14
29
1
1
19
2
15
10
11
17
17
27
12
0
34
10
24
23
8
17
16
30
9
33
30
2
21
32
23
1
25
16
22
2
24
25
6
23
32
0
36
32
20
36
16
26
26
