36
1
32
7
33
27
26
27
23
30
30
24
7
20
28
2
29
34
26
35
7
12
10
33
32
14
29
23
3
30
17
6
18
15
14
14
4
32
17
4
30
10
32
5
17
0
30
4
30
5
5
16
23
18
4
22
31
23
26
5
4
24
31
16
7
13
30
0
4
30
7
32
25
26
3
12
19
17
26
32
1
17
33
18
11
14
8
3
6
14
6
5
0
20
1
26
27
28
27
34
24
4
18
20
27
25
7
6
20
17
0
26
1
33
21
9
28
10
19
6
34
8
32
3
20
13
33
17
2
24
22
13
28
4
32
29
8
18
21
27
6
5
36
29
33
23
2
6
2
36
24
7
24
10
0
22
27
34
6
21
23
30
23
6
4
12
17
10
28
9
30
14
33
35
13
15
2
4
12
10
28
1
25
29
12
16
36
8
27
15
25
33
1
13
5
13
23
28
5
6
26
34
5
24
