37
11
11
5
25
25
25
6
17
13
28
9
2
35
20
31
11
15
12
6
13
25
35
23
18
4
19
27
23
7
21
14
14
32
4
16
33
34
17
20
30
17
0
23
10
15
10
23
28
9
35
35
31
7
32
10
23
28
24
17
11
7
24
4
29
7
28
7
32
26
33
24
31
33
9
3
2
23
5
22
34
9
26
35
22
27
27
35
6
18
34
3
30
32
2
36
34
19
11
22
15
1
29
3
14
26
29
2
2
31
15
25
0
26
5
11
25
28
6
24
7
30
33
19
32
34
29
26
19
16
34
35
5
8
24
31
26
4
29
25
21
28
9
0
11
6
12
28
27
6
17
32
23
12
6
8
9
14
22
12
3
7
34
16
6
0
11
27
14
36
25
23
33
16
25
27
22
27
14
9
18
26
22
25
5
24
21
30
22
10
35
17
23
12
26
33
13
17
14
5
36
9
3
5
4
5
16
32
15
16
34
29
30
4
30
2
21
22
34
14
26
34
28
0
3
4
12
14
5
5
2
26
24
1
18
4
31
20
