11
15
35
21
10
35
20
33
35
34
4
23
5
19
31
17
17
9
34
15
11
2
32
13
29
22
4
3
30
30
30
28
5
13
36
23
0
34
28
29
3
3
15
21
9
1
22
34
23
29
17
35
23
25
12
29
18
12
25
36
30
21
9
13
4
23
7
9
0
6
4
20
34
12
14
10
12
34
24
30
27
35
13
27
12
18
13
16
24
12
5
35
27
17
6
9
11
18
8
7
32
22
35
13
11
21
23
16
6
28
5
2
12
35
5
31
23
21
20
28
5
32
23
10
16
34
25
31
32
9
22
31
28
11
1
27
4
24
27
7
36
11
7
18
24
18
17
20
34
2
23
24
34
27
22
21
5
20
25
8
24
16
29
36
12
0
34
15
36
33
34
6
29
7
25
1
7
19
19
25
10
17
1
27
8
13
4
27
7
6
35
0
14
17
10
5
