15
23
27
27
5
13
32
30
10
13
16
21
5
19
27
0
3
35
2
2
4
35
25
21
36
35
34
24
25
6
28
24
3
0
0
29
13
11
34
24
8
16
7
36
17
33
17
30
12
21
33
19
30
19
8
9
15
5
29
3
14
8
12
6
17
20
3
18
14
27
36
22
18
31
15
6
16
10
26
21
13
3
28
19
15
14
25
25
14
31
18
32
25
18
36
21
28
28
20
27
17
16
27
0
17
7
14
34
7
1
29
10
18
12
2
11
25
9
24
8
7
5
32
36
36
8
12
34
18
28
28
8
10
15
12
29
21
23
30
14
35
17
31
36
31
18
35
3
0
4
19
11
27
10
11
34
34
16
27
26
1
19
9
15
25
29
18
25
15
9
32
34
33
14
26
8
19
14
11
13
23
30
2
0
20
10
5
32
23
23
26
21
25
30
7
10
18
