14
25
15
36
25
0
2
7
5
3
30
10
23
33
28
29
8
21
28
26
20
29
13
6
14
5
16
31
12
17
16
32
15
5
15
32
12
12
8
1
20
17
24
33
0
25
28
24
30
11
35
33
10
25
12
6
23
6
34
32
24
17
13
30
14
13
32
16
16
30
15
7
16
34
35
13
36
28
31
12
0
11
19
18
27
1
20
8
23
18
18
15
29
35
30
0
25
32
15
31
2
36
7
12
36
5
1
16
15
9
22
19
8
0
19
15
13
31
21
19
27
11
2
7
28
23
31
5
19
33
12
5
0
32
28
12
28
33
35
0
13
17
15
14
15
11
35
14
21
29
8
29
7
3
19
14
22
11
1
19
1
35
4
3
14
27
23
6
18
0
6
9
9
35
34
26
20
14
5
12
32
26
11
7
0
34
32
22
3
1
0
11
14
1
8
11
32
36
