8
14
0
0
15
33
2
14
22
33
21
9
18
27
5
19
17
11
34
10
28
30
13
8
13
19
34
12
7
27
17
30
2
35
17
12
12
24
7
20
18
0
20
25
18
2
15
3
2
3
27
21
27
13
3
19
30
31
8
22
21
22
25
21
33
34
24
35
9
25
26
0
10
2
9
6
19
35
8
11
7
5
0
7
27
4
36
1
15
9
16
31
0
27
16
20
29
2
12
21
34
25
25
26
11
3
4
32
23
0
26
15
10
29
9
33
17
35
20
30
23
16
28
16
9
19
24
35
36
31
22
28
23
18
29
27
25
9
24
16
16
2
16
29
30
34
27
35
25
28
29
28
19
30
25
1
11
14
14
25
8
26
18
4
2
20
20
3
36
3
22
3
13
32
35
24
25
20
0
36
26
19
30
22
23
18
34
0
19
22
11
27
0
26
29
5
2
36
1
