24
8
13
28
7
30
36
5
16
13
15
2
1
28
3
5
24
23
11
1
3
23
6
32
24
35
9
23
15
29
2
35
15
20
29
21
5
32
27
34
15
18
1
3
36
23
24
25
23
25
5
8
18
0
0
18
8
34
0
1
35
32
17
27
20
11
24
23
15
29
3
13
5
25
17
0
9
17
36
30
27
11
35
26
21
8
7
0
12
15
26
28
24
35
31
16
33
34
12
29
35
9
28
21
16
9
31
0
30
25
16
33
4
29
33
9
8
33
19
22
31
11
16
3
31
5
24
7
20
35
32
2
11
8
0
3
33
19
19
3
15
8
25
4
17
7
12
11
7
27
27
21
35
27
8
27
28
32
10
7
24
10
27
14
8
31
18
1
15
28
15
2
8
2
1
13
6
8
15
35
9
5
4
21
5
28
34
11
33
28
31
28
33
17
33
16
