33
17
5
11
28
5
36
1
3
32
11
34
3
25
34
21
30
35
16
5
33
21
29
12
35
7
23
15
26
34
24
18
23
24
12
3
24
0
34
21
32
27
15
21
24
35
15
6
6
20
20
26
28
17
17
27
12
16
24
20
16
12
3
5
21
22
16
36
15
13
6
22
6
13
7
20
11
29
34
34
14
14
36
32
8
32
18
26
34
7
15
11
15
31
9
14
27
12
27
2
35
3
5
14
20
0
9
32
21
3
21
1
2
32
9
22
15
35
17
0
4
30
0
31
21
16
17
9
18
31
32
17
34
14
8
31
23
32
28
33
10
30
3
19
12
35
26
13
21
2
12
30
22
32
10
30
5
35
27
36
25
1
20
17
21
21
12
6
14
35
16
18
21
32
36
17
23
3
33
30
33
22
10
10
20
25
30
24
20
36
33
6
23
0
35
30
10
0
