33
25
19
30
0
25
1
21
5
13
22
24
6
1
35
1
35
35
26
4
17
1
19
34
32
3
17
11
35
28
12
31
18
2
27
10
15
13
12
34
23
36
24
16
5
0
25
25
6
33
14
17
36
14
36
11
2
30
7
12
20
25
1
7
29
8
8
25
9
22
15
25
3
33
32
8
23
33
12
16
3
22
16
6
25
6
14
30
27
25
15
10
30
18
36
28
19
31
34
36
36
6
23
16
26
4
18
31
31
19
36
10
23
29
20
13
17
0
33
22
3
9
31
17
34
13
32
32
30
18
20
33
30
34
4
6
6
35
0
27
24
4
32
5
3
27
28
27
26
22
15
21
17
26
2
25
7
5
28
3
4
29
1
10
2
16
0
34
28
20
8
6
3
12
17
26
1
24
9
0
14
31
1
23
1
1
8
7
20
16
28
17
22
20
23
11
8
35
