2
27
18
8
19
33
34
13
20
3
20
34
33
33
29
31
22
12
13
34
6
36
27
24
23
18
32
20
22
9
35
29
24
16
21
22
19
13
29
28
7
15
18
16
0
22
33
31
20
5
29
35
24
29
22
17
27
22
10
3
15
4
9
1
15
22
27
14
35
28
15
18
21
31
13
26
23
36
36
15
7
17
11
36
23
20
34
6
32
10
32
19
31
30
10
24
7
12
35
3
19
29
1
6
25
2
18
2
30
31
34
21
34
2
1
21
19
3
15
4
7
22
35
9
0
15
28
25
28
9
5
10
15
32
23
14
33
20
15
13
4
10
16
32
20
19
29
2
14
9
6
14
36
2
34
11
34
3
13
14
1
6
32
27
0
21
32
32
17
28
33
34
31
13
19
23
0
32
32
21
11
20
2
13
6
3
8
8
36
22
19
12
12
20
20
22
16
