22
8
29
22
18
28
4
14
6
35
25
0
29
11
34
34
19
18
3
5
4
7
10
17
26
17
33
8
8
5
20
28
35
2
33
1
28
34
25
21
33
0
33
31
27
15
5
4
17
2
17
16
23
33
14
7
1
16
31
17
5
1
26
7
23
15
15
25
17
33
19
14
22
9
13
14
18
20
4
17
17
30
2
23
28
28
17
19
30
10
29
9
10
34
35
35
35
25
28
1
10
9
14
7
2
29
29
30
13
26
27
26
28
23
16
30
23
23
20
0
18
12
35
16
0
26
30
26
20
16
1
8
1
9
21
10
10
2
2
2
2
17
3
29
13
34
15
32
34
25
11
12
23
31
1
31
17
32
20
11
16
16
34
12
21
6
19
22
25
22
26
16
21
26
7
10
26
27
33
22
0
16
18
10
0
6
2
18
15
15
16
28
17
7
5
36
31
5
15
23
19
2
0
21
18
7
20
9
33
33
31
15
26
34
25
17
30
3
11
21
2
32
22
21
15
11
0
