30
17
7
14
8
13
7
29
11
10
6
27
14
32
29
14
34
6
20
24
31
5
3
7
35
22
12
35
2
36
1
6
28
28
30
37
6
26
3
30
36
13
8
35
5
2
29
29
28
1
30
14
28
27
3
24
22
6
34
22
21
35
14
14
33
13
15
35
13
26
4
5
17
7
5
20
33
36
3
11
30
31
34
30
8
0
25
0
10
14
29
11
22
29
23
33
36
20
2
26
33
16
25
17
13
6
2
21
9
24
19
32
5
29
11
22
9
1
9
36
24
32
15
30
7
28
21
33
34
33
26
13
17
21
32
32
30
33
17
32
4
30
28
14
36
5
3
34
27
34
17
2
21
24
24
0
18
20
13
32
26
31
19
24
12
36
2
22
26
14
1
18
26
24
6
28
3
18
2
5
2
2
26
18
33
14
36
27
1
7
13
27
15
36
4
31
33
