37
19
0
33
0
0
24
33
10
2
35
30
3
21
7
12
8
22
8
23
11
21
34
25
9
12
15
21
6
22
1
32
24
25
9
15
12
2
13
18
35
27
17
32
5
8
26
31
10
12
31
11
5
19
8
8
16
34
23
35
34
20
19
13
10
2
14
35
20
3
4
26
6
2
27
11
11
4
7
36
21
8
36
9
32
19
12
8
5
15
10
12
1
12
28
9
34
6
14
26
32
12
13
14
3
24
8
20
34
9
7
27
15
30
12
20
27
5
33
4
10
10
35
26
5
33
27
31
3
28
18
16
31
4
24
26
18
22
14
33
22
27
30
30
8
0
3
35
12
14
12
18
36
31
28
35
15
21
11
28
5
23
3
36
28
24
28
9
31
33
7
3
25
9
7
27
9
1
22
10
1
31
32
13
24
4
2
24
0
24
1
3
20
33
2
14
28
22
19
