11
29
10
4
36
7
24
26
32
12
12
17
8
12
1
24
30
9
31
33
32
12
4
12
8
30
3
31
8
29
30
29
33
12
17
31
30
13
34
34
27
22
17
19
2
32
26
25
10
24
5
22
32
5
8
11
26
32
21
24
9
6
21
35
5
31
3
1
32
15
32
5
30
12
12
36
5
1
17
16
33
28
23
7
0
6
12
27
31
36
17
5
7
30
28
14
35
14
32
2
22
30
34
35
6
20
25
26
9
13
1
15
15
30
12
7
35
13
35
4
33
31
23
32
1
17
34
28
29
0
8
8
5
19
26
25
26
17
5
27
17
11
6
0
13
31
5
2
5
15
15
30
0
29
9
6
3
10
10
14
12
1
27
16
21
3
17
36
1
16
27
23
13
13
6
13
8
27
14
23
9
0
22
15
32
23
31
30
25
24
4
11
29
2
8
2
5
