28
21
25
26
22
8
23
26
10
19
33
1
13
18
6
25
13
10
11
29
23
10
30
9
33
26
8
15
36
12
8
26
0
8
19
26
26
5
1
27
34
25
15
3
6
3
1
16
10
14
10
26
23
33
33
10
1
14
26
13
21
15
3
9
28
8
7
19
29
33
9
18
36
1
25
15
30
0
17
11
10
33
30
34
23
0
35
5
32
22
5
34
20
18
15
10
25
7
13
17
8
36
26
24
15
35
9
5
20
9
31
2
0
16
7
21
14
30
31
11
14
13
3
33
31
29
35
26
18
14
22
34
34
28
29
14
33
8
30
33
32
14
16
29
12
29
15
22
6
16
1
25
1
7
11
13
8
11
12
23
30
15
22
20
8
29
33
9
7
32
20
4
16
21
34
24
32
14
26
35
2
1
6
20
14
23
15
13
36
2
10
34
21
36
28
7
19
15
36
21
6
20
28
30
15
5
7
17
33
7
7
0
6
24
2
28
35
7
11
20
1
4
11
20
22
1
5
7
34
2
9
18
13
27
2
27
2
18
11
2
10
31
2
30
1
23
30
10
16
25
12
21
7
24
17
6
23
15
9
28
27
26
5
28
21
11
34
36
23
12
33
33
32
12
3
17
2
19
4
26
1
26
16
9
13
15
5
0
20
15
29
18
31
15
3
19
33
21
0
34
7
6
22
33
3
35
28
3
29
1
13
36
27
0
6
2
16
32
21
20
13
4
32
11
3
28
16
14
0
26
1
33
11
34
10
8
1
14
9
17
25
7
21
3
9
36
13
15
1
8
15
19
35
15
32
24
23
22
10
27
6
19
16
22
16
12
1
31
35
30
0
8
23
20
6
5
32
35
2
33
18
36
16
8
29
0
6
6
21
8
34
26
10
35
32
5
26
32
29
2
7
2
35
