30
36
9
33
35
15
9
12
1
1
17
20
28
21
30
10
32
5
11
35
7
12
21
1
15
31
6
35
27
20
1
33
4
8
10
29
15
1
12
21
11
20
30
5
2
9
21
6
12
25
33
22
35
11
14
20
9
32
24
30
12
33
3
35
6
32
30
3
32
5
17
23
30
6
8
28
28
21
16
16
26
31
4
31
8
5
18
11
28
23
34
21
25
23
34
28
6
2
22
19
34
31
8
14
23
9
8
31
27
9
30
32
25
27
3
19
10
0
26
1
34
12
1
10
28
21
11
20
9
13
23
4
9
33
13
19
35
33
36
14
29
36
20
14
23
4
13
33
20
12
6
16
24
32
29
14
17
26
22
6
26
36
0
2
7
32
7
19
31
6
23
11
36
13
11
8
16
34
35
21
10
23
33
6
31
20
35
7
26
13
0
31
35
10
21
12
12
22
1
