12
9
31
11
6
13
24
19
5
12
25
28
15
8
12
29
26
20
28
16
20
3
6
16
14
35
7
26
1
21
19
32
15
27
35
32
21
29
4
31
7
24
22
33
1
5
28
26
17
14
5
26
21
13
5
29
27
5
32
4
21
26
3
31
6
33
34
30
35
28
30
15
12
13
3
36
20
8
25
1
6
33
9
35
27
15
1
1
20
0
27
29
7
13
29
17
14
10
15
9
2
35
30
26
26
14
15
12
34
3
15
32
25
34
33
19
35
24
32
7
36
18
2
10
11
6
1
2
10
0
4
27
2
6
11
2
20
20
14
8
16
18
29
7
18
27
2
2
25
6
18
17
20
3
33
13
20
12
4
25
26
23
36
0
29
4
6
8
16
26
33
22
13
32
22
2
28
27
29
19
5
31
1
4
21
18
29
14
18
4
11
33
31
31
16
7
31
9
35
