20
19
0
17
4
25
28
29
12
29
12
33
15
19
13
15
12
16
0
32
23
9
33
1
30
17
31
36
10
24
19
16
23
25
9
1
0
15
22
23
33
16
8
31
19
35
36
5
15
21
20
30
34
8
35
18
5
13
17
3
6
12
19
34
6
6
29
16
10
12
14
36
18
27
32
19
4
21
30
17
19
31
20
14
17
34
17
9
12
9
4
12
4
6
9
24
2
6
26
32
23
3
9
2
31
15
31
3
10
26
11
11
32
20
15
35
19
29
5
23
1
11
33
1
2
15
17
19
6
22
36
25
19
31
8
29
21
36
9
26
25
9
14
3
14
13
18
2
6
12
9
6
18
29
33
30
20
15
25
30
30
13
29
11
20
15
33
25
24
34
8
14
3
16
16
9
26
8
33
35
24
28
16
31
25
20
15
22
19
23
10
7
35
2
8
6
17
2
34
30
13
15
23
33
28
16
34
0
5
16
5
26
27
10
14
25
22
29
19
27
16
36
36
1
25
18
29
