11
5
15
36
27
35
34
18
35
34
12
12
0
23
8
6
33
23
31
6
16
20
15
29
7
25
17
32
6
0
18
33
26
0
26
3
24
1
32
28
36
4
13
26
10
34
12
11
34
30
0
2
4
36
10
14
35
23
22
36
1
29
25
19
28
31
22
37
21
30
1
32
12
19
2
6
31
6
3
26
22
12
9
27
33
36
6
28
0
8
14
33
11
33
6
35
16
0
19
3
25
1
6
22
26
3
10
11
31
23
5
27
31
11
35
10
3
35
12
21
34
24
22
36
25
16
2
17
14
2
24
20
25
17
12
12
36
22
18
9
14
32
25
12
33
15
27
12
36
3
4
15
2
7
16
32
19
16
6
8
19
23
34
15
8
29
12
25
19
35
11
26
25
7
2
20
1
0
20
36
24
23
34
36
33
34
35
31
25
11
29
5
34
10
15
18
32
