5
12
16
20
20
36
1
8
12
7
30
22
26
31
31
33
28
3
4
21
26
23
6
34
12
26
6
23
35
9
11
9
6
15
0
10
13
9
26
30
21
24
26
26
6
9
20
23
29
4
7
34
27
34
28
25
24
9
20
8
26
30
4
8
4
23
3
32
24
32
5
2
35
29
19
4
36
7
30
33
6
15
15
21
11
6
23
3
34
35
26
18
22
28
25
26
16
27
16
23
2
28
0
18
26
19
20
4
20
36
34
23
13
34
35
6
25
21
2
12
26
25
31
18
18
33
5
32
4
2
18
8
34
31
31
20
4
24
33
6
18
6
12
27
4
28
33
24
23
9
12
29
29
34
3
20
15
1
36
8
10
24
13
15
30
13
34
3
15
5
16
30
29
27
10
6
4
21
34
34
36
25
10
11
32
24
11
4
10
27
23
3
26
5
22
19
13
29
25
3
8
1
