37
26
33
23
33
33
22
2
29
8
11
13
28
0
16
7
34
26
26
25
5
2
18
33
26
18
0
0
17
5
22
9
17
15
6
0
30
26
8
23
1
17
4
10
22
32
0
6
5
33
35
25
36
34
8
25
20
26
17
10
9
27
14
13
18
17
35
12
16
11
8
27
28
8
20
35
33
23
13
25
11
13
5
20
9
15
4
11
19
0
26
30
16
9
11
6
2
21
19
35
25
25
17
35
21
30
10
12
1
0
9
34
19
11
13
32
1
25
9
35
35
3
5
32
32
26
34
1
34
32
33
1
29
36
16
15
29
21
8
8
1
32
36
17
18
16
2
25
33
8
19
22
36
11
14
20
27
17
26
12
15
15
6
4
13
36
17
25
4
25
36
12
4
13
0
8
32
16
24
20
28
30
18
18
34
10
8
20
15
36
0
5
25
18
30
8
28
0
22
17
