37
14
19
18
10
14
8
5
12
26
18
24
0
29
21
33
22
16
14
33
17
1
0
25
32
15
13
14
6
19
28
4
10
14
33
11
31
23
10
4
3
28
3
16
33
5
17
8
14
2
10
35
33
31
7
14
2
24
2
20
34
10
17
26
35
29
23
29
3
36
28
1
6
30
12
14
31
27
20
27
29
32
5
34
0
23
18
23
24
15
4
8
21
11
4
27
34
25
20
0
27
21
3
18
20
35
30
14
21
19
0
34
20
19
10
27
27
21
25
9
3
32
15
3
26
8
25
19
0
31
11
0
4
13
3
15
18
6
33
10
25
24
8
18
33
20
21
14
35
20
26
15
19
31
31
10
6
3
35
36
13
23
16
16
24
2
30
5
18
23
35
5
27
33
4
24
26
0
13
4
5
26
6
10
28
23
1
9
35
13
7
21
18
10
6
26
7
28
