35
17
30
32
1
20
19
17
35
22
26
6
36
3
3
29
10
11
6
17
18
0
23
11
31
5
14
36
25
29
17
27
36
15
4
19
34
8
16
12
25
11
9
30
0
26
22
27
9
19
32
7
29
32
25
5
27
4
34
17
31
11
8
22
2
22
7
28
27
32
27
17
26
21
33
36
28
9
3
10
20
36
21
29
26
18
17
13
8
26
23
10
23
17
33
35
11
4
3
18
20
34
7
6
3
33
32
36
30
8
8
2
16
24
15
11
8
23
0
22
0
16
10
3
9
14
14
2
19
22
35
3
22
6
9
18
8
25
27
35
14
3
6
28
30
19
26
20
36
12
31
4
25
31
34
36
24
21
11
22
18
27
27
2
12
12
35
11
22
21
30
25
26
36
32
6
16
6
29
35
25
34
17
3
28
29
20
7
4
3
16
11
34
11
20
36
22
24
28
34
30
12
15
27
16
18
35
29
18
32
22
9
20
4
26
24
24
36
1
31
8
33
36
17
36
15
30
10
29
10
11
34
1
26
9
11
31
3
14
8
30
24
30
16
21
18
1
9
28
6
13
14
20
18
34
7
16
18
18
33
2
36
17
14
29
18
5
27
31
11
29
4
7
21
17
1
13
35
24
29
17
18
17
32
18
12
31
8
28
8
17
27
18
16
21
26
15
14
7
29
0
0
19
26
25
27
36
33
2
17
1
36
4
23
13
5
21
30
10
27
21
14
17
3
8
15
9
15
29
7
14
2
31
31
25
0
25
17
13
12
28
7
17
9
9
13
16
23
5
9
8
18
31
3
17
15
13
12
18
7
25
35
27
19
26
2
28
8
10
16
17
19
36
3
33
16
14
24
7
34
10
14
4
29
22
13
23
6
7
17
17
31
22
15
11
9
25
14
24
34
19
33
34
35
29
