37
31
14
10
5
14
0
36
25
32
11
15
22
19
36
22
21
2
25
13
20
35
22
27
12
10
34
34
24
31
20
24
27
22
20
12
6
24
25
27
21
8
5
0
9
1
34
16
2
26
4
27
20
23
25
7
14
5
6
17
19
5
29
3
2
6
24
34
17
15
31
30
21
5
25
6
12
14
14
6
18
16
30
18
26
20
33
2
19
8
5
8
2
25
16
0
32
23
6
12
28
6
1
7
10
35
5
11
23
11
36
21
25
4
15
1
12
32
29
32
3
17
8
36
26
24
36
28
1
32
34
10
12
36
11
7
21
12
9
12
20
21
25
19
35
29
17
25
6
18
35
24
1
18
30
31
16
3
36
1
34
25
5
32
13
14
10
19
11
31
27
29
33
9
8
19
36
0
24
8
4
16
13
2
7
5
30
31
18
19
14
12
36
12
24
8
10
0
33
