3
10
19
18
14
20
13
26
8
34
17
33
34
26
32
27
32
30
18
13
7
4
34
1
23
28
10
18
8
14
24
17
14
36
16
14
2
14
9
24
7
18
5
8
11
12
32
18
13
26
23
25
3
34
36
10
30
32
21
22
3
27
16
36
7
9
33
23
36
16
35
13
12
21
16
28
32
19
22
29
29
24
14
32
4
32
30
9
0
36
32
19
18
25
27
9
31
4
19
18
11
23
7
18
33
36
31
17
9
22
27
10
5
36
4
22
1
27
26
22
3
18
20
31
25
28
2
0
28
0
34
28
9
30
23
4
4
34
22
15
11
1
3
35
36
5
36
25
23
2
0
18
23
13
27
29
1
12
19
24
31
25
15
24
5
21
36
17
21
20
9
21
19
7
35
13
20
29
19
14
28
17
25
35
3
16
14
17
21
35
9
17
6
26
17
13
17
25
35
23
28
