6
10
9
6
19
31
27
35
9
21
30
15
3
28
5
22
30
19
3
23
14
29
18
36
36
21
26
6
5
11
35
6
14
16
9
0
3
4
9
20
3
33
9
25
23
20
4
10
26
11
25
25
9
0
34
2
21
6
26
14
28
20
14
28
13
35
15
1
33
12
22
1
17
36
22
25
26
7
9
2
11
28
25
15
21
24
14
29
7
10
21
8
14
16
6
23
23
35
2
17
3
10
17
17
25
10
1
24
6
8
7
35
27
19
18
12
26
17
12
23
18
8
30
27
8
31
17
26
20
33
24
15
22
5
17
31
31
13
5
17
7
12
9
28
24
30
12
0
6
24
17
32
30
20
24
8
4
36
25
20
16
6
2
24
29
23
36
23
35
26
27
13
8
20
31
5
21
17
35
22
31
9
24
7
2
30
35
4
9
11
32
23
20
19
1
28
4
