15
31
21
16
30
12
36
2
23
23
22
4
4
3
28
10
10
12
7
8
3
34
28
14
14
36
13
22
15
27
33
16
34
15
25
19
32
29
33
26
17
23
10
10
36
15
33
7
3
8
25
19
9
10
20
30
31
34
26
5
32
5
11
17
5
7
33
13
11
10
1
27
30
3
1
32
8
32
4
12
20
2
25
36
5
18
32
29
33
16
27
15
14
2
28
35
0
10
3
15
3
0
10
29
25
18
3
2
5
29
33
23
16
32
27
21
0
18
31
6
27
3
12
3
19
5
10
19
27
23
15
20
5
31
15
25
9
18
4
24
22
12
28
1
8
11
32
1
17
33
15
27
2
26
21
14
5
16
23
27
6
33
31
4
13
12
16
5
28
3
29
32
14
3
10
2
27
6
27
18
18
16
21
12
3
11
20
15
30
25
27
6
20
21
14
2
29
2
9
