32
15
33
9
4
16
7
28
33
20
22
23
15
26
0
18
18
11
32
21
19
28
9
13
11
0
28
6
25
27
15
9
10
7
9
31
4
28
8
2
24
3
35
10
28
35
35
4
12
24
0
25
31
7
23
1
7
20
16
36
14
35
36
27
10
3
7
32
9
3
32
28
28
17
34
28
20
25
8
13
18
32
9
7
28
1
5
24
17
16
27
35
23
31
10
1
6
33
24
12
29
27
25
2
32
15
36
27
34
26
4
32
9
26
4
14
24
22
9
8
3
33
35
7
30
0
24
24
14
28
36
32
29
4
16
21
2
9
11
2
21
0
5
10
34
9
2
7
13
5
10
31
14
30
8
24
2
35
0
21
13
3
23
13
33
15
28
25
29
24
26
14
32
1
19
12
13
31
12
26
32
2
22
15
23
6
22
7
19
9
0
27
0
27
18
0
0
31
18
30
35
14
0
23
36
20
4
19
20
32
19
14
9
21
35
23
36
30
14
