0
20
23
19
9
36
31
36
23
12
17
31
30
22
14
7
10
25
35
5
12
28
18
1
4
36
11
36
28
32
9
1
12
13
20
33
4
16
7
6
26
25
12
20
29
24
18
2
17
34
11
8
32
19
11
33
29
13
30
11
26
6
1
26
23
13
17
23
21
21
24
7
15
23
31
5
9
7
23
9
7
1
30
25
29
35
10
24
12
36
9
17
16
8
4
26
26
23
36
9
24
15
33
15
36
20
6
16
7
33
25
12
25
13
12
2
23
20
19
8
34
15
27
24
3
2
32
8
9
18
10
31
19
34
14
27
19
7
2
12
1
2
28
8
35
11
14
31
11
22
6
19
19
11
28
16
25
10
14
10
9
8
31
24
21
17
27
0
12
36
27
14
22
2
26
29
7
36
32
36
4
25
34
3
29
11
13
18
11
13
22
17
33
25
29
3
21
11
7
