30
30
11
12
3
25
10
9
15
34
27
14
17
0
35
19
7
19
9
32
13
28
29
19
11
15
15
5
13
9
6
17
26
20
4
22
27
9
17
29
32
35
20
2
30
10
17
15
15
8
28
26
16
7
21
2
23
11
4
13
34
9
14
5
35
12
13
10
19
16
21
24
18
35
19
26
13
2
20
35
26
24
22
34
5
28
7
16
10
5
24
1
33
29
16
3
2
15
4
27
12
23
11
24
27
13
10
34
9
15
32
29
35
8
35
32
14
30
26
19
21
21
6
11
35
24
6
0
34
30
26
5
13
2
29
11
2
12
26
24
4
4
9
15
20
2
1
34
12
26
7
28
0
6
31
19
18
18
32
4
32
25
15
10
10
28
4
0
24
30
15
11
24
21
19
20
2
17
28
14
24
36
29
27
23
26
28
7
0
22
7
11
26
10
20
15
11
