17
17
2
30
18
30
15
7
21
12
18
34
26
29
13
30
30
32
36
21
12
25
16
25
8
33
30
18
22
27
19
10
11
15
26
2
15
10
29
19
28
7
15
16
7
31
21
35
11
35
5
35
10
10
10
34
6
12
31
13
13
0
35
32
17
5
20
21
5
35
36
21
22
0
6
10
33
26
6
1
7
12
3
6
11
12
36
14
35
4
30
8
3
6
5
35
33
14
19
34
0
2
24
13
34
30
31
0
35
19
30
17
28
36
28
10
4
29
28
29
6
4
24
20
12
15
35
0
14
35
33
9
35
33
26
2
16
36
35
30
29
5
6
36
23
17
24
34
19
35
25
22
4
7
18
29
16
36
25
11
8
15
30
31
26
36
24
34
24
14
12
3
30
6
26
19
2
32
22
17
11
30
7
28
16
15
24
33
28
17
32
24
34
28
10
3
4
7
5
33
22
4
32
19
17
7
25
20
0
30
19
30
17
29
30
2
27
21
34
35
21
5
13
7
4
30
25
24
12
22
2
11
10
13
18
3
25
15
18
9
11
16
8
0
30
15
14
16
15
22
25
24
33
7
12
4
5
1
25
13
22
12
17
11
6
11
9
18
27
14
5
7
31
6
6
31
33
9
35
31
32
11
27
34
3
4
18
28
11
6
22
4
2
34
9
3
36
10
31
27
34
36
2
13
11
28
33
29
20
31
28
16
11
35
33
33
8
34
34
27
11
27
28
7
23
31
34
14
33
8
20
31
23
0
3
18
20
10
30
18
0
32
21
13
16
23
4
16
23
20
2
15
3
33
10
26
10
36
30
7
28
34
33
31
14
0
16
14
9
34
22
13
19
14
23
18
5
19
26
22
32
13
3
7
28
22
4
23
35
29
29
12
28
10
33
23
29
31
18
20
12
25
