26
26
28
34
25
10
29
19
2
35
29
14
35
2
23
16
12
22
35
2
4
0
0
35
0
6
35
3
3
5
29
35
24
20
9
29
1
3
27
27
17
34
16
6
17
23
7
35
28
0
18
33
34
11
25
12
1
8
3
34
32
12
30
27
6
27
17
14
36
17
31
1
35
5
27
7
7
19
7
25
0
17
19
15
12
29
7
28
27
35
14
18
6
35
26
28
24
18
18
33
11
26
13
29
22
36
30
3
26
24
12
21
33
8
29
33
10
13
3
20
14
4
33
19
2
14
35
28
2
26
23
33
21
18
21
22
3
9
5
18
30
17
31
33
7
32
18
17
19
30
32
31
35
9
14
28
20
22
30
31
4
30
30
14
2
7
9
36
12
34
34
6
11
7
23
27
15
27
28
10
19
15
16
0
2
28
4
17
0
8
10
16
10
6
3
11
24
34
