10
35
35
25
11
7
16
36
18
11
6
21
30
21
26
8
27
9
35
0
33
22
29
2
29
12
36
32
25
20
36
12
34
5
16
36
29
17
16
23
19
17
7
26
3
7
4
14
14
6
11
26
16
8
15
28
15
0
8
34
33
8
2
28
16
6
16
10
21
9
10
33
4
28
0
33
10
32
7
5
24
18
32
32
33
35
18
32
12
15
28
26
11
35
15
0
18
19
3
22
11
21
30
23
10
25
25
14
19
24
31
8
0
32
26
35
12
11
20
24
20
12
5
5
18
31
35
27
18
36
26
30
18
33
30
22
35
36
7
12
35
8
3
30
25
11
25
13
26
26
2
13
10
1
7
28
29
6
29
11
13
18
30
10
32
33
9
26
5
7
7
33
16
28
35
34
36
11
22
20
24
17
3
23
9
26
12
2
33
11
27
34
19
14
3
29
12
30
