25
30
13
24
11
3
14
9
18
11
15
10
28
8
35
3
35
31
12
11
18
4
31
26
14
4
1
10
18
22
30
20
22
3
29
36
36
12
6
33
26
12
21
26
33
27
14
2
0
36
36
5
14
27
13
32
27
11
15
17
25
36
31
19
19
25
35
20
16
10
19
6
25
16
4
31
4
34
17
22
15
15
1
18
30
17
30
1
16
10
27
28
17
12
28
0
15
22
15
12
5
24
29
21
2
34
8
30
6
8
6
13
30
26
4
20
16
5
16
4
32
13
29
22
7
19
16
25
31
35
29
1
9
2
28
27
25
25
0
10
6
13
10
6
19
14
9
25
32
28
20
0
26
4
32
4
21
23
9
23
0
28
0
7
8
8
17
14
7
0
35
20
17
23
31
18
0
14
20
16
4
25
24
35
30
35
3
19
31
27
24
23
4
15
33
20
20
