35
24
36
10
31
36
15
27
12
13
12
16
15
8
30
14
31
8
34
14
21
27
4
5
30
32
0
23
20
0
23
4
18
5
31
35
21
5
15
0
21
19
12
25
22
21
12
30
22
26
17
20
12
3
31
24
13
10
30
3
11
25
24
34
0
6
22
0
3
23
6
17
27
33
4
19
17
4
29
29
28
34
29
32
26
1
1
28
2
10
19
26
35
2
21
26
2
31
36
33
33
28
24
7
20
27
32
36
5
24
26
22
22
3
33
26
36
19
33
22
14
24
0
21
32
18
32
30
33
23
26
35
6
14
12
3
6
17
8
13
15
4
24
12
10
1
19
30
4
6
1
15
26
35
0
29
28
20
22
16
8
28
12
19
0
13
27
22
15
32
24
5
27
0
9
35
21
36
25
8
2
31
2
17
22
28
34
6
12
26
13
7
1
11
9
17
5
17
32
