20
12
0
23
2
15
14
3
14
24
0
36
13
20
7
35
26
15
0
16
13
20
15
22
34
29
25
15
5
22
20
28
13
0
21
6
24
31
13
17
22
21
33
30
24
25
12
21
24
28
14
31
12
31
21
29
26
16
13
30
0
35
30
23
4
10
17
9
0
14
35
30
4
20
27
22
9
29
14
24
25
29
16
5
26
31
36
35
31
1
5
12
30
23
34
7
7
28
10
3
22
16
19
24
13
25
8
34
0
29
6
20
3
13
7
30
22
1
20
29
16
13
12
16
20
12
24
8
31
14
34
3
25
33
29
31
18
11
4
34
18
34
8
34
2
16
12
9
24
23
14
6
12
32
32
32
33
14
17
28
0
25
5
16
31
11
22
8
18
14
9
30
12
33
0
24
31
30
33
1
3
30
11
9
5
25
29
5
19
27
15
30
14
3
28
14
23
29
30
