10
4
17
15
19
34
5
26
20
22
11
29
35
5
6
32
31
30
33
35
8
4
8
30
18
15
30
0
7
35
26
4
14
25
33
3
34
14
5
19
28
15
34
20
7
12
12
18
9
19
34
14
32
33
23
19
22
10
16
30
30
30
22
13
26
2
5
21
12
29
14
6
26
25
16
2
9
3
31
23
4
17
18
3
4
18
26
33
29
32
12
23
12
1
14
36
21
1
15
7
36
0
25
3
0
23
8
11
29
7
18
27
29
1
9
11
35
11
31
6
6
24
29
15
32
28
11
2
11
1
18
24
36
1
28
32
12
20
24
4
7
20
0
2
31
28
5
35
28
10
32
31
3
11
23
24
18
15
11
6
6
9
24
16
16
8
9
33
16
31
24
3
27
34
25
7
2
2
17
30
35
5
26
10
32
28
32
20
8
9
21
35
26
19
9
25
31
21
