20
3
14
17
16
1
9
10
34
21
33
9
16
11
33
19
6
24
6
31
9
26
4
22
1
19
23
4
10
13
18
22
16
21
17
10
4
33
24
20
4
14
29
6
1
20
9
2
28
31
6
27
9
1
31
35
24
27
24
12
6
27
31
5
8
2
36
19
27
3
3
2
31
25
13
24
0
34
27
30
26
24
20
19
21
15
12
13
24
20
6
35
10
21
30
36
36
3
15
13
28
15
19
1
17
15
17
4
28
21
33
18
23
25
24
0
15
25
9
36
32
20
10
24
35
25
26
12
5
1
34
35
7
12
31
9
25
26
15
32
20
24
29
24
2
17
0
16
30
17
6
30
31
15
8
9
14
17
16
18
2
4
29
14
12
22
19
24
36
19
2
34
30
9
20
29
36
15
17
33
31
24
3
12
19
36
0
23
23
7
34
10
35
9
28
10
2
2
23
13
