30
8
14
3
24
2
34
17
13
2
31
30
20
21
3
11
35
34
11
14
33
36
10
26
3
37
5
32
14
10
2
7
19
17
2
32
19
29
6
13
25
0
28
22
0
12
12
11
29
35
34
12
14
19
7
14
33
7
5
26
17
11
26
18
35
15
4
22
29
1
5
19
6
24
3
32
2
14
33
16
30
25
13
8
17
3
24
29
13
15
23
25
2
23
20
10
1
19
1
1
3
29
32
6
31
3
27
22
25
22
16
0
3
11
21
35
29
34
28
1
19
1
13
13
4
4
35
3
2
22
22
4
11
22
17
10
23
14
21
18
7
2
28
13
34
31
3
0
2
25
25
26
23
11
28
16
11
20
1
26
0
30
7
26
14
12
29
21
25
34
23
5
19
14
19
5
18
31
36
22
1
24
27
23
11
32
26
1
23
17
27
3
1
25
4
7
5
13
25
35
17
25
1
34
13
19
7
34
5
8
34
8
24
29
28
21
23
13
19
14
33
8
23
31
28
35
11
15
31
22
18
12
11
36
17
26
26
15
19
22
34
24
25
13
32
9
15
34
29
17
22
8
33
7
12
35
28
21
22
2
24
1
16
33
3
1
0
34
9
33
31
12
6
3
7
28
21
3
9
15
31
10
11
17
7
11
29
35
1
27
30
24
6
30
32
14
0
27
20
36
25
35
2
20
16
30
16
6
32
14
1
36
13
32
15
4
4
17
15
4
10
30
9
18
8
12
31
15
19
18
30
24
22
3
32
1
13
32
15
20
27
10
36
35
24
19
26
22
31
1
21
13
12
20
4
8
18
26
25
9
23
12
9
0
1
10
26
0
10
20
33
18
23
12
23
4
31
12
32
21
32
35
32
5
0
33
17
10
25
9
2
15
35
13
8
20
18
30
2
29
34
16
31
21
7
23
6
29
9
34
35
28
3
26
21
10
20
15
6
28
4
22
