0
12
33
12
29
33
32
27
17
4
0
6
15
22
28
24
26
34
1
7
1
26
7
7
3
21
24
23
26
0
24
11
6
2
23
30
33
5
36
4
18
32
14
34
5
28
0
21
14
9
20
15
34
33
10
11
12
0
15
5
23
21
14
20
30
12
8
32
16
12
7
35
31
31
2
28
8
20
30
3
34
9
16
23
27
25
22
14
29
32
3
5
9
9
20
11
9
32
25
8
11
19
17
30
10
19
32
2
10
25
18
27
7
12
16
0
20
28
30
21
0
24
24
32
18
11
4
21
12
16
19
27
19
18
1
11
22
26
35
28
35
15
13
22
20
19
4
6
24
13
35
2
16
4
12
14
33
15
36
32
26
19
25
17
34
29
13
19
11
3
20
29
23
6
12
31
5
17
2
0
32
25
33
6
1
33
13
26
27
19
23
30
17
31
25
22
9
8
