1
19
15
24
17
20
9
22
1
8
1
0
12
12
17
5
10
2
7
5
36
0
0
17
8
29
0
0
23
31
31
11
10
27
7
27
1
28
0
36
20
34
21
24
5
9
3
33
22
14
16
33
11
31
12
26
0
11
29
13
0
36
3
19
22
9
22
29
6
0
1
3
6
35
3
26
24
5
15
21
24
34
14
36
9
10
26
31
20
25
24
19
19
17
14
28
5
3
8
1
32
17
21
7
24
30
20
2
14
8
19
22
36
0
23
8
14
23
30
11
5
25
21
33
1
35
20
25
28
35
24
8
29
22
13
6
23
33
34
34
6
35
21
32
17
12
17
26
1
32
11
13
5
34
2
2
13
15
35
32
29
26
16
19
7
16
32
23
1
21
23
26
24
10
35
28
29
3
35
2
12
3
5
29
32
26
7
1
18
6
8
25
5
17
16
15
5
