25
11
1
0
25
16
4
34
10
34
13
11
30
6
26
32
20
0
32
36
8
28
1
24
33
4
8
11
13
22
8
12
22
36
0
35
28
36
26
4
22
0
33
6
21
8
6
24
27
9
4
28
6
25
16
16
6
7
33
22
6
16
4
18
16
20
16
9
27
13
19
10
12
16
13
27
30
8
32
19
18
29
30
13
8
2
10
7
34
23
3
11
9
4
25
12
30
9
36
4
10
33
13
36
25
34
29
15
16
35
32
28
23
27
1
19
36
27
8
12
25
16
27
14
12
19
24
19
16
14
30
16
5
31
19
3
36
0
24
32
0
21
5
3
9
32
11
6
20
23
13
4
29
32
26
9
10
0
30
21
21
20
28
21
33
9
13
2
14
6
0
10
27
13
0
9
23
25
26
9
30
10
10
30
18
2
1
14
29
20
27
35
25
8
7
19
1
11
26
25
28
12
