0
18
8
29
17
8
9
6
21
27
4
16
8
26
20
25
22
28
11
12
30
20
0
32
3
23
0
35
24
19
34
13
28
14
6
15
31
2
19
22
7
15
3
14
32
34
21
0
27
21
2
18
27
36
20
4
15
16
4
32
3
32
1
34
11
18
21
24
31
8
23
14
35
17
16
5
23
13
11
11
26
1
1
24
19
17
23
17
3
29
14
35
8
29
34
6
15
28
23
6
14
18
10
2
19
17
16
16
0
21
15
35
17
3
25
21
19
19
10
32
16
16
21
13
35
20
18
29
22
16
17
0
22
12
34
22
23
30
17
8
35
26
4
15
14
16
35
0
11
19
25
26
30
15
9
10
33
11
4
4
24
10
19
5
25
28
35
21
25
8
9
25
8
10
29
34
6
3
9
18
28
6
33
13
4
5
24
33
6
36
12
26
18
3
26
20
1
22
8
26
