34
21
30
20
4
19
11
13
29
22
16
7
6
5
1
30
25
23
12
9
0
0
31
11
15
11
9
22
12
8
10
12
14
2
36
19
24
24
3
33
31
6
20
35
25
13
17
36
16
11
12
9
16
7
2
10
26
19
17
11
13
17
7
30
28
35
13
12
30
4
25
19
28
31
25
14
10
24
34
25
7
4
19
11
24
28
30
25
17
19
34
9
12
27
2
2
33
22
19
15
8
34
11
24
12
27
23
6
35
12
13
31
34
20
17
25
31
28
10
4
22
2
1
28
25
20
7
30
36
15
6
32
9
33
7
8
3
22
31
13
20
27
22
17
21
16
28
6
33
15
13
9
7
1
7
26
12
6
1
8
12
20
8
29
14
2
13
2
17
9
36
21
32
27
22
16
12
34
33
8
32
35
26
0
30
15
27
34
12
33
20
27
20
24
0
27
7
10
33
