7
7
10
16
12
11
19
36
29
16
28
12
17
12
29
32
10
30
14
11
18
31
32
32
24
14
28
8
10
28
36
30
6
21
14
29
36
29
22
21
28
30
18
16
32
8
1
15
33
17
31
28
34
13
9
4
19
34
15
28
22
25
27
19
3
10
14
32
11
10
25
12
7
16
14
16
26
34
29
22
21
7
2
31
31
30
31
6
1
18
25
25
17
18
25
7
10
31
16
2
24
34
32
26
16
12
16
24
16
1
6
36
18
15
15
28
6
11
32
5
13
16
19
28
25
19
22
8
30
11
5
36
11
17
20
19
28
28
0
17
28
23
5
3
22
18
2
2
2
14
2
1
4
17
34
9
8
19
4
1
8
27
19
0
20
21
4
24
25
0
5
22
31
19
33
34
10
1
20
14
22
21
22
36
1
13
26
5
19
12
23
5
23
20
14
13
6
20
