5
35
8
35
4
31
9
6
22
9
25
18
4
2
16
36
2
2
30
21
12
17
29
1
32
6
23
30
29
23
14
15
21
24
15
30
18
31
17
25
13
9
30
23
19
14
20
20
22
4
31
23
35
10
32
35
32
11
1
10
11
29
25
11
4
6
0
31
34
25
25
21
27
6
34
18
28
22
5
36
33
23
12
12
9
22
10
29
24
25
32
23
5
21
18
15
31
28
2
29
32
15
31
6
14
0
11
1
29
22
18
5
24
10
12
11
25
15
17
36
24
10
7
30
1
24
6
13
36
10
19
10
25
4
5
11
29
16
0
8
0
17
15
21
22
21
16
34
17
19
24
8
30
14
11
35
12
34
10
19
21
34
1
32
18
29
21
8
24
36
12
20
14
33
0
32
11
1
1
9
6
0
13
36
29
12
26
12
22
26
27
0
35
12
13
11
21
15
1
26
20
