9
13
24
25
3
24
18
34
17
18
3
7
25
4
17
14
24
29
5
6
32
16
27
25
17
30
9
29
13
2
36
29
7
34
26
12
9
28
23
6
16
14
21
28
24
14
6
22
7
15
34
18
35
32
6
2
15
16
19
21
26
9
36
32
14
36
4
15
12
12
5
28
27
13
31
25
31
22
25
21
27
22
28
0
13
32
13
10
9
33
15
16
12
33
29
11
0
32
27
7
17
18
17
20
36
33
21
20
20
18
3
20
15
7
1
2
6
14
33
30
11
31
23
0
22
8
15
12
11
11
3
7
36
1
27
13
27
12
29
17
10
26
27
24
11
36
13
28
29
35
6
36
27
13
4
1
4
17
17
2
1
15
24
3
1
32
12
3
5
23
34
5
16
32
16
3
18
0
25
14
34
14
35
1
3
17
30
3
1
25
15
15
9
33
16
32
31
11
7
9
