8
12
12
35
10
22
11
19
23
9
32
30
23
12
33
32
28
7
7
0
5
28
23
19
3
25
20
9
11
11
23
31
29
29
29
9
10
25
29
18
1
27
20
28
0
16
23
30
16
35
34
2
29
16
24
19
32
33
23
10
11
33
30
22
15
36
26
1
7
29
19
25
4
5
27
9
21
16
31
1
33
13
20
24
6
30
20
19
33
25
5
9
32
17
34
0
31
29
6
7
17
13
27
35
20
30
26
17
17
24
33
1
32
35
12
30
14
34
13
27
26
35
35
13
1
34
33
31
12
12
34
0
16
4
20
8
12
7
13
2
34
17
7
0
19
28
7
16
13
22
25
15
6
31
18
32
14
19
12
1
12
13
6
19
10
22
7
28
13
10
21
17
31
13
3
36
1
20
5
19
5
9
31
11
21
28
25
11
14
6
16
21
7
31
4
5
16
8
16
25
28
17
