25
5
35
26
18
28
7
7
19
15
3
4
31
4
6
21
10
5
36
3
2
19
26
26
19
2
31
30
22
4
15
32
18
28
34
11
16
32
8
33
28
0
25
27
8
24
25
35
31
25
3
19
5
19
7
31
26
19
2
5
31
3
12
23
6
26
9
24
13
20
2
8
13
15
8
34
28
4
5
4
33
30
29
19
22
16
8
8
25
0
32
1
11
30
3
9
6
3
2
15
6
1
24
17
30
17
1
27
35
21
16
18
18
25
14
35
25
12
11
20
33
34
7
24
5
4
16
0
36
13
15
30
3
12
10
25
22
5
12
17
14
8
15
30
16
24
23
16
19
12
29
9
26
18
1
36
1
35
8
4
8
18
21
14
29
13
28
32
28
21
16
16
2
32
30
19
12
13
22
20
32
4
19
14
32
12
35
33
26
17
22
27
0
26
25
18
27
33
3
33
