30
13
6
35
1
13
30
31
1
7
8
19
24
25
14
14
23
22
19
27
8
18
17
20
19
9
34
17
21
31
30
8
11
4
23
3
9
29
0
18
4
26
9
4
29
35
1
27
28
13
26
30
8
0
15
11
22
34
6
14
30
17
9
35
24
0
3
11
18
31
22
30
14
20
33
2
33
16
33
27
25
2
17
31
21
5
35
13
27
18
34
34
28
2
5
1
13
3
28
10
33
34
34
33
21
29
18
32
35
17
6
10
34
4
30
18
15
31
3
14
28
2
33
1
31
19
3
32
33
34
12
19
8
13
23
30
26
24
35
28
4
31
30
27
14
15
28
1
20
9
3
26
28
5
20
32
19
20
3
7
3
23
27
5
27
26
29
34
28
13
20
5
26
23
15
12
36
0
1
10
23
15
0
23
23
12
35
33
25
33
18
36
9
4
32
13
33
30
