29
11
2
14
15
31
17
28
18
20
14
17
13
34
11
4
6
22
35
6
30
9
8
21
0
24
28
34
13
7
20
6
19
7
4
30
32
9
5
7
8
33
26
2
28
0
4
20
13
22
30
6
32
30
22
33
18
6
21
15
20
8
22
30
1
24
24
35
2
9
11
36
4
24
12
14
12
10
34
24
5
6
20
29
24
6
11
23
8
5
35
0
20
16
13
16
27
28
16
36
4
29
31
31
34
10
16
22
22
17
11
19
29
15
8
20
1
0
11
15
24
29
20
14
35
6
2
23
23
29
14
34
22
20
31
16
23
19
5
31
9
19
34
35
31
6
29
1
19
5
27
27
28
36
20
21
6
25
33
21
5
28
4
28
21
8
5
5
29
7
36
36
12
22
8
24
4
14
21
17
19
20
0
14
33
14
36
9
17
32
6
13
9
21
35
31
6
35
36
1
20
