1
31
31
17
23
25
29
33
7
5
24
21
12
5
15
21
24
7
11
19
31
4
23
24
33
6
5
33
2
9
30
4
26
10
13
27
32
9
4
27
2
4
6
27
33
33
12
9
4
26
8
23
28
17
15
25
16
3
33
27
8
8
30
0
25
1
18
25
15
31
18
16
26
11
28
18
20
1
9
12
11
18
9
30
17
7
13
19
19
31
28
16
11
5
15
2
25
7
18
5
31
28
4
33
25
32
34
1
11
9
25
20
10
33
34
35
25
9
35
23
1
0
1
6
1
2
8
16
7
35
24
5
35
2
14
9
9
30
35
23
15
13
10
19
10
15
7
14
6
29
9
31
23
5
3
4
14
9
27
22
10
3
19
12
11
15
35
4
36
25
35
33
14
22
16
30
20
25
17
2
33
16
14
1
26
27
24
24
3
29
28
33
18
13
19
1
11
27
