5
3
20
23
16
35
20
4
14
14
7
20
31
4
16
32
1
7
0
9
15
13
23
12
25
27
2
14
16
36
7
1
34
6
3
14
13
27
25
13
7
6
23
2
12
7
32
19
17
23
24
11
10
13
19
15
17
33
17
27
13
36
34
11
8
29
16
33
36
36
25
21
29
9
6
2
31
32
34
6
18
20
2
35
18
9
11
19
17
34
3
10
1
10
10
35
27
11
26
19
27
13
30
11
33
32
17
16
13
17
24
17
35
20
0
8
9
36
35
2
17
6
18
18
34
2
12
3
15
25
36
15
31
3
9
20
5
1
20
33
17
30
27
10
25
31
1
23
21
13
11
34
27
23
18
19
32
32
10
0
12
2
4
24
11
12
18
9
7
4
24
15
5
15
35
14
33
24
23
8
34
23
33
15
19
31
34
10
26
13
36
5
10
1
19
22
17
23
0
32
15
