3
18
9
2
17
15
19
18
11
18
27
6
17
36
4
27
30
2
21
21
23
19
17
17
7
17
30
30
10
28
34
4
17
36
31
35
2
4
8
25
11
3
30
22
1
5
7
14
33
29
10
1
28
32
5
31
33
27
25
11
8
12
4
3
25
12
26
5
31
32
11
23
13
34
25
33
14
4
26
11
16
27
9
24
13
28
22
22
36
7
2
10
17
20
21
22
35
13
30
32
23
21
5
34
19
16
20
18
34
16
33
8
25
31
11
25
3
22
15
17
22
17
23
6
26
23
22
35
17
15
14
7
31
28
25
12
27
21
8
5
25
33
31
0
27
0
8
24
26
25
30
9
1
23
14
28
17
7
21
26
34
21
4
17
35
31
3
10
1
15
16
36
14
15
22
35
26
31
5
16
31
15
12
1
5
6
22
27
23
11
2
11
17
28
20
2
