1
16
30
25
11
36
34
31
4
8
18
17
24
26
4
6
29
0
5
19
5
7
6
32
16
2
25
24
9
29
12
16
4
6
10
10
2
8
4
29
4
2
26
11
24
34
20
8
31
36
2
3
22
18
33
25
9
14
7
26
31
3
32
2
16
10
17
24
6
30
1
9
18
7
31
25
5
31
18
30
5
12
10
19
13
14
24
34
25
3
26
22
2
32
32
8
25
17
29
30
8
36
12
30
12
8
18
12
32
35
28
20
14
1
19
13
27
2
29
26
10
1
12
15
28
0
36
23
31
21
25
17
8
16
18
3
14
18
28
15
28
23
7
7
5
3
16
12
28
17
23
31
36
28
7
10
13
5
2
1
33
31
36
8
27
35
9
18
15
33
29
32
28
18
32
22
34
36
11
33
4
29
33
10
6
33
31
32
24
10
17
13
0
25
1
7
6
13
24
