9
32
24
32
36
24
16
17
11
26
34
12
30
23
26
14
7
5
16
1
5
34
8
24
12
33
34
36
28
15
0
25
14
13
8
15
6
7
9
33
25
19
27
18
33
8
35
7
29
6
24
2
14
7
2
11
29
1
25
19
2
34
14
1
18
13
26
10
17
23
24
11
28
36
6
7
11
8
31
13
1
24
25
17
30
35
28
30
26
10
16
12
33
27
16
32
4
1
21
30
12
35
0
2
2
23
2
5
6
26
20
10
32
17
23
28
21
15
30
7
33
28
26
27
3
14
26
4
12
2
16
10
21
22
12
21
13
3
19
14
10
0
26
6
10
36
14
33
18
17
16
20
31
17
6
18
31
22
5
10
13
15
19
27
1
18
8
13
17
35
12
9
2
30
35
26
15
27
7
19
20
27
14
26
16
24
34
19
30
33
11
33
20
35
8
20
5
13
10
17
30
22
36
