34
7
15
11
28
27
29
3
32
17
7
11
5
26
8
27
8
14
9
30
3
16
10
28
19
8
17
3
1
7
33
31
32
11
16
32
13
4
12
32
36
33
0
22
29
36
13
22
16
26
5
6
13
5
27
13
16
33
11
32
20
24
12
0
12
35
8
13
0
33
0
17
11
21
6
13
31
5
1
9
21
12
5
35
24
19
30
34
0
32
3
7
35
24
14
20
13
35
35
25
32
15
6
1
22
20
27
31
22
0
11
7
30
3
27
19
32
12
12
4
3
26
1
22
13
8
29
28
25
9
26
9
32
30
35
19
1
6
35
15
23
12
20
16
7
6
36
14
24
9
10
15
8
5
12
19
30
21
29
16
34
32
25
3
30
35
35
21
16
13
35
17
5
13
13
18
23
7
28
36
29
33
10
18
23
11
6
17
0
17
31
36
36
3
29
15
31
19
36
