1
35
30
27
14
4
17
18
29
23
27
16
15
0
33
22
36
22
15
12
8
34
35
4
19
28
3
28
20
31
6
11
22
32
33
15
17
9
4
17
28
9
36
17
19
26
17
4
21
14
31
4
21
26
27
24
15
35
9
32
7
3
24
36
21
36
32
34
19
14
15
19
1
7
18
36
26
17
31
20
36
25
24
8
11
22
33
19
28
19
33
35
19
8
20
20
10
32
2
30
4
14
25
21
27
12
20
24
28
18
20
10
21
10
8
27
24
15
21
32
34
27
0
15
30
2
23
25
12
36
34
3
11
12
10
15
35
36
29
19
21
22
3
35
2
11
3
35
14
19
33
24
4
21
22
27
8
20
23
22
6
0
35
1
20
5
32
11
15
3
34
17
35
18
15
0
21
9
26
35
27
27
29
29
0
20
30
15
24
24
6
24
31
1
7
6
24
36
18
34
36
32
0
12
34
28
12
0
9
11
28
33
33
22
16
15
8
11
16
2
22
13
7
3
0
34
4
20
22
9
36
16
24
22
3
0
29
23
21
15
34
19
5
27
13
3
10
5
9
22
9
0
4
8
32
4
1
11
11
5
10
31
2
16
20
10
9
20
23
15
29
35
22
14
12
23
30
0
32
30
2
34
23
12
11
14
20
0
32
3
30
5
16
32
20
12
19
12
20
4
26
26
32
9
31
11
2
8
27
3
34
22
27
4
33
16
33
24
5
29
13
23
10
17
26
1
5
24
3
3
20
27
35
31
25
6
0
27
24
21
7
29
24
15
32
32
7
28
30
4
6
11
23
22
2
3
5
8
10
13
20
3
25
4
36
26
15
18
36
23
15
32
15
31
36
7
22
22
32
20
31
9
24
27
24
33
13
31
5
2
17
29
0
11
3
16
12
1
16
19
35
19
23
24
