17
33
33
21
3
4
36
17
23
11
13
19
20
18
19
7
2
23
4
8
8
7
29
9
15
22
24
20
9
18
4
23
14
30
21
7
10
8
6
3
12
25
5
23
9
7
12
30
17
2
13
32
20
10
24
29
35
28
31
34
27
23
12
6
2
30
20
35
1
36
24
8
18
32
10
28
35
34
16
2
13
23
3
8
36
12
24
28
18
1
28
6
0
2
9
30
16
4
0
19
6
10
23
16
9
16
36
5
15
21
9
12
29
14
12
33
9
21
23
26
19
20
9
35
31
35
21
2
22
6
13
8
31
24
30
4
17
0
27
12
9
31
9
32
36
15
28
13
2
23
33
27
28
15
13
26
10
11
33
33
0
3
28
20
10
25
24
4
9
11
19
15
17
29
8
34
9
4
36
9
18
1
31
7
10
30
27
13
11
36
14
2
5
28
18
10
24
34
8
5
33
