21
15
10
16
18
26
33
9
31
33
7
17
6
19
22
10
21
28
28
30
31
12
25
24
32
24
9
5
23
8
1
19
6
4
26
31
9
20
23
29
25
0
30
5
16
28
5
11
30
16
18
11
29
4
30
23
13
31
35
25
26
24
8
17
9
15
25
34
28
26
1
33
9
26
20
1
22
8
31
11
25
28
0
30
13
10
21
15
22
24
12
12
9
25
13
5
22
21
32
29
2
2
35
1
21
31
11
0
2
15
0
24
24
30
25
21
2
1
29
16
10
5
31
10
25
35
9
11
27
14
33
34
14
21
35
27
30
11
26
26
35
22
29
16
12
36
1
5
36
34
19
14
25
13
19
14
8
32
9
8
34
2
7
15
27
34
21
9
19
9
18
36
2
34
30
6
18
21
35
9
22
2
23
25
30
5
7
24
11
32
0
33
18
4
10
18
