13
27
11
22
1
1
25
17
21
9
14
7
12
22
11
28
22
24
5
15
9
23
28
35
21
11
17
21
1
19
2
16
22
4
31
20
23
10
34
35
5
29
4
11
22
26
19
5
6
33
32
22
0
15
17
36
10
21
30
20
0
12
10
5
11
35
17
1
5
2
34
11
29
34
6
15
18
8
4
20
21
31
29
3
29
34
14
19
1
31
36
10
36
10
26
9
14
8
22
2
32
21
10
5
10
14
9
22
21
1
27
23
19
6
10
31
10
5
24
0
18
21
22
31
2
1
6
16
30
20
20
15
15
1
22
0
6
26
5
10
4
26
7
13
14
22
7
5
22
17
16
5
5
31
12
0
33
18
25
29
33
26
6
1
33
21
10
10
36
15
36
3
34
25
35
1
19
36
4
18
19
16
36
12
32
25
17
34
34
34
34
32
24
34
11
20
30
22
5
13
17
