23
24
34
13
5
22
32
3
33
23
4
19
24
36
19
6
0
33
8
17
35
22
10
22
36
0
23
3
35
24
12
3
21
8
11
33
32
33
15
35
20
21
3
32
12
6
32
10
22
35
9
21
36
30
10
12
35
32
16
32
17
15
11
25
12
27
13
17
5
33
22
31
22
31
35
5
36
19
23
19
6
18
18
28
5
19
4
27
32
28
33
20
9
31
8
21
26
21
10
10
36
6
10
19
28
24
34
9
7
16
13
8
13
11
28
7
27
7
23
17
8
21
31
5
33
22
12
13
34
6
8
11
16
19
0
32
15
20
36
25
4
32
5
29
5
12
29
3
29
22
18
32
9
25
4
13
13
9
12
1
7
7
14
9
21
15
15
0
1
19
26
0
30
9
6
18
18
19
31
27
34
8
33
6
15
3
7
24
6
22
1
23
1
14
23
29
33
26
35
13
2
