26
21
4
9
16
32
8
5
4
6
0
28
4
16
18
1
11
26
13
35
19
26
24
0
6
30
12
31
31
23
10
32
32
27
30
24
11
18
22
29
25
13
26
28
24
25
19
29
26
13
26
18
25
4
20
9
35
30
4
21
1
33
25
35
9
8
3
25
6
32
20
31
29
15
1
9
1
6
28
35
17
6
29
19
4
20
17
10
11
28
14
19
23
7
15
26
7
22
7
2
26
35
22
27
21
16
29
31
34
13
18
8
15
1
24
16
24
18
26
24
24
8
4
26
23
3
4
19
13
8
1
4
32
25
11
34
9
10
31
24
8
1
31
27
13
11
28
34
32
32
24
33
17
16
11
17
20
11
25
7
21
33
36
14
13
9
2
6
6
35
5
29
33
8
7
28
36
28
7
4
24
24
21
23
21
32
31
6
7
12
11
26
22
7
13
23
6
