17
22
12
1
25
0
2
24
30
19
32
5
16
5
10
14
16
12
20
4
4
29
11
13
9
32
18
29
7
8
19
33
9
2
22
8
2
3
32
27
31
8
33
8
32
34
35
23
27
23
1
7
26
16
5
30
26
30
5
1
18
36
6
9
36
31
11
23
12
22
22
29
5
29
21
33
6
8
35
36
22
30
24
25
15
8
15
33
0
19
21
10
5
8
9
24
25
31
21
18
21
0
28
16
1
11
25
11
4
35
22
9
20
27
22
16
9
15
9
5
20
29
27
10
17
32
24
7
28
30
12
33
14
24
32
36
11
2
31
6
21
4
9
19
16
12
3
13
9
31
15
27
24
8
30
35
34
6
18
4
31
36
1
12
8
3
7
5
30
29
26
26
2
31
15
33
3
25
24
0
6
1
7
10
5
9
3
29
5
33
19
20
16
25
19
26
8
19
35
17
14
13
35
2
0
4
17
9
11
1
17
23
19
31
28
9
12
18
0
30
27
32
6
2
6
15
23
14
15
25
7
33
15
14
30
22
28
23
29
17
31
3
4
18
32
16
14
4
29
23
26
3
18
34
3
23
5
10
19
10
13
28
12
0
33
16
22
4
19
29
27
20
18
1
9
2
2
18
3
5
32
9
14
16
22
22
30
5
36
6
5
33
2
29
36
26
13
23
19
29
20
33
23
32
3
12
25
31
36
32
23
32
11
20
30
25
33
32
26
11
2
17
4
4
7
9
32
5
14
32
25
0
15
9
3
32
36
8
25
11
6
19
3
3
5
32
24
16
23
22
29
22
25
33
18
8
4
27
13
22
8
27
13
2
18
12
16
15
0
5
16
24
24
4
17
18
22
32
5
1
1
4
21
8
9
28
14
35
15
32
13
16
20
7
25
14
28
4
36
17
0
24
24
2
1
24
