33
30
9
5
12
7
15
15
25
31
28
21
23
24
35
8
34
11
17
27
20
26
4
17
29
30
8
17
2
31
25
2
14
11
19
3
2
31
22
8
19
2
11
30
3
6
4
30
29
17
32
27
12
26
33
35
25
26
21
5
16
33
1
11
31
2
35
36
12
10
8
5
36
17
31
27
12
28
7
0
15
18
28
33
23
35
24
23
6
15
12
18
30
13
17
30
0
8
29
1
18
30
28
36
6
24
20
8
21
15
28
2
23
31
29
36
15
30
26
23
18
28
24
11
1
16
16
33
2
5
26
34
23
8
14
27
9
29
3
35
32
29
27
13
36
36
18
2
0
31
6
22
15
19
27
15
18
36
9
9
12
35
12
21
35
28
8
0
5
22
7
20
25
7
21
15
13
11
13
23
21
27
13
9
4
32
19
9
3
18
21
18
23
23
10
1
34
17
21
19
13
3
0
33
17
15
33
19
20
7
35
32
14
16
27
5
1
17
10
5
33
12
13
9
8
25
14
28
21
13
6
35
11
6
7
18
33
35
24
24
26
28
17
17
6
9
27
17
17
19
13
26
20
0
28
6
13
10
3
23
36
29
12
8
29
11
23
27
0
33
13
5
36
28
17
25
27
23
3
17
1
17
1
35
5
35
12
27
25
4
7
32
11
23
16
3
6
32
34
16
21
14
9
14
31
32
30
28
13
30
8
7
15
12
26
34
2
26
31
10
25
28
34
10
4
16
27
4
6
13
20
32
32
0
6
18
3
33
32
24
27
12
3
8
3
27
19
15
35
1
28
21
13
17
14
27
7
26
7
14
27
14
27
1
13
23
11
33
17
21
33
35
36
36
9
22
31
5
24
28
36
28
8
4
7
24
9
21
7
34
27
4
13
20
20
30
19
10
17
32
32
5
4
10
13
