21
16
11
12
22
12
11
3
1
33
6
35
35
26
25
14
9
33
27
29
6
1
16
21
11
21
31
31
17
20
26
30
12
11
11
32
24
4
14
4
22
33
9
0
24
33
22
20
36
24
12
35
17
0
28
19
9
25
32
9
24
30
22
0
32
6
20
4
23
24
36
34
36
6
16
19
33
30
4
14
35
32
21
18
9
19
31
33
0
28
22
17
19
25
20
1
22
3
14
1
5
13
8
16
13
30
22
18
15
10
29
10
13
13
8
27
4
26
15
6
10
5
21
8
0
14
26
36
18
4
30
11
6
31
16
13
36
19
28
20
3
23
2
14
14
32
22
15
9
1
24
11
17
20
12
35
8
13
35
36
26
33
23
28
1
2
24
11
32
29
8
17
31
29
18
16
34
24
20
4
2
8
13
4
1
11
31
14
33
6
24
4
35
9
22
2
30
12
22
1
25
16
36
22
26
25
15
4
18
23
14
32
5
26
27
22
35
19
12
23
21
16
27
27
34
9
18
3
26
19
19
8
12
16
1
17
11
11
31
18
8
23
28
32
18
14
27
7
6
36
16
35
11
0
18
10
22
28
21
5
32
13
2
7
23
31
24
10
17
31
17
22
10
13
7
25
8
14
27
7
9
24
31
19
19
17
23
21
36
35
24
16
20
2
15
8
27
34
27
11
4
14
6
3
11
2
25
7
24
22
5
0
28
24
20
16
12
14
9
31
32
9
15
12
17
18
5
27
24
5
23
15
8
31
28
5
13
8
5
7
36
3
25
12
8
29
26
18
12
9
34
16
18
15
1
30
2
12
29
19
19
14
20
6
21
21
29
15
4
36
10
18
22
15
33
13
16
5
34
0
11
1
4
3
2
30
27
0
13
5
34
30
26
27
30
31
26
34
16
36
33
31
10
33
35
