31
29
10
30
6
6
20
32
35
30
36
36
16
31
13
6
7
30
4
26
9
19
8
19
22
17
4
21
2
7
35
35
11
24
21
14
35
15
10
35
32
4
9
8
14
6
14
34
2
4
35
20
8
18
28
31
31
33
1
30
35
31
1
12
16
24
16
2
28
15
8
19
0
4
8
10
19
25
16
14
33
16
27
24
5
34
31
29
15
19
19
8
18
35
11
30
5
3
27
3
25
2
4
24
11
27
17
5
0
33
5
5
29
28
7
27
30
36
19
12
3
4
27
25
19
13
29
26
15
21
22
2
6
0
28
14
9
9
21
0
32
16
30
13
26
23
3
9
11
33
11
2
20
5
2
17
34
12
32
6
5
1
28
33
0
0
1
30
26
3
32
15
26
31
26
20
33
35
34
1
15
0
14
35
7
33
13
22
23
15
17
14
23
5
10
36
0
25
18
3
2
26
21
23
29
16
9
4
36
18
28
1
10
17
14
20
8
10
34
1
14
30
28
23
0
1
30
8
33
23
4
35
33
22
20
6
4
31
24
11
29
23
5
0
27
19
11
13
2
23
7
12
0
18
0
7
28
25
34
16
31
26
30
11
13
7
7
34
3
16
21
17
3
34
18
13
5
10
30
36
8
20
25
7
15
30
18
29
22
4
3
18
33
18
30
4
22
0
31
12
20
35
1
28
12
25
23
8
29
34
29
35
0
26
30
19
34
17
2
12
18
7
19
7
10
19
10
11
14
9
27
23
3
5
24
22
5
31
12
14
22
30
1
1
11
6
27
34
31
0
17
13
22
11
7
20
8
14
9
30
12
28
28
28
3
4
0
11
10
5
32
27
35
18
9
15
17
15
34
34
5
10
26
30
21
36
30
0
2
22
32
10
12
19
23
32
20
24
23
5
25
18
12
17
14
26
8
26
20
28
25
