33
32
36
21
29
17
14
28
0
33
9
29
16
14
21
22
16
19
26
30
13
11
6
32
12
17
17
26
35
2
19
11
30
7
22
28
16
23
35
27
10
23
13
27
30
17
23
6
11
31
15
16
2
28
26
15
1
1
30
7
35
12
34
25
14
5
17
36
3
5
28
28
8
18
32
13
9
8
34
24
9
30
3
19
25
19
36
24
26
29
17
32
16
5
35
32
1
31
30
30
5
2
21
27
16
33
11
7
10
19
31
17
13
36
11
36
1
30
5
8
29
33
7
1
14
36
9
10
31
31
3
26
25
24
30
27
27
2
15
29
9
31
32
19
17
13
22
6
32
26
16
1
31
24
8
25
31
36
24
1
35
6
11
20
7
14
21
23
10
12
26
19
8
4
28
30
16
14
11
16
11
36
10
22
20
12
35
19
16
19
5
24
12
15
32
13
26
21
2
24
6
3
29
10
4
21
36
17
28
33
17
30
5
30
7
13
26
1
13
32
35
19
2
12
16
17
0
5
32
4
15
16
8
4
29
1
29
9
21
27
10
20
16
9
35
7
33
11
29
6
7
29
20
5
31
11
9
17
4
6
33
0
36
9
26
32
7
9
1
1
20
12
30
34
14
27
31
36
28
10
16
21
23
5
9
6
29
6
3
28
35
25
2
2
31
30
0
12
4
10
18
11
1
7
26
21
7
17
15
24
30
15
15
33
5
19
12
15
20
10
16
24
32
32
30
30
1
17
3
33
3
32
29
30
0
2
32
13
15
32
17
26
28
19
26
7
4
32
16
3
36
19
12
25
16
10
33
12
7
13
22
32
16
9
21
31
36
6
6
31
34
20
26
20
34
3
26
20
30
14
33
8
18
15
2
30
11
31
15
1
7
9
26
5
9
2
15
6
16
19
35
22
