9
34
36
2
27
13
14
28
1
28
34
3
1
33
1
33
25
26
1
6
33
29
4
17
20
21
28
31
19
27
12
11
11
27
19
29
11
0
16
11
25
12
17
5
14
32
12
31
29
13
34
9
7
8
24
22
1
31
2
2
25
22
4
1
6
14
32
2
28
20
20
22
22
32
32
1
33
20
7
19
3
23
35
4
16
25
31
10
31
27
33
22
13
8
15
6
30
33
3
11
36
27
12
34
9
0
28
5
33
18
6
12
10
21
0
29
22
29
33
17
9
14
6
12
11
11
18
23
6
17
28
35
27
15
14
14
27
12
8
13
8
1
19
16
2
20
22
2
9
24
9
33
25
2
33
27
29
18
25
4
11
27
1
16
14
27
16
0
31
5
3
23
3
26
26
34
8
6
5
28
33
19
36
16
33
30
25
35
22
18
23
1
10
8
19
11
17
35
16
30
23
5
32
13
18
12
7
33
21
33
16
28
1
17
23
22
1
19
27
17
7
10
5
25
6
25
5
27
11
36
26
14
1
18
0
9
18
18
15
3
24
1
22
19
12
10
7
35
20
20
11
5
32
5
22
32
24
30
17
17
25
36
10
13
28
16
22
36
31
20
17
23
0
4
30
6
2
34
6
29
0
27
30
21
2
29
21
32
29
31
0
6
30
9
25
6
7
16
16
4
1
33
21
19
9
8
4
13
0
16
25
5
35
26
29
0
7
28
25
36
24
32
10
35
3
19
22
22
32
28
12
18
26
33
30
11
8
13
20
21
32
6
11
21
1
5
18
27
1
29
19
13
5
36
16
23
32
27
34
36
5
3
18
36
18
6
5
19
36
18
0
6
25
12
26
35
35
16
34
9
8
6
19
2
0
1
9
22
31
19
25
29
17
0
19
14
11
25
