19
9
22
1
6
16
18
33
10
21
0
31
31
25
8
16
24
5
4
25
10
15
10
8
17
23
23
4
25
31
6
23
32
6
8
1
35
24
11
30
10
18
21
1
12
29
17
16
15
32
23
19
3
20
23
29
33
4
33
31
13
27
6
27
35
33
1
12
35
22
33
13
7
0
3
32
35
16
18
30
7
26
34
30
17
4
19
11
13
17
27
23
36
11
23
30
7
17
19
34
30
24
0
4
24
19
28
4
31
27
13
9
24
14
6
22
6
5
2
18
4
15
3
3
3
7
17
2
7
36
20
19
29
2
19
18
18
4
9
31
2
28
24
26
1
11
30
20
22
12
24
15
30
5
20
15
10
9
0
35
22
26
26
5
25
17
29
19
8
20
33
19
5
25
10
26
18
22
14
27
12
32
31
25
32
24
21
14
34
13
18
8
31
8
24
10
15
2
32
36
18
4
35
10
31
35
9
7
35
1
2
36
18
11
7
13
9
24
22
12
33
4
23
6
20
19
29
30
19
22
21
35
0
33
5
6
18
16
13
12
29
7
32
30
9
35
9
29
32
15
33
24
16
36
29
6
35
24
13
17
0
19
35
2
2
14
9
3
33
7
20
10
2
14
22
8
2
25
33
19
12
8
14
19
3
9
25
29
36
8
30
2
21
12
28
0
34
7
19
36
3
17
0
19
23
0
16
5
27
4
19
17
28
24
32
28
31
10
21
18
11
32
10
35
25
1
13
16
33
34
6
30
30
9
1
20
25
20
23
0
21
35
6
8
31
28
24
24
10
20
6
21
10
33
27
0
22
11
1
31
10
6
24
16
27
4
14
13
3
4
20
6
31
36
7
19
13
3
15
34
13
6
24
36
24
14
1
3
5
22
34
4
18
21
21
33
2
12
12
14
33
12
21
