0
11
8
0
24
28
29
29
22
31
36
13
16
24
7
7
0
22
35
8
17
18
0
31
8
5
3
9
12
30
4
33
33
5
31
21
18
20
30
30
35
10
34
33
15
8
4
22
26
1
0
9
14
27
20
26
20
36
31
35
22
12
33
30
10
14
11
13
4
34
34
15
8
24
19
15
4
15
27
33
19
2
26
32
24
16
4
15
33
10
30
9
36
1
21
14
16
14
35
19
33
36
13
19
22
9
35
10
36
9
2
26
28
2
13
32
19
7
6
3
26
6
16
22
14
21
20
5
35
27
6
13
20
4
27
15
26
1
26
12
24
18
11
12
5
31
20
5
21
7
17
3
16
20
28
18
9
30
15
12
8
11
24
33
12
6
13
33
29
28
1
2
18
28
10
14
26
25
19
4
13
28
22
17
33
19
28
29
29
36
22
30
22
1
21
28
3
18
7
17
30
10
28
22
31
6
16
27
1
3
14
36
12
26
6
6
23
1
27
13
35
21
3
12
4
8
20
30
11
9
33
16
5
25
20
24
31
32
24
3
33
31
23
3
13
23
34
21
0
28
21
8
17
31
9
25
0
12
3
4
20
22
15
13
13
31
20
3
10
24
30
13
10
26
17
23
8
4
5
22
10
29
27
34
0
23
28
7
17
18
33
14
9
1
1
1
6
20
30
5
9
23
36
20
31
9
8
28
10
18
32
7
17
22
21
23
34
29
11
34
21
13
36
32
19
30
1
19
14
28
2
33
30
5
29
20
25
0
24
11
34
31
17
11
32
31
29
10
24
27
28
1
26
2
23
8
12
33
0
5
4
1
10
27
33
22
29
31
32
26
0
5
1
25
16
22
14
0
24
24
1
16
26
19
32
14
26
4
2
22
32
2
31
12
26
30
15
26
32
