12
18
26
33
18
15
2
3
14
6
21
17
16
30
26
24
22
33
9
25
34
26
7
9
17
14
31
27
12
6
17
27
10
6
25
12
4
25
27
5
3
34
26
10
26
22
29
13
21
0
9
27
6
0
11
11
25
3
18
5
11
35
15
1
16
17
28
32
30
30
24
36
28
4
2
3
23
32
13
29
17
34
30
32
1
5
0
10
2
13
12
18
29
19
12
5
0
10
31
22
17
26
4
25
36
0
0
9
25
5
21
30
18
24
12
33
13
19
11
34
24
35
19
25
17
22
20
18
23
1
9
35
32
36
21
12
24
34
5
5
19
31
19
5
9
8
15
31
17
24
19
28
14
0
7
13
18
31
12
29
24
27
22
34
13
17
21
35
23
1
14
29
5
12
22
20
31
8
2
27
35
15
5
35
26
10
22
31
1
30
1
36
21
11
27
36
0
33
30
2
5
19
25
14
9
5
0
8
29
1
25
15
27
33
25
27
24
14
34
27
7
25
23
35
3
26
29
35
17
19
3
27
5
0
27
7
1
5
6
11
21
19
16
25
1
11
11
17
30
24
21
36
36
32
10
18
30
15
9
31
4
28
35
6
25
2
28
8
35
27
20
11
34
36
3
35
27
13
9
32
19
7
26
32
34
18
22
7
29
34
36
3
18
15
31
30
0
32
35
10
12
2
13
17
23
8
15
14
3
30
35
2
8
6
15
8
0
25
3
29
22
34
36
24
1
19
1
11
33
5
10
6
6
5
7
15
11
30
22
13
30
2
18
12
5
26
19
6
18
21
12
27
15
23
36
35
32
27
11
23
15
23
21
13
34
25
24
0
33
24
33
10
10
21
26
35
15
4
18
1
21
14
13
29
22
10
0
1
12
30
1
10
28
31
28
6
4
23
11
17
5
8
36
3
9
17
9
