30
22
6
29
25
20
18
2
34
34
14
15
16
11
10
13
24
6
12
17
25
8
18
14
19
0
14
25
12
24
32
8
8
15
8
28
16
18
32
14
8
1
17
10
9
17
6
6
31
1
25
5
17
18
14
12
2
5
33
18
17
16
35
22
14
22
8
29
14
1
13
12
7
15
3
10
24
29
23
36
23
30
23
4
13
34
1
9
22
23
9
26
34
14
4
17
7
35
12
33
24
23
12
4
5
16
12
26
18
0
10
23
36
35
17
8
0
28
0
28
12
35
3
29
17
20
14
32
18
34
36
1
9
34
10
33
29
21
11
3
10
3
18
14
31
2
24
20
2
22
33
29
12
6
6
30
17
21
20
12
22
5
32
22
8
36
27
0
27
33
14
3
2
15
14
18
25
9
24
20
26
22
30
30
21
10
1
1
5
9
36
29
25
5
17
7
9
20
26
8
2
23
5
5
9
35
33
14
3
16
0
24
10
24
0
15
28
20
11
32
25
0
19
14
12
28
6
15
2
13
30
17
19
24
27
26
15
32
6
6
33
3
30
29
30
17
7
28
22
24
17
14
19
26
3
20
3
31
18
23
20
25
12
25
32
20
16
36
9
33
11
7
10
34
35
11
30
32
12
34
0
10
22
30
3
5
20
26
16
9
27
25
0
21
8
33
29
22
18
27
31
24
30
30
3
23
33
4
9
28
2
32
36
20
20
14
21
15
14
11
6
19
21
26
32
20
26
3
24
24
23
11
29
22
15
1
4
21
34
34
2
19
11
19
19
32
3
32
28
0
20
29
16
31
13
2
14
28
29
6
26
31
29
21
7
14
30
8
30
25
9
20
9
22
30
29
2
17
20
17
32
25
27
4
35
13
10
34
5
11
29
0
28
29
32
36
36
34
10
11
19
30
15
26
19
3
22
28
34
14
30
