14
18
2
5
35
16
8
8
25
9
4
8
21
33
6
28
36
27
8
28
11
23
12
16
17
23
18
13
30
11
4
32
18
34
4
36
5
29
34
17
36
34
16
18
0
32
24
13
15
26
2
34
9
33
7
22
29
2
4
18
0
35
30
6
1
28
30
32
18
29
14
0
18
22
28
13
31
9
2
24
18
30
13
28
15
31
31
26
7
33
3
18
25
27
18
8
36
22
22
8
21
18
14
1
18
26
36
21
27
1
4
12
8
1
0
30
35
20
26
31
21
31
13
24
19
30
26
16
22
22
24
35
17
25
23
3
5
31
26
2
32
35
4
9
7
3
32
18
16
30
19
8
34
22
3
24
25
30
4
22
32
19
28
19
35
8
14
31
26
30
20
9
16
17
10
18
20
27
15
16
0
2
11
8
13
6
34
5
20
22
8
29
6
34
6
33
29
19
9
31
1
25
15
34
31
34
10
35
6
18
31
18
11
21
12
3
0
32
9
3
5
2
3
1
34
12
1
21
13
8
8
1
12
7
18
8
32
12
12
2
21
22
32
27
23
33
11
15
29
16
28
23
28
20
22
29
31
12
14
30
17
10
28
7
12
8
23
11
36
34
10
0
24
9
3
7
30
32
1
13
4
22
10
30
21
11
3
34
1
29
22
2
14
18
1
16
1
19
32
27
4
34
12
31
9
26
8
36
23
28
27
23
35
0
30
8
12
27
26
28
1
21
18
14
16
17
1
30
35
28
16
11
5
19
2
26
12
11
28
16
11
10
22
19
13
27
1
29
9
11
25
2
15
8
33
23
7
11
4
14
9
25
24
13
14
16
3
15
19
4
8
29
8
28
23
17
5
11
27
33
29
8
7
19
3
23
27
0
0
4
8
31
29
22
18
34
26
11
3
16
14
11
35
35
