25
31
36
8
22
7
9
27
33
30
29
36
23
34
11
3
26
34
8
18
22
29
7
32
9
5
18
26
9
22
26
17
26
34
15
22
18
16
26
5
27
26
0
16
7
3
6
27
18
13
14
15
24
6
1
1
3
21
9
32
3
7
26
31
15
12
18
30
5
22
26
25
6
30
8
1
5
3
11
27
29
17
34
34
10
26
11
7
33
6
18
27
13
2
13
30
28
33
22
3
30
22
20
1
30
2
3
14
8
36
2
31
5
33
5
1
1
31
19
31
16
3
18
25
14
9
23
23
27
0
36
7
5
11
14
16
27
21
19
17
30
11
34
10
21
19
6
14
30
36
11
25
15
9
16
26
15
34
35
34
2
30
31
31
32
29
17
11
6
28
29
10
1
8
21
29
16
15
24
30
10
26
34
13
36
10
19
18
18
18
6
23
31
15
34
32
11
24
7
24
5
24
16
0
7
27
25
12
35
1
25
18
34
15
34
25
27
33
31
6
16
20
21
36
14
21
18
34
9
32
14
36
28
36
0
22
30
19
15
32
28
0
27
10
3
28
6
26
13
24
35
29
2
4
25
32
33
19
16
18
12
1
32
5
23
24
27
18
2
6
15
30
20
32
11
26
13
18
33
28
32
5
17
32
2
4
16
4
33
26
31
24
2
27
25
18
6
6
20
9
16
36
29
3
14
10
12
9
5
1
13
1
13
16
25
34
23
4
9
35
36
23
32
20
24
25
12
18
4
0
27
25
11
3
26
17
30
1
34
1
8
25
17
3
17
12
24
10
27
32
28
0
23
25
9
25
2
23
18
34
24
6
26
4
11
20
22
35
2
27
29
15
35
19
8
29
11
30
27
14
32
13
4
28
20
6
22
30
33
30
31
21
23
30
6
7
12
10
10
1
6
5
32
32
