9
9
5
5
19
33
19
27
30
3
17
34
5
31
20
22
17
27
8
23
12
22
0
4
3
31
11
10
3
21
22
27
19
23
8
21
10
0
21
24
21
10
4
13
27
21
18
27
3
32
8
27
10
12
14
35
17
30
7
33
26
6
36
11
32
24
10
11
30
5
2
7
16
21
17
5
5
25
8
19
3
14
8
27
2
34
13
34
21
20
6
11
29
8
6
22
6
23
1
33
26
18
1
24
33
24
10
19
17
27
8
35
1
34
20
2
18
28
33
31
9
8
13
19
31
19
21
22
9
35
35
32
31
21
33
12
12
17
5
4
35
16
23
13
16
1
21
34
14
8
29
23
12
25
33
16
19
5
5
7
1
2
29
13
1
7
21
27
1
12
28
10
36
22
9
33
1
4
19
8
3
15
32
22
30
15
7
30
27
18
11
29
20
22
32
9
36
16
33
3
27
14
31
24
2
35
6
25
1
13
31
3
32
17
12
14
23
28
32
16
10
2
32
18
18
34
27
13
35
28
35
16
34
6
9
18
20
8
18
16
15
13
12
22
5
22
14
26
12
26
24
27
15
26
31
23
21
2
27
34
17
35
25
10
14
6
12
19
28
5
4
3
14
6
35
12
13
36
3
19
20
7
32
26
27
32
17
5
5
11
4
26
10
22
35
13
2
20
24
1
17
15
11
2
35
29
17
35
33
10
1
11
1
11
7
16
4
16
31
6
32
10
25
22
23
28
1
35
26
12
17
31
34
11
31
33
21
7
31
28
32
2
2
28
28
12
16
21
21
32
14
4
21
3
30
35
8
10
35
18
35
1
29
0
4
35
4
12
14
17
3
32
6
14
9
5
11
0
23
32
10
12
28
1
20
29
2
34
31
29
11
34
25
20
30
9
10
21
20
29
36
11
30
9
29
30
8
