6
25
21
6
14
4
15
6
32
13
28
8
35
35
17
35
23
29
16
17
36
31
3
10
2
11
31
9
23
1
26
4
24
12
14
31
9
20
19
4
20
12
2
25
1
34
6
34
19
16
28
34
35
6
10
17
35
6
34
25
5
16
3
30
4
33
26
16
8
1
24
25
5
8
22
17
17
21
30
24
33
3
13
9
6
20
5
35
31
17
15
33
27
5
11
17
9
5
17
33
31
14
32
32
15
7
0
35
18
1
23
14
8
11
4
35
0
8
24
3
25
10
15
31
23
36
13
8
28
25
17
33
1
3
19
18
15
6
4
24
15
23
9
0
30
8
14
32
29
13
18
27
10
28
31
1
9
18
9
13
4
17
0
18
9
26
9
33
33
11
0
18
14
6
35
3
2
36
31
27
11
25
28
3
24
17
36
5
15
19
7
25
15
19
15
3
22
29
15
30
4
25
36
10
9
23
0
13
5
31
15
14
11
6
10
21
5
21
8
22
3
2
12
21
24
10
16
28
7
33
18
25
17
4
21
1
29
36
21
27
3
10
25
30
9
31
15
36
23
9
1
14
4
3
17
22
19
16
10
11
21
34
10
36
18
34
31
3
12
25
2
11
7
6
15
1
27
19
7
3
32
30
0
16
33
34
6
14
35
27
7
3
6
28
21
19
4
14
27
1
27
32
31
12
23
3
10
17
28
35
12
34
4
18
10
12
17
0
22
8
9
15
34
13
21
18
36
1
7
3
7
24
11
24
36
31
14
5
25
33
12
35
20
32
29
17
29
9
2
13
13
21
7
22
18
15
29
20
36
25
11
25
19
16
3
18
32
13
35
26
5
35
6
35
31
23
6
11
31
17
5
27
15
33
2
12
9
36
10
10
2
34
32
17
24
11
35
21
21
31
