25
31
0
0
15
2
28
36
34
19
24
20
36
9
20
28
31
27
33
19
27
15
36
18
12
14
29
21
2
22
2
25
27
18
14
12
3
18
20
4
33
5
14
28
1
23
21
31
6
12
33
10
27
8
27
14
27
4
9
0
10
10
17
4
8
14
20
29
2
14
29
11
16
17
2
36
13
5
2
5
12
24
4
4
29
25
10
8
13
19
21
9
4
5
0
4
16
0
33
22
28
18
28
1
33
10
3
19
1
19
11
18
20
10
1
3
7
22
5
28
3
29
7
23
3
26
28
25
0
6
34
1
32
35
30
0
12
18
30
14
18
9
4
28
18
10
3
36
17
35
21
32
11
18
8
20
13
8
15
29
1
27
35
16
21
8
31
8
29
12
26
15
28
36
17
10
26
21
34
5
33
35
17
25
16
21
18
2
9
10
15
14
30
0
1
28
35
19
36
23
5
34
0
32
7
21
1
26
34
30
3
21
4
11
13
12
26
33
27
25
29
26
30
35
23
7
10
13
8
16
18
14
35
36
26
8
5
34
4
11
30
13
16
22
8
33
31
19
9
28
8
31
26
11
4
17
4
20
0
28
12
36
26
30
9
13
20
16
0
15
13
13
35
1
26
5
17
14
9
14
9
15
22
5
34
21
28
34
17
26
13
32
10
18
30
15
34
29
26
33
10
7
11
30
9
34
23
6
36
5
34
19
36
28
17
17
7
26
2
17
26
16
26
10
32
18
35
20
2
20
9
22
11
1
9
4
19
9
28
35
19
10
5
31
14
26
15
22
11
25
12
36
29
34
32
27
31
18
24
13
12
28
33
0
24
30
15
20
11
27
3
22
0
27
7
5
31
23
30
15
34
26
20
4
10
7
5
18
11
18
14
5
6
29
1
32
13
27
32
22
36
16
31
31
16