29
28
2
10
23
18
27
12
30
28
0
12
12
16
26
16
16
36
15
14
13
23
13
34
5
19
10
4
11
27
4
15
7
5
13
3
17
5
1
24
10
8
0
0
35
7
18
33
24
20
1
14
8
11
19
0
36
1
14
15
7
2
10
30
18
1
36
7
4
9
18
33
9
30
12
34
18
17
9
11
29
34
0
22
0
1
23
7
24
3
22
34
32
0
2
27
16
34
18
16
26
20
4
28
2
1
7
14
7
0
2
7
22
36
9
7
36
20
3
15
22
14
4
14
33
24
14
29
11
23
25
16
28
23
36
23
12
9
15
16
6
10
0
33
34
5
1
8
36
9
24
35
6
30
13
35
28
22
26
22
36
28
21
9
8
7
17
13
3
27
15
23
29
33
26
24
9
35
10
27
12
14
15
6
23
15
1
27
9
25
35
1
36
13
8
29
15
32
9
15
27
1
26
5
23
23
16
18
5
31
25
4
24
4
17
6
16
14
28
20
20
16
30
17
13
9
18
12
18
27
24
26
14
2
21
30
18
13
8
32
22
8
21
10
25
32
16
12
21
32
33
9
1
11
14
13
2
22
17
9
3
4
20
29
27
31
34
4
26
3
13
21
20
34
24
13
9
5
21
17
31
17
8
3
14
8
17
19
27
23
23
30
24
23
1
18
23
32
18
6
21
32
23
27
20
10
1
12
28
30
28
36
27
27
8
33
4
11
29
25
18
21
17
34
32
34
19
29
1
33
31
36
36
4
9
24
9
28
4
29
19
24
11
36
25
6
1
1
29
11
8
18
17
21
11
26
5
11
8
32
26
7
18
11
11
6
7
30
23
25
6
16
8
12
3
21
29
17
8
20
2
12
15
23
25
18
18
31
23
28
11
2
26
13
13
8
32
28
34