1
24
34
16
0
4
28
24
35
31
19
6
12
15
29
5
3
17
19
2
7
15
29
8
8
6
6
26
23
30
32
24
14
21
30
35
8
36
8
32
6
5
1
1
23
30
20
20
19
33
8
3
4
6
4
15
9
20
30
11
25
17
27
18
12
32
29
28
4
19
33
33
13
21
31
0
19
21
16
27
9
27
25
7
33
24
4
27
25
10
33
22
12
14
4
1
6
31
5
6
32
32
29
15
11
30
7
1
30
8
24
17
28
2
24
16
35
35
35
16
18
34
35
15
1
19
28
3
7
22
9
4
9
4
13
2
18
7
11
8
17
19
21
13
9
35
8
10
13
28
23
25
16
28
18
26
33
7
3
31
16
12
5
6
1
3
8
6
36
1
35
15
35
26
14
27
30
24
28
8
18
4
9
6
5
11
18
24
33
15
15
11
3
15
24
19
16
11
35
1
31
18
11
11
13
24
24
22
23
31
6
17
16
9
24
10
19
17
18
2
13
36
31
32
2
26
34
9
0
35
15
25
8
10
18
25
18
19
32
27
28
3
36
22
33
36
16
1
18
22
35
24
17
15
0
1
2
16
0
32
12
2
15
23
9
35
8
16
6
22
20
29
36
22
1
35
29
24
10
3
2
30
5
9
1
8
36
10
32
19
2
25
20
34
12
20
35
17
13
31
27
25
35
34
8
5
22
5
9
7
6
15
19
30
29
36
4
28
14
26
35
29
2
29
28
6
14
32
20
33
12
2
0
21
19
9
12
24
8
10
13
16
11
9
35
24
19
9
9
7
22
17
16
24
24
4
10
22
2
17
22
17
12
27
33
32
12
5
3
9
29
5
35
7
33
14
35
31
21
11
19
23
15
32
27
35
24
9
19
15
28
31
0
27
24
6
21
6
23
18