36
1
25
3
33
24
21
2
35
30
34
6
23
13
21
23
20
33
17
5
34
22
9
7
19
7
34
36
19
19
7
28
28
31
33
6
30
11
33
14
2
17
1
30
29
22
29
27
2
28
6
20
27
23
22
17
13
18
2
8
3
16
34
35
26
21
33
5
6
0
16
26
16
15
10
4
27
29
11
27
9
30
0
18
32
3
33
34
35
29
21
36
33
0
9
11
4
4
17
27
21
31
34
10
20
8
33
1
14
19
28
5
12
19
0
2
23
5
2
5
29
24
27
9
17
9
24
30
23
15
35
34
30
6
29
21
4
6
5
31
24
23
12
7
14
27
0
22
10
10
35
36
13
5
13
5
2
27
24
26
24
23
14
34
16
22
8
28
0
22
5
36
36
4
29
19
3
29
10
19
25
27
16
36
28
18
5
17
30
23
36
13
22
35
29
25
18
23
8
28
20
29
22
14
20
12
26
24
12
22
8
23
3
30
24
13
6
23
23
3
4
24
16
29
13
25
11
25
36
16
27
12
19
28
9
2
2
17
3
17
19
34
2
12
34
22
19
17
24
4
22
26
30
12
27
27
15
15
1
36
1
7
12
25
36
35
12
30
8
7
19
1
31
4
21
20
33
22
21
7
11
10
11
2
17
17
3
19
14
30
5
17
9
21
20
35
3
30
24
8
7
3
21
14
4
36
3
27
21
33
10
0
34
24
33
16
2
5
12
5
26
4
8
14
32
28
20
4
12
4
19
36
4
22
25
1
25
30
24
16
32
8
1
31
26
17
20
0
19
27
4
19
0
13
36
21
9
13
23
15
16
36
10
11
27
14
11
20
4
7
34
34
5
20
31
2
5
1
18
21
32
6
32
12
29
7
32
10
24
12
1
1
8
26
30
34
17
0
14
26
3
17
9
11
6