8
27
10
15
15
10
29
13
1
23
8
6
28
26
7
11
23
32
33
1
10
34
3
14
25
0
30
5
13
33
36
14
2
23
1
22
34
2
31
19
13
3
4
6
31
27
16
6
22
14
6
18
25
10
9
7
3
7
8
27
16
24
6
3
35
17
4
24
15
2
31
21
24
30
14
4
36
27
14
25
34
2
12
25
0
28
14
23
25
18
31
4
36
10
26
13
7
3
36
3
27
19
14
18
24
34
15
13
14
21
35
4
5
36
12
14
22
7
6
2
4
12
3
36
6
3
19
19
7
10
34
7
13
29
32
7
19
23
11
22
32
13
17
18
29
10
13
20
24
32
1
18
16
27
33
31
34
1
36
9
23
15
24
15
15
6
21
19
34
32
4
23
19
34
12
33
13
10
14
6
7
8
13
1
8
1
20
32
33
1
10
4
16
16
15
10
36
12
5
17
22
4
32
32
30
6
3
32
30
8
15
3
33
35
15
9
36
2
36
8
6
28
36
14
2
20
24
2
10
34
17
3
9
11
26
6
18
8
35
31
22
20
28
4
18
28
19
7
0
12
28
0
8
14
34
34
20
20
3
24
15
33
31
11
15
28
12
24
12
5
26
30
0
2
9
23
7
35
34
10
0
28
32
14
2
23
35
23
27
6
25
9
22
13
12
21
17
33
18
3
15
6
0
25
36
21
8
17
5
35
31
8
1
7
10
7
2
36
2
32
14
10
22
7
8
2
31
15
36
25
27
16
18
21
20
31
24
7
13
22
27
32
24
28
3
23
11
6
8
19
27
12
33
26
12
36
12
4
16
15
28
12
4
12
24
34
17
8
4
19
4
25
18
8
18
35
17
18
30
17
36
31
14
32
33
4
1
33
5
12
30
33
24
23
19
22
3