33
28
31
27
10
13
25
11
35
15
20
23
19
36
4
33
22
16
29
26
32
0
5
12
2
32
14
28
18
22
1
12
9
24
9
9
6
15
22
18
24
7
5
29
17
32
22
21
7
32
6
35
21
22
1
29
1
30
24
35
3
6
15
18
10
14
7
25
7
6
17
0
0
2
20
16
13
9
20
30
21
31
1
29
16
20
21
14
31
30
28
7
15
11
11
33
15
32
14
25
20
33
20
2
34
6
3
24
32
18
18
6
5
16
35
2
17
16
36
31
20
30
1
0
33
11
18
7
34
35
9
9
23
9
16
8
32
18
15
3
23
17
28
4
24
25
12
16
18
27
29
19
30
0
31
4
16
20
32
28
8
17
12
5
19
14
21
21
6
22
25
15
6
33
14
10
31
26
17
20
32
36
17
36
20
36
12
19
19
27
28
25
6
4
4
16
12
15
15
23
29
22
4
20
4
17
6
32
30
10
2
5
6
13
30
12
9
36
13
14
6
1
10
16
9
32
24
16
3
19
14
21
26
26
2
16
8
29
17
4
3
29
13
1
11
30
36
6
29
17
15
14
21
35
21
26
13
35
34
2
17
36
25
11
24
18
14
36
5
29
1
28
9
12
14
7
15
7
34
26
16
30
1
17
27
32
18
16
3
28
21
4
11
11
28
16
1
20
36
21
31
25
2
11
19
1
11
34
24
2
24
1
18
2
11
14
10
25
14
4
26
12
26
14
9
25
26
26
6
23
36
28
0
25
1
29
21
17
9
14
35
34
12
21
32
36
6
28
21
15
5
36
24
33
9
10
17
25
19
10
27
14
32
26
10
13
14
17
33
17
19
33
17
30
12
27
14
12
17
22
28
17
19
4
27
15
22
17
23
36
34
5
17
27
1