8
29
2
13
20
5
35
36
2
24
26
20
34
27
6
23
35
10
32
29
8
33
29
21
1
27
9
8
18
9
23
15
21
6
4
30
31
0
10
28
12
17
3
5
6
5
2
5
11
19
32
31
15
10
35
10
8
5
29
2
2
32
12
24
12
12
33
34
23
4
33
3
18
3
27
16
20
24
13
29
16
18
1
31
35
18
32
25
31
32
12
18
36
16
2
5
24
12
7
32
33
36
0
0
12
6
19
23
34
12
4
16
23
3
25
12
34
29
15
20
5
12
25
15
21
0
10
4
30
12
34
35
14
26
10
28
5
30
14
7
19
25
23
19
18
22
31
16
4
12
11
21
16
5
14
16
26
10
13
26
30
1
28
2
9
10
12
32
1
3
7
13
11
0
36
34
26
13
19
17
8
21
35
31
4
6
1
15
2
31
35
18
30
24
18
28
1
26
19
7
17
4
13
21
24
25
36
21
8
27
7
5
15
32
15
14
32
7
22
30
11
26
24
22
9
22
27
35
32
10
6
32
11
33
8
0
6
26
16
18
27
0
23
25
7
24
7
22
11
22
19
3
19
20
7
4
4
9
23
16
34
34
34
25
23
35
28
22
2
33
1
15
5
14
27
21
34
31
12
18
22
30
24
35
36
15
36
27
36
16
1
7
13
33
23
36
4
30
29
7
11
18
0
26
5
32
30
10
25
25
5
27
15
32
7
13
10
31
4
2
10
27
4
4
8
3
30
8
34
18
15
4
3
16
29
20
26
32
35
12
19
4
1
20
9
34
4
19
15
15
3
13
6
30
3
7
22
28
30
6
30
2
8
32
24
28
32
6
5
12
15
19
30
6
15
17
22
6
1
36
11
23
27
15
2
6
20
3
22
11
15
34
10
23
24
8