7
27
11
2
32
22
18
2
3
27
9
3
33
22
18
22
26
22
16
3
9
27
24
33
20
24
26
31
33
31
32
15
0
32
36
14
23
36
20
32
5
1
17
7
8
31
21
28
14
31
15
21
18
31
18
35
8
19
9
10
35
34
13
34
19
24
32
7
23
0
34
10
35
17
21
36
29
9
1
27
14
15
26
10
1
36
34
35
14
16
0
17
36
8
20
29
27
32
24
31
33
18
30
1
33
14
1
23
18
9
33
2
19
18
11
23
19
14
24
33
1
2
14
23
11
32
21
17
16
9
3
16
6
7
24
22
8
17
14
13
27
26
32
22
5
10
0
5
30
23
6
8
26
35
24
0
1
14
3
21
0
1
36
7
19
4
4
3
7
23
27
26
23
33
33
10
27
9
27
33
23
9
30
34
8
29
30
16
26
9
12
1
31
33
36
29
4
16
19
32
30
1
20
33
9
24
0
28
15
3
12
3
31
9
35
23
9
20
2
22
29
3
28
30
2
26
8
24
36
24
27
5
22
31
34
9
32
19
19
14
13
24
1
14
5
11
32
1
4
28
22
1
15
24
16
17
24
3
35
3
1
31
16
24
10
6
2
2
35
31
5
32
20
27
20
11
19
32
5
22
33
28
20
31
26
13
2
21
7
20
35
11
16
30
26
34
17
2
21
17
29
16
32
35
31
27
3
5
4
31
8
36
31
5
20
12
36
36
31
13
14
20
7
8
12
12
33
25
15
32
23
10
32
35
30
34
5
17
21
17
6
24
5
4
1
1
26
24
35
30
34
29
27
34
4
15
8
5
10
35
20
14
22
33
32
30
35
14
31
26
24
20
36
27
5
30
25
36
0
1
1
23
29
1
33
20
12
3
6
31
33
23
22
8
21
23
17
14