13
10
10
0
16
11
25
11
13
27
8
31
8
19
33
23
17
34
2
16
18
7
29
2
3
31
5
25
26
17
21
28
34
16
27
30
1
9
32
29
10
16
30
0
15
19
21
12
29
26
17
2
1
24
28
23
24
10
17
1
14
2
0
23
33
17
32
8
36
29
14
22
16
4
26
15
7
17
34
17
13
20
18
36
1
9
5
5
1
35
31
16
32
26
25
24
20
8
13
30
10
28
12
36
17
26
7
12
14
4
35
9
25
12
2
22
23
10
29
28
20
30
22
27
12
31
26
2
33
9
4
33
22
12
0
21
29
26
18
20
35
33
4
24
2
1
31
13
27
3
33
18
35
28
20
19
0
21
18
9
10
11
6
6
21
10
14
28
32
3
34
15
1
9
11
25
27
11
9
15
24
16
36
1
32
16
33
16
17
36
34
34
19
36
22
24
18
5
36
10
1
23
9
1
24
16
17
19
3
10
5
18
15
30
34
22
4
10
34
27
5
8
9
14
25
15
16
2
22
33
8
22
15
29
9
35
27
36
16
22
29
17
25
3
26
12
6
24
31
5
0
34
5
22
8
29
18
22
6
4
34
24
24
0
26
22
35
19
15
24
21
28
36
12
1
2
20
32
24
17
33
8
25
26
15
29
19
25
1
15
20
3
3
25
9
15
16
4
35
30
7
32
16
25
3
6
19
16
13
12
0
11
14
24
18
5
24
24
17
35
17
11
13
23
24
36
14
6
9
8
22
19
10
3
8
11
31
0
19
32
28
16
5
14
1
12
14
24
27
16
12
8
33
13
10
19
26
17
22
20
23
31
12
9
28
28
11
0
29
9
30
9
16
26
20
2
10
30
18
14
25
5
17
19
9
2
3
32
25
17
36
2
21
31
14
8
18
35