27
3
4
5
14
15
19
35
23
16
14
34
34
9
2
0
24
27
16
1
20
31
20
2
25
15
4
9
8
1
9
36
30
4
13
15
36
31
22
29
23
30
24
0
31
16
15
17
17
12
8
30
31
23
11
15
2
9
4
35
9
12
33
20
31
20
34
7
34
22
35
22
30
13
2
28
1
16
33
36
22
0
22
1
5
13
28
31
15
16
22
21
13
19
26
26
12
30
36
25
4
7
6
18
26
17
12
18
11
25
32
28
6
28
7
14
2
16
18
3
36
34
29
10
3
0
9
11
3
32
24
33
26
0
29
30
31
8
6
31
9
13
26
21
8
8
16
29
18
30
17
12
5
13
24
13
6
29
34
36
32
4
26
13
11
13
10
4
17
7
35
23
8
5
11
7
11
10
31
14
25
6
12
3
30
31
33
33
27
25
18
3
15
26
17
18
12
17
15
6
35
13
1
24
8
7
23
17
31
17
26
32
33
3
32
28
30
9
21
33
11
10
19
7
23
25
25
6
35
20
11
21
35
20
21
24
25
2
21
20
23
0
31
16
1
21
1
20
35
33
19
25
23
32
21
24
26
36
11
16
29
28
9
2
8
13
21
19
34
34
9
9
30
9
31
5
11
20
6
27
20
25
26
35
5
1
27
14
13
16
26
35
0
15
24
1
5
5
3
22
6
23
5
23
7
33
29
17
28
15
21
14
12
32
35
15
16
12
30
0
26
4
24
21
4
30
32
3
19
12
12
19
10
32
7
26
27
35
26
22
10
33
11
11
6
23
21
1
15
36
18
32
26
19
7
30
10
14
10
1
26
26
23
17
9
35
26
20
18
35
21
33
34
0
23
27
26
22
9
29
19
30
32
22
21
26
22
13
35
2
10
23
25
5
34
12
10
10
0
32
23
34
21
