17
33
16
16
21
22
29
27
30
21
31
35
34
33
28
13
10
6
11
1
20
4
21
20
12
3
4
34
4
5
34
3
29
3
32
13
23
29
32
8
2
26
21
5
16
18
15
32
3
5
21
30
24
12
24
32
2
20
3
4
33
13
14
33
8
0
3
30
24
20
10
2
13
31
1
5
15
0
6
12
3
30
19
23
9
16
2
8
27
3
16
27
9
14
24
23
9
7
18
29
19
13
22
12
0
1
18
22
7
11
16
32
1
17
3
30
10
10
2
29
10
18
6
12
22
8
4
35
27
12
18
35
11
33
11
22
31
27
17
16
15
25
30
29
5
34
17
25
25
21
10
4
3
25
10
34
3
30
13
10
3
11
18
15
13
6
28
7
7
28
3
8
9
29
18
4
33
5
13
10
17
19
19
4
11
10
34
2
29
32
27
30
3
26
33
26
12
19
12
12
13
28
16
35
10
6
19
30
13
7
3
25
10
33
19
4
25
3
32
14
30
12
23
6
21
5
35
14
8
14
5
0
16
26
12
29
25
24
30
36
21
28
30
14
33
14
9
15
19
2
14
14
8
14
28
26
30
18
23
13
13
15
24
3
23
32
35
34
21
31
11
10
23
36
31
14
9
36
13
29
28
8
10
5
29
10
12
18
28
2
19
12
15
19
15
36
18
27
10
9
2
11
7
13
21
15
11
27
17
4
27
12
26
23
22
22
1
17
33
7
26
34
28
26
9
2
7
21
32
16
31
14
7
21
11
33
2
21
18
30
24
33
12
2
7
31
2
30
8
12
25
24
16
4
13
12
13
32
25
15
22
1
32
20
25
13
4
4
20
17
34
17
36
25
22
1
20
8
12
13
8
17
35
29
1
18
33
5
27
15
15
16
21
10
30
36
7
28
10
33
20
28
19
