2
2
11
23
19
21
2
24
1
15
32
33
14
21
33
5
23
35
4
33
30
26
18
32
24
21
4
33
13
34
28
33
26
3
10
29
25
19
15
20
11
22
33
29
25
8
16
8
22
3
29
31
26
1
31
21
11
34
5
27
25
17
21
4
6
3
11
14
20
7
25
20
5
28
22
21
5
34
22
24
32
15
26
35
21
3
17
19
13
29
1
25
16
9
17
11
8
14
36
24
35
23
11
34
15
14
16
19
28
12
3
4
11
20
36
25
22
27
10
24
16
18
2
29
11
10
0
18
26
5
32
11
19
2
34
10
10
17
21
2
23
32
9
29
16
30
2
21
10
22
8
17
6
26
19
25
8
5
24
19
4
15
9
27
14
14
31
22
13
33
30
21
27
30
31
9
28
21
6
35
15
28
32
31
13
35
9
11
12
28
30
6
8
3
9
11
31
33
9
2
13
28
31
33
11
8
8
35
19
15
12
35
12
31
6
23
34
35
30
30
32
7
35
33
19
31
35
1
1
18
15
33
32
27
34
15
15
31
11
0
13
16
8
27
19
12
16
24
35
17
4
20
31
1
22
20
11
16
31
31
33
35
1
25
29
23
32
6
30
28
8
35
13
25
32
15
28
22
33
17
16
1
8
30
3
0
24
0
1
34
27
1
24
28
3
20
29
30
28
4
26
8
32
29
12
6
28
11
9
21
36
34
32
3
22
36
29
4
27
27
33
32
2
26
8
16
23
4
27
24
30
35
14
26
34
36
10
25
3
30
0
8
31
8
33
10
25
30
10
33
8
0
32
15
30
10
11
32
2
19
24
18
36
17
36
22
27
14
3
13
20
22
34
31
3
28
8
35
29
33
27
36
34
33
34
10
4
13
30
26
2
32
14
29
36
20
21
12
23
19
23
12
