28
16
3
3
14
11
25
35
8
13
7
29
1
6
24
20
26
21
15
6
36
24
13
36
27
25
36
24
24
6
10
15
36
35
1
33
8
25
0
21
35
9
12
35
22
19
32
16
29
32
36
20
17
21
14
28
12
7
0
31
6
18
13
14
8
29
12
14
28
23
5
20
28
7
25
1
5
13
9
29
18
30
2
21
25
5
22
17
31
7
29
10
9
33
20
17
20
12
6
18
19
8
28
8
21
30
32
13
36
33
15
28
36
33
8
25
19
14
29
21
27
11
12
35
13
5
22
2
6
21
5
4
29
9
19
25
7
28
34
3
15
19
3
35
22
21
26
1
0
34
18
36
15
21
17
6
15
0
35
16
8
12
9
36
15
23
15
8
12
21
21
15
5
11
32
6
34
15
19
35
5
29
33
20
26
22
12
13
34
22
26
27
21
35
4
20
27
3
14
13
11
3
1
35
32
18
4
28
15
28
26
31
2
23
8
28
15
8
15
23
2
10
7
6
0
16
11
19
0
33
32
6
25
34
14
20
9
24
7
12
20
0
28
2
13
20
3
35
10
36
0
25
25
18
34
30
2
24
10
35
9
33
24
8
20
12
23
9
3
24
23
19
24
32
26
16
17
3
11
0
10
26
36
32
36
15
5
6
19
36
35
28
26
2
6
25
35
7
33
25
6
16
17
20
12
12
28
29
27
6
19
21
23
15
14
36
35
34
16
21
19
35
32
19
10
25
31
15
16
36
35
22
25
18
19
20
11
31
21
22
4
22
6
5
31
10
8
31
17
4
6
24
20
25
2
3
27
4
0
21
25
13
24
7
10
31
32
21
9
7
32
14
30
32
9
35
29
16
19
17
17
5
16
16
9
25
6
9
2
2
4
6
27
14
4
7
28
18
16
30
21
23
15
10
6
13
21
11
13
10
