8
3
4
13
16
14
6
13
16
22
36
22
36
12
0
4
30
18
21
10
24
13
21
12
18
31
11
14
3
29
18
0
27
12
20
16
9
30
9
8
26
9
13
6
3
34
32
30
24
5
3
1
17
13
32
27
10
26
28
35
16
8
21
5
3
29
34
11
36
23
14
16
1
25
1
22
31
22
15
12
7
2
18
16
34
6
15
0
17
21
21
7
4
19
8
17
7
4
11
21
4
21
27
6
36
24
12
2
35
35
31
34
32
3
32
2
18
1
2
20
25
1
11
2
14
14
32
26
25
11
36
16
6
0
11
3
35
32
20
35
16
18
32
36
4
4
14
3
35
28
7
1
17
1
29
29
33
27
15
8
24
20
21
7
1
24
17
33
32
21
19
14
7
8
32
12
28
27
27
6
7
33
25
14
28
25
20
13
7
6
11
6
21
10
18
19
26
26
13
2
21
26
32
26
11
14
26
2
34
36
23
10
18
28
10
12
19
29
2
26
19
21
28
20
20
19
36
30
22
36
28
9
9
20
34
20
33
23
11
28
19
4
23
7
11
20
25
32
7
20
8
30
34
2
18
22
31
16
15
27
36
20
21
32
7
1
36
36
10
14
5
34
35
30
32
30
23
20
19
24
21
25
15
21
21
8
5
17
10
15
35
10
32
19
26
10
16
10
27
12
23
25
10
2
5
34
2
3
4
30
12
22
12
19
2
14
1
3
17
19
18
14
31
20
5
24
12
35
21
16
10
13
20
18
16
14
17
36
5
0
29
30
33
19
11
35
7
30
28
31
22
15
27
5
7
7
29
36
33
14
31
4
23
0
11
19
26
5
35
2
3
8
32
16
13
20
9
26
33
32
16
24
2
23
27
0
16
22
3
29
15
5
36
7
11
20
12
10
6
12
19
6
34
