36
27
16
35
22
24
9
35
13
12
27
5
8
13
2
25
31
2
3
10
5
1
28
25
20
17
27
36
11
36
22
8
25
22
29
14
3
1
4
22
36
31
26
3
22
11
1
35
28
31
34
27
28
1
14
24
25
15
19
5
22
35
16
18
24
15
8
15
22
25
17
2
27
6
24
20
23
12
8
19
34
10
26
11
35
26
21
23
11
31
26
19
7
26
24
14
24
3
7
5
17
27
0
26
13
2
5
4
12
18
36
4
12
0
21
21
34
23
8
6
14
10
7
28
7
26
21
28
3
23
5
1
8
31
22
17
32
2
25
15
16
17
20
35
14
31
12
34
26
27
21
11
15
5
19
8
16
15
21
26
28
23
24
16
33
1
27
4
0
2
24
28
17
0
30
12
27
22
8
27
27
13
21
25
36
21
17
0
33
11
20
3
35
4
3
28
14
30
9
13
3
7
35
7
14
11
10
3
30
11
10
3
3
12
9
3
6
1
13
15
18
17
12
17
32
11
19
25
32
16
33
16
10
21
23
4
25
27
36
15
30
27
13
8
19
21
0
28
6
18
28
30
8
28
11
6
26
18
15
35
28
27
8
25
7
29
21
0
11
5
17
31
30
20
35
16
17
30
3
16
25
24
35
29
9
13
22
30
2
16
27
1
15
34
19
31
29
22
35
12
30
22
8
3
14
2
13
30
7
11
9
25
31
17
24
28
19
5
6
9
12
9
3
30
3
20
36
36
23
7
21
27
5
14
9
5
13
9
15
2
29
36
5
20
18
28
23
31
7
6
9
11
34
16
32
31
30
14
16
33
17
21
18
26
13
10
32
19
20
33
3
23
21
13
23
31
32
35
14
10
7
25
28
22
4
14
16
28
33
12
19
10
18
3
32
30
20
27
15
10
6
26
10
23
15
17
