1
32
8
7
23
16
32
9
28
27
6
34
21
4
20
20
33
27
25
28
35
18
31
34
9
8
34
3
32
17
34
12
30
8
26
32
8
18
0
26
12
13
23
17
10
21
3
30
8
35
36
13
18
17
3
35
35
2
3
3
11
33
10
17
33
8
5
20
30
17
16
3
27
7
11
15
20
4
6
1
2
16
22
2
10
19
35
35
10
19
4
8
10
36
15
17
34
19
23
8
32
23
16
4
12
34
2
2
17
9
24
29
5
33
17
23
26
26
23
3
5
5
29
9
31
32
19
15
7
31
19
24
27
34
36
31
15
18
0
11
8
17
4
33
11
22
1
8
33
27
12
36
35
15
6
33
35
16
3
3
30
22
17
18
27
29
13
6
25
33
20
29
13
30
7
26
2
13
31
18
13
27
28
9
7
8
5
11
24
8
30
12
32
9
9
11
0
12
31
27
2
12
9
14
31
36
22
2
24
34
7
32
19
0
11
23
19
16
2
27
4
3
21
19
26
8
10
21
14
27
13
12
34
22
7
14
2
14
32
33
28
7
2
31
12
7
18
10
36
23
12
8
6
8
10
35
9
3
8
34
0
19
31
23
24
4
34
32
22
17
17
34
17
19
28
3
30
32
5
23
7
17
19
32
23
27
36
20
12
30
34
32
14
32
1
12
6
3
9
30
28
5
32
36
35
1
6
12
15
0
9
25
19
0
35
21
34
3
0
15
6
36
30
31
19
23
28
2
11
31
2
24
17
14
17
16
4
32
5
16
10
10
10
30
34
32
28
24
1
25
6
12
22
20
35
0
30
26
22
20
14
15
25
14
35
21
22
20
17
20
4
6
9
33
18
10
15
11
13
20
29
33
17
10
12
26
9
0
20
14
36
12
13
6
35
1
18
22
