23
35
17
23
30
25
10
2
27
0
2
29
21
25
6
27
25
32
5
14
27
3
33
32
8
10
9
30
35
20
14
22
3
17
5
23
32
18
22
20
22
29
23
5
34
15
19
15
2
24
17
34
6
28
31
9
27
4
33
18
36
12
12
10
10
15
13
16
36
34
36
25
19
28
26
5
13
30
4
19
17
32
1
21
33
19
33
10
14
7
9
8
22
23
14
34
8
14
22
1
0
35
28
16
35
19
16
7
20
5
6
2
36
15
27
23
24
3
17
19
23
4
29
25
1
20
32
8
16
32
19
33
29
2
28
28
9
7
36
35
22
16
10
36
33
9
0
27
19
12
13
33
13
19
24
31
25
0
31
36
33
11
17
33
26
5
18
32
36
12
25
19
17
17
28
16
4
26
1
27
13
3
33
19
24
30
28
24
21
2
27
22
12
4
14
28
14
35
27
5
33
27
2
0
11
20
17
34
10
36
2
25
7
4
24
18
33
19
27
15
35
12
15
30
0
24
36
34
19
33
13
8
35
31
28
3
23
28
1
9
18
31
6
30
1
10
7
20
8
6
11
33
25
9
12
28
33
33
0
15
7
3
8
33
31
23
29
35
35
33
31
33
27
0
35
12
6
23
19
5
20
3
24
25
27
12
15
35
11
14
22
27
17
6
5
25
6
36
23
11
25
15
31
10
34
23
20
22
3
20
1
23
34
36
30
10
24
33
24
7
32
26
28
22
29
31
21
16
19
25
27
22
23
9
20
7
33
7
9
5
13
17
28
26
11
21
18
11
22
21
9
28
27
17
18
5
19
1
35
3
35
13
22
8
29
25
0
9
30
4
24
20
11
1
4
24
4
12
24
1
33
16
20
33
10
26
36
35
30
6
23
22
13
24
4
0
17
