23
36
0
2
3
27
4
13
16
14
3
9
18
24
23
25
6
13
33
13
26
6
19
3
27
23
27
16
22
35
7
5
27
10
32
26
15
6
17
20
25
2
8
19
22
26
26
25
27
24
33
31
36
27
27
7
24
2
3
18
7
4
3
1
7
25
31
21
36
3
25
11
28
15
12
16
21
6
1
4
32
14
9
34
3
21
27
25
23
0
23
28
8
20
32
24
36
23
12
17
2
24
0
23
1
8
9
9
19
27
9
34
14
33
11
17
9
8
20
9
21
5
12
18
25
10
32
11
1
24
3
27
8
12
23
19
1
4
35
0
21
23
9
32
13
36
12
34
18
12
4
0
7
2
36
6
22
10
4
13
23
32
35
4
13
27
14
27
17
32
15
35
26
7
8
21
15
12
19
11
22
5
9
5
30
34
14
28
29
27
14
24
19
20
4
23
29
7
32
29
14
4
2
13
2
10
5
0
10
21
21
30
31
5
3
20
30
27
26
29
2
26
21
34
2
19
1
10
17
15
9
6
22
29
30
23
35
32
11
27
31
28
20
24
36
33
9
26
13
32
21
31
35
1
23
7
29
19
20
7
20
20
3
4
30
10
30
23
32
32
29
21
15
36
18
17
14
2
13
30
34
3
15
0
36
25
7
18
2
13
23
25
18
31
25
13
20
21
13
21
28
10
0
22
22
25
28
16
16
6
8
32
25
27
15
10
18
10
10
10
28
3
32
23
30
5
32
28
3
36
31
27
19
1
28
25
0
7
29
16
35
6
9
28
33
12
6
35
15
3
8
17
5
29
35
14
18
17
36
23
36
19
18
11
24
10
4
27
16
28
11
26
13
28
13
28
11
12
12
21
20
23
22
12
28
29
27
11
14
16
22
19
11
35
4
6
18
31
33
29
34
27
28
