18
3
26
1
32
21
18
35
30
5
12
26
27
32
18
26
22
31
1
1
32
34
16
21
24
32
3
6
1
27
35
24
5
0
14
1
21
8
29
22
17
22
29
1
31
6
26
6
13
7
24
29
25
35
5
9
19
15
1
24
0
31
21
21
32
2
32
15
32
30
30
34
14
24
19
33
0
1
7
33
28
29
26
29
15
34
33
22
8
4
14
23
31
13
32
24
3
22
12
12
8
29
12
3
27
14
36
2
35
13
12
21
9
11
16
13
27
26
28
19
16
34
7
4
19
0
36
8
15
33
16
20
8
29
23
15
32
14
30
23
30
20
9
30
32
0
10
20
5
16
25
27
3
27
1
36
31
13
8
13
14
7
2
21
30
30
24
20
21
9
6
7
34
12
13
34
14
1
15
7
20
31
1
7
22
14
16
3
25
0
19
18
12
23
24
5
16
25
1
1
18
14
10
11
35
21
22
9
3
25
3
28
7
29
5
16
17
22
9
10
27
0
26
13
28
8
35
5
36
20
12
23
25
30
21
4
33
17
12
1
17
7
14
6
6
7
28
0
8
1
7
3
30
10
33
2
36
1
10
32
29
6
5
32
2
23
30
32
1
11
28
12
32
1
34
24
15
12
5
24
24
36
22
2
5
19
34
21
18
7
32
21
35
20
2
6
11
34
22
6
35
4
12
8
8
19
29
10
34
21
21
3
4
22
30
12
2
36
14
26
17
13
20
12
29
9
9
28
33
29
15
22
2
35
31
3
33
4
0
20
13
8
0
0
20
2
7
32
24
28
26
1
8
5
21
8
22
22
1
30
33
14
5
4
32
32
32
0
35
20
30
32
33
26
27
2
9
22
28
16
32
7
33
1
31
1
0
0
35
2
32
4
7
5
36
10
24
14
32
32
27
36
