15
18
25
1
6
35
1
24
14
25
21
36
0
12
18
15
11
22
4
1
20
35
14
12
16
18
32
10
17
3
14
14
10
35
35
36
17
28
14
4
14
29
24
28
9
16
11
7
12
34
31
13
18
15
13
9
23
24
3
14
22
26
22
33
31
29
1
2
3
16
22
18
17
2
11
8
28
24
17
29
16
34
32
28
22
7
1
13
32
29
24
21
11
25
13
18
5
8
16
11
28
4
22
2
20
4
25
23
31
20
3
13
23
19
34
26
1
14
11
30
24
2
13
24
35
35
4
36
14
35
35
24
6
2
24
6
0
28
36
21
22
1
36
29
12
8
5
26
17
29
21
28
8
9
19
13
19
17
32
19
21
15
13
11
5
2
32
0
24
29
14
12
18
2
19
31
21
29
26
19
0
23
16
22
23
35
32
4
26
8
31
26
14
16
35
29
13
3
28
5
15
11
23
3
1
12
7
5
33
1
29
21
27
27
26
24
8
15
17
9
32
7
16
9
36
18
20
36
3
34
28
19
13
14
35
31
21
9
35
32
31
24
23
30
0
7
10
29
28
19
23
4
11
7
28
2
34
23
20
28
19
14
6
30
30
17
20
9
35
34
34
28
35
25
17
20
12
19
10
27
25
25
15
9
12
27
26
17
24
14
21
6
3
12
12
14
24
4
34
4
15
0
14
10
6
5
29
25
2
32
4
16
32
1
18
31
9
12
34
7
11
11
6
30
26
8
34
35
1
26
21
33
26
35
33
23
20
10
2
5
8
2
36
7
7
17
26
4
25
0
22
22
19
8
12
16
5
17
35
16
17
7
19
36
5
21
6
6
21
25
15
7
3
1
36
8
14
5
6
11
19
15
4
27
18
7
25
19
33
20
6
16
11
16
14
33
36
25
32
