27
9
6
19
10
3
9
16
24
24
34
15
22
15
20
35
6
9
31
33
14
0
27
8
15
12
16
15
28
21
36
35
26
35
15
30
22
23
13
12
0
15
29
16
20
4
29
11
8
28
11
3
31
5
22
11
4
0
30
8
7
0
16
9
4
30
12
36
27
29
10
20
11
19
35
34
21
15
3
1
11
33
18
3
23
14
16
11
2
2
1
32
11
1
6
17
21
34
14
26
17
3
29
28
34
5
2
3
35
26
18
10
14
13
2
30
33
26
30
15
30
28
26
33
18
23
22
25
28
29
14
32
11
21
5
29
13
10
17
19
12
4
35
4
32
7
18
19
35
24
28
3
5
22
19
24
19
2
7
4
18
15
2
32
4
17
1
21
35
31
36
12
24
12
9
23
8
13
25
10
17
7
26
28
30
29
28
27
18
0
7
3
11
32
1
2
29
17
10
25
24
13
22
32
32
36
20
8
18
13
29
12
27
35
32
24
9
6
2
6
27
4
29
19
35
20
32
20
17
29
36
3
7
0
6
12
9
12
28
15
2
24
29
10
31
1
5
21
6
31
25
12
25
1
34
15
0
21
27
32
12
15
14
34
17
22
9
32
13
11
26
10
28
34
0
26
31
8
33
8
29
31
5
4
16
19
5
3
26
28
24
5
7
8
36
18
27
25
27
28
12
1
19
2
24
6
12
30
36
9
28
35
34
13
17
19
36
7
35
28
25
24
28
16
36
9
22
18
24
26
22
35
0
35
2
24
31
29
16
7
34
23
20
30
6
26
9
20
18
12
2
11
29
21
26
19
12
6
29
34
19
18
27
24
2
24
18
32
19
10
25
6
28
6
7
15
16
23
12
30
23
18
4
17
23
7
0
1
19
21
6
22
32
28
24
36
23
12
20
