36
0
21
19
36
31
0
3
17
14
14
6
22
20
8
6
24
14
27
36
3
0
27
1
14
17
31
7
14
15
23
34
16
0
6
35
2
0
27
35
36
29
27
28
0
30
17
11
12
4
34
13
25
15
14
8
26
29
17
29
28
33
20
2
19
17
18
2
6
15
21
19
22
6
10
2
23
23
7
6
25
28
17
12
31
15
33
5
24
31
18
21
19
29
8
20
3
2
30
31
20
13
14
9
6
5
0
12
32
0
30
23
30
3
31
2
36
24
29
8
21
12
10
23
23
7
0
10
13
8
25
9
36
1
30
0
17
28
8
34
5
3
29
26
12
4
34
14
16
10
4
10
29
9
12
0
23
14
5
3
8
32
21
19
26
30
31
17
22
28
10
33
20
15
15
34
2
11
8
19
2
26
24
28
12
23
13
7
7
25
3
4
13
2
20
28
19
18
2
2
30
14
10
1
21
36
35
25
33
6
19
26
14
5
13
2
28
2
10
2
13
6
21
21
9
9
20
31
12
3
23
9
0
28
11
22
6
9
7
12
30
36
28
22
30
36
27
17
18
2
36
30
29
13
28
36
1
9
32
21
16
34
17
16
25
13
27
33
23
9
12
29
33
15
17
32
33
29
4
24
29
25
33
3
29
5
20
26
12
17
3
35
3
3
19
0
10
36
1
23
34
21
26
36
27
14
13
16
18
15
16
32
1
19
3
21
23
16
9
36
10
3
14
8
17
36
11
32
34
6
25
7
10
4
26
12
36
28
12
14
34
9
19
34
34
1
15
1
33
31
11
2
9
30
19
33
18
16
0
9
12
11
21
30
26
17
16
28
35
15
27
12
17
0
15
9
22
15
32
15
27
32
27
34
16
29
23
32
29
15
33
22
26
12
21
3
23
14
21
27
28
