8
23
31
2
15
0
24
34
4
13
2
2
16
9
3
31
19
15
1
22
7
8
32
19
29
5
16
28
9
34
0
35
27
34
32
8
16
29
21
9
35
35
30
19
20
21
20
17
36
16
34
0
15
26
23
34
13
2
5
24
29
18
19
18
1
14
18
31
31
34
32
18
11
5
20
18
6
8
30
19
19
26
17
31
31
36
11
15
18
7
19
27
6
30
20
13
8
2
16
10
14
7
26
23
6
10
32
4
15
16
13
28
21
14
20
36
4
22
4
19
1
25
10
31
12
5
11
26
16
8
7
24
17
29
24
10
20
34
19
16
16
21
28
35
32
17
3
36
35
20
13
20
15
26
29
26
32
35
9
29
14
7
4
0
18
13
25
10
36
12
2
0
22
4
27
7
25
21
12
8
2
36
7
17
20
10
31
31
25
28
34
36
14
12
36
10
19
8
34
25
3
16
10
30
18
19
34
30
0
6
14
2
4
29
7
36
35
25
8
14
17
29
32
17
22
28
5
25
12
29
20
25
0
10
2
23
36
28
24
8
27
21
22
5
25
23
20
15
5
33
34
9
14
8
1
4
32
22
26
24
27
28
27
13
0
27
18
6
31
9
22
7
6
36
26
20
26
32
27
24
35
15
9
15
17
9
20
8
29
36
0
20
4
8
24
2
20
36
6
36
18
22
10
5
17
6
33
34
26
24
5
34
8
31
35
27
32
23
27
14
6
8
11
0
26
29
17
5
6
7
14
32
33
21
13
19
13
36
16
8
18
13
30
6
18
4
13
34
11
13
15
1
27
31
16
35
22
23
11
24
19
9
17
2
22
31
7
24
36
24
14
3
9
24
11
35
28
14
14
36
27
7
33
11
11
14
20
29
8
0
8
5
35
20
1
9
24
23
32
6
6
23
30
18
4
