4
33
5
24
31
34
20
6
12
17
16
18
32
25
5
26
33
28
18
16
14
23
23
9
24
31
5
20
8
25
19
25
11
21
4
7
18
31
30
29
12
30
7
14
4
22
10
0
6
6
23
20
1
32
5
9
36
6
21
1
1
24
7
2
6
24
24
13
29
17
20
25
3
32
4
19
29
13
36
24
21
0
18
30
23
18
10
35
24
32
13
28
1
35
32
0
15
12
25
10
26
2
17
7
34
29
17
36
20
0
25
30
25
25
13
24
17
36
32
24
22
21
31
22
12
26
7
18
20
14
8
23
6
25
23
23
27
4
10
0
9
4
36
18
30
33
7
18
20
32
14
13
29
1
4
0
28
2
26
9
28
26
12
23
0
6
15
1
27
32
4
12
22
25
33
0
36
23
36
31
17
22
32
33
25
15
25
22
17
16
10
11
13
33
13
35
18
30
5
11
3
34
5
31
21
18
7
27
36
15
1
9
6
11
33
17
9
19
4
10
27
18
36
31
0
32
6
30
12
24
31
32
27
12
17
24
9
29
14
29
33
18
28
2
6
23
20
8
8
32
19
20
35
18
33
11
25
29
11
16
2
25
24
3
27
11
18
5
26
8
21
36
20
30
8
24
1
31
12
6
7
18
17
29
11
34
25
35
35
10
20
0
32
6
20
28
27
13
3
11
20
36
20
11
30
20
24
31
21
19
5
32
30
19
2
16
1
11
7
32
13
21
5
16
5
29
36
15
17
14
35
14
18
0
20
6
0
11
20
24
3
14
13
8
