24
28
21
17
20
11
30
28
32
33
5
12
24
1
9
36
17
36
2
17
15
8
28
6
6
33
7
29
2
8
24
5
35
6
12
12
19
31
17
11
1
16
24
21
17
13
12
35
10
33
24
34
24
4
29
0
6
25
18
12
11
17
22
28
7
20
2
23
21
19
22
9
36
15
9
6
28
3
14
5
27
14
15
18
33
5
35
21
24
14
3
14
24
11
4
4
0
21
25
25
19
30
26
29
29
34
0
32
8
25
17
29
22
36
32
30
29
17
16
10
22
5
17
25
22
27
15
30
23
18
22
1
8
9
36
30
8
19
2
6
30
33
36
23
5
15
20
9
26
17
26
0
8
1
2
17
10
0
0
22
3
21
29
29
14
11
25
25
1
32
11
36
6
29
1
9
0
34
29
32
6
14
25
35
29
2
21
34
18
16
16
23
31
29
20
1
34
9
0
6
29
25
30
9
33
2
7
28
9
8
25
7
2
20
6
16
11
4
15
25
24
30
7
24
25
12
34
27
9
6
32
14
24
11
34
5
31
26
36
23
16
27
24
17
12
10
12
29
10
27
1
25
14
34
19
33
7
24
18
10
3
5
33
5
27
24
23
25
6
25
1
1
5
3
11
26
29
21
7
19
19
1
19
30
7
13
30
26
29
14
16
12
3
12
19
26
11
18
1
3
15
8
5
36
14
33
10
4
30
11
29
15
26
17
18
8
24
30
4
28
18
10
22
16
29
21
13
23
4
17
7
26
24
1
16
23
5
10
18
23
33
15
1
34
3
35
12
16
2
29
22
25
24
10
4
33
7
27
9
3
8
11
14
6
19
34
13
23
35
26
35
22
4
17
8
29
6
16
20
22
12
9
10
17
36
15
34
17
30
35
19
8
36
18
25
16
32
14
19
26
31
18
24
25
27
1
23
35
0
30
27
