10
33
35
16
5
12
16
21
3
17
36
29
12
18
16
29
7
33
26
22
13
32
11
19
27
26
12
11
28
19
20
9
8
10
3
23
32
0
12
26
13
12
8
5
1
19
24
30
2
34
21
0
14
29
4
18
5
17
27
19
12
13
11
9
9
30
22
1
18
27
0
9
35
28
28
16
10
9
4
4
1
1
5
17
13
34
22
21
16
26
3
32
13
34
36
4
7
33
15
29
18
10
35
9
0
35
24
23
11
19
18
1
11
3
31
21
8
15
0
30
13
11
27
35
9
6
15
33
27
27
14
2
0
31
5
11
36
21
31
13
10
1
16
23
24
28
4
10
5
13
6
6
27
2
16
14
25
9
2
10
7
33
28
21
11
36
15
25
14
26
25
21
35
35
22
1
11
35
14
2
34
30
13
27
26
12
35
6
15
9
10
28
31
26
16
27
36
25
16
20
14
10
4
18
3
21
28
14
11
18
34
12
26
9
36
20
16
24
29
15
26
36
0
25
20
8
23
33
14
23
32
1
31
35
20
14
11
0
8
14
29
23
14
5
36
13
34
17
10
0
23
20
20
15
23
31
21
1
14
13
12
9
16
27
11
24
19
20
11
19
3
32
30
25
31
34
27
5
14
8
32
8
24
17
26
6
16
19
4
30
24
18
25
16
10
26
15
23
24
23
29
20
21
21
13
28
25
12
9
17
36
24
6
11
28
19
33
16
15
26
30
10
36
7
22
28
28
13
33
30
29
35
0
0
33
9
31
13
24
17
8
21
18
16
17
26
26
23
0
3
23
19
34
25
8
2
30
28
17
0
2
8
13
14
10
5
11
35
16
36
11
24
24
23
15
11
33
8
30
13
24
26
17
10
26
12
28
26
24
34
9
22
34
28
14
6
33
7
4
