36
34
16
31
12
19
30
9
23
22
15
7
12
12
11
28
33
9
20
29
11
0
20
16
31
3
8
32
18
3
23
17
13
10
25
22
18
20
15
24
25
17
27
4
14
17
17
20
31
0
18
6
23
35
32
7
7
22
17
2
0
23
18
20
31
8
24
33
26
2
6
34
31
13
12
21
35
10
35
30
18
26
2
25
33
26
31
33
6
27
19
10
22
5
6
0
0
4
28
32
0
4
0
18
11
30
35
20
15
27
34
25
2
7
28
14
26
13
23
3
29
14
25
1
16
30
12
8
26
12
15
27
31
28
27
1
35
23
29
16
36
6
10
9
20
15
34
35
25
32
33
28
22
5
1
2
32
36
6
31
3
24
34
4
19
7
10
21
34
6
32
16
1
29
27
35
24
17
36
27
21
26
0
17
15
33
29
32
35
6
24
24
21
7
28
12
6
0
9
27
25
15
22
10
33
13
28
21
23
7
17
13
35
24
15
30
14
34
2
16
35
3
20
3
18
9
9
21
6
8
3
16
21
36
10
36
2
6
34
12
33
13
18
34
18
25
23
5
32
9
0
26
35
34
27
11
27
14
30
22
24
26
32
14
4
6
13
29
24
1
3
35
17
34
25
13
34
33
2
8
1
35
10
33
21
30
4
17
30
30
23
23
28
33
28
16
8
11
24
21
36
23
3
2
14
11
22
14
12
0
30
5
16
28
36
31
29
27
20
24
18
13
24
18
21
6
26
1
15
4
4
25
28
0
35
36
29
2
34
33
28
26
36
20
8
15
25
31
13
33
29
4
8
21
35
34
28
9
15
9
27
36
36
9
28
34
16
32
7
20
12
23
22
32
22
25
16
0
8
5
31
19
33
15
1
20
10
32
33
0
19
13
27
21
0
