4
21
21
30
20
2
17
16
22
0
14
10
36
0
20
6
9
11
28
22
24
29
16
3
1
30
34
20
6
7
25
13
5
22
35
29
27
19
0
32
35
10
15
19
22
20
34
32
4
2
25
23
16
20
36
6
5
35
5
25
7
17
24
36
1
18
20
27
9
1
24
33
22
21
14
8
12
31
24
16
3
15
18
32
15
5
0
15
32
24
36
36
29
11
36
5
23
23
11
13
22
5
27
15
34
36
27
34
16
4
36
1
19
24
35
20
0
32
23
4
4
32
35
0
23
12
0
7
23
9
21
24
1
15
24
29
26
8
34
26
33
11
26
20
6
20
34
30
34
9
31
31
7
32
31
8
23
36
1
11
33
6
20
32
10
3
15
3
17
3
27
29
5
34
27
9
36
7
13
10
36
24
27
34
7
14
24
24
23
34
24
21
15
11
36
27
25
19
22
25
6
36
7
9
21
2
31
2
22
6
17
16
15
23
1
35
2
3
3
5
14
13
3
29
33
2
30
12
36
23
36
2
5
8
18
9
29
17
35
22
30
21
8
31
8
1
2
3
21
29
19
15
7
8
21
2
29
35
18
19
0
21
2
22
20
30
12
22
11
29
0
14
17
28
9
3
12
30
26
7
4
3
3
17
25
30
10
6
19
24
5
25
8
36
4
15
4
5
2
5
0
4
6
36
8
17
23
13
8
34
0
20
20
8
3
6
5
18
29
23
4
14
16
29
24
26
36
33
10
0
12
14
6
10
19
8
18
11
34
13
35
5
1
13
25
35
30
32
0
4
2
34
34
34
13
17
19
20
33
23
14
23
26
17
32
3
2
35
2
31
0
22
23
1
27
15
20
8
18
13
26
19
28
22
18
16
22
0
6
17
30
22
36
10
35
7
6
9
10
3
23
29
12
31
22
