27
7
9
13
24
33
30
14
20
7
14
8
31
20
26
11
25
36
12
4
4
30
17
36
12
0
19
34
9
31
31
23
34
25
6
23
3
28
10
19
5
24
31
6
27
24
25
24
23
34
21
16
22
21
14
2
21
12
16
22
5
4
18
32
23
23
29
35
3
13
19
12
21
24
24
6
11
30
23
34
20
32
35
17
7
0
29
33
33
0
5
34
15
26
8
0
14
26
5
22
18
8
2
3
8
12
20
2
2
3
15
4
34
21
13
9
30
11
6
6
0
29
13
0
27
12
18
15
2
7
10
3
31
35
16
21
19
19
1
19
27
10
34
9
30
32
16
25
25
7
3
7
23
24
12
19
12
27
6
34
12
17
7
23
14
31
16
3
3
23
36
2
1
27
11
6
6
12
15
5
2
9
0
5
17
36
24
14
22
23
21
25
1
25
29
25
33
4
19
23
18
15
3
4
10
27
31
24
6
14
19
20
32
14
31
1
33
2
4
2
4
8
29
7
18
30
34
0
5
17
0
0
26
14
21
24
7
9
31
10
27
20
36
36
15
15
16
2
4
23
32
32
28
4
35
29
24
6
27
9
27
18
11
13
4
12
29
17
29
10
12
27
10
23
12
33
33
31
12
29
16
14
2
2
9
7
23
18
28
14
12
35
28
18
27
21
3
35
28
27
12
1
16
8
11
22
6
29
29
9
35
29
6
12
32
13
18
13
6
29
23
3
5
0
22
34
27
18
0
19
0
3
32
31
19
24
6
3
27
27
32
5
8
10
36
18
13
22
11
26
32
31
23
5
21
2
2
10
23
8
18
29
3
0
33
8
20
17
11
22
20
4
16
1
19
34
30
24
34
36
17
9
10
16
13
28
13
11
13
29
20
23
14
1
5
13
35
5
8
20
3
14
3
