21
11
4
23
26
26
30
32
11
21
14
14
15
10
18
12
26
26
33
17
18
13
14
27
31
34
22
12
11
32
12
35
7
14
1
21
12
14
15
12
26
16
23
9
13
9
19
0
30
33
27
34
25
5
15
32
28
20
17
31
10
9
27
2
17
13
31
31
33
36
6
2
27
32
21
24
1
21
10
3
23
17
13
7
33
17
18
23
10
25
28
31
28
4
8
18
36
21
30
28
26
23
1
31
25
0
22
25
14
35
15
22
16
4
1
30
19
30
18
27
23
8
1
28
34
29
12
24
9
19
15
0
10
23
17
27
11
36
12
26
20
21
13
27
13
35
4
26
5
21
4
22
26
7
9
15
34
30
25
15
31
28
21
9
31
15
32
32
7
2
31
5
26
0
26
1
4
18
0
25
4
20
35
6
19
6
12
30
28
4
5
32
6
13
36
34
8
5
29
9
2
0
31
20
9
24
4
33
0
33
22
14
11
36
31
3
4
18
26
23
15
13
12
13
13
26
12
29
3
17
3
2
27
16
1
23
34
8
8
25
22
2
25
1
30
16
4
22
13
26
30
23
21
21
22
10
34
24
3
0
24
19
24
15
18
19
28
28
10
9
13
33
15
5
8
36
22
22
33
16
12
30
20
19
12
34
14
36
1
20
1
25
18
30
5
33
29
25
11
0
23
2
22
10
0
10
16
21
8
2
26
1
15
3
12
20
29
14
34
36
33
1
29
9
21
29
0
32
28
27
26
14
22
11
9
13
26
7
12
33
28
13
20
19
28
27
2
13
17
6
16
24
21
8
26
9
36
35
23
21
27
30
27
30
28
7
10
35
15
12
13
19
35
19
30
22
29
0
3
1
20
26
18
21
2
18
22
2
4
25
22
35
7
34
1
18
13
23
9
1
36
14
30
0
19
