3
27
5
28
18
6
13
19
6
4
3
6
0
36
1
17
31
21
30
12
2
34
21
2
14
14
4
8
21
0
15
16
26
32
33
2
3
36
0
25
12
21
4
22
2
20
24
10
14
25
5
35
22
3
11
1
35
33
33
24
19
17
18
31
27
21
31
15
30
29
22
1
10
5
3
10
17
3
20
9
28
12
32
22
33
32
17
24
8
19
23
26
23
23
31
19
5
3
21
31
35
2
11
19
33
11
35
16
3
15
28
13
32
23
29
30
32
9
12
34
3
9
7
29
20
12
17
30
13
12
15
35
11
29
7
34
0
0
5
29
21
2
11
33
1
3
17
3
33
18
19
13
31
29
18
23
36
9
0
27
3
3
7
2
25
30
10
19
19
34
15
6
12
4
10
14
6
13
23
33
36
0
32
17
13
25
17
33
9
36
16
17
4
27
32
29
10
32
24
19
7
20
23
15
31
19
24
27
22
26
36
31
25
33
31
31
25
23
2
3
28
11
29
23
3
8
35
22
0
33
11
6
32
0
33
17
12
31
31
4
33
19
21
20
26
35
5
5
31
32
1
14
28
30
8
19
16
21
15
7
3
28
22
36
33
10
34
18
1
10
35
29
20
31
23
8
26
9
30
11
20
27
1
28
12
24
29
14
13
12
7
27
23
7
3
7
19
21
12
16
26
25
29
11
4
27
6
29
16
21
7
12
13
0
27
36
19
36
12
13
19
36
2
15
5
21
25
17
16
1
24
30
18
14
11
6
16
0
16
19
34
27
21
31
27
30
9
21
34
23
24
18
32
29
13
27
3
29
8
13
15
12
21
34
28
17
14
0
17
13
7
8
2
20
15
1
35
11
3
19
16
21
1
27
10
21
33
16
14
27
18
8
30
15
29
17
7
13
