35
33
6
26
1
24
6
3
16
22
3
33
35
10
27
2
4
10
16
12
36
36
2
23
18
12
12
13
31
7
32
31
27
20
34
13
9
2
2
30
29
13
10
27
25
16
14
22
1
0
7
33
12
2
21
14
1
24
22
10
2
11
23
17
0
8
4
10
10
34
34
34
23
5
33
19
1
15
11
31
8
35
8
7
11
22
22
19
25
0
10
15
18
36
21
13
2
31
35
16
2
26
29
22
8
20
3
32
26
20
5
34
17
14
34
6
2
10
22
3
14
22
29
3
36
2
8
8
13
27
5
21
7
34
16
35
21
27
28
3
22
25
14
27
22
31
27
22
15
36
19
20
26
31
8
27
32
31
30
4
21
27
19
19
13
32
9
26
4
18
8
8
4
7
29
9
34
2
5
0
1
30
31
4
13
7
17
16
16
31
28
34
16
22
18
21
22
21
4
33
30
6
35
30
16
12
12
24
30
23
18
23
11
10
33
28
9
17
1
14
0
31
29
10
35
2
28
8
21
0
0
17
20
26
1
31
21
31
27
5
13
12
19
16
36
11
12
22
8
24
25
26
18
22
32
1
25
33
28
7
22
30
0
16
33
16
14
3
0
10
16
16
33
14
2
14
8
33
17
28
33
9
20
3
35
24
25
28
21
16
14
9
9
0
6
35
22
9
35
33
19
4
30
19
25
14
24
35
0
15
2
11
20
12
23
3
8
13
22
2
3
35
26
23
14
6
31
14
34
27
23
20
33
1
24
20
19
17
13
34
11
20
31
24
10
5
2
13
1
6
26
28
22
36
1
13
21
18
20
29
3
7
18
29
9
11
20
17
17
20
16
22
9
11
24
19
24
1
35
7
22
10
18
5
13
36
32
27
1
5
13
11
25
31
22
10
23
31
9
15
12
14
22
