15
6
20
36
27
26
12
9
6
31
20
3
5
10
26
17
13
6
36
34
14
8
3
18
2
4
8
36
20
26
12
5
11
30
1
17
11
2
12
2
22
18
35
1
1
17
14
14
10
23
7
18
16
29
22
18
10
6
14
26
32
21
36
11
7
15
28
14
31
32
17
31
15
33
16
27
1
15
16
12
34
28
8
31
28
12
32
29
16
31
30
10
32
0
23
4
25
4
28
11
25
34
10
7
20
31
19
18
31
16
28
35
23
3
34
9
7
20
32
25
24
13
29
14
14
7
25
17
14
16
11
19
16
10
31
31
18
13
32
26
21
13
10
4
12
2
17
10
36
21
22
33
8
6
8
35
26
14
22
0
36
9
16
32
15
10
23
26
28
34
15
35
9
21
13
2
22
3
14
32
27
12
16
32
13
13
6
25
18
6
27
23
10
10
29
26
30
7
31
20
20
17
32
13
8
9
5
10
9
17
2
22
14
7
4
21
2
1
8
10
15
15
27
27
29
1
20
5
17
3
17
0
10
19
16
31
18
16
14
27
29
9
35
1
20
8
21
33
5
4
1
12
14
27
35
29
24
2
24
32
4
1
3
3
8
22
2
11
15
2
21
8
27
35
10
9
10
24
33
35
21
5
6
18
4
14
23
18
9
21
21
24
33
19
29
3
7
21
26
11
3
34
2
36
35
4
9
24
4
26
23
20
6
6
24
9
18
4
20
31
17
20
36
3
20
9
24
13
10
21
12
10
26
3
35
6
26
15
21
20
10
13
0
33
16
36
17
4
12
27
6
23
31
3
17
1
23
5
1
24
2
2
3
17
17
11
28
7
29
3
2
5
33
12
1
20
25
23
32
26
7
22
22
4
30
31
29
30
6
8
29
15
33
29
14
12
25
16
25
15
13
1
32
21
8
