20
21
7
5
8
8
9
5
15
35
3
6
15
1
16
21
4
25
22
36
27
30
27
35
20
4
9
22
5
16
26
35
30
27
36
23
19
5
12
36
21
36
2
1
2
33
17
22
3
35
25
35
21
4
11
26
27
5
30
22
27
5
36
34
7
20
33
9
35
8
30
4
36
8
12
35
17
6
22
6
15
26
23
33
29
13
23
14
16
31
2
33
16
5
4
10
35
32
6
21
32
29
33
1
3
21
19
13
6
10
19
4
16
4
28
34
13
3
19
34
33
28
13
34
15
27
30
7
29
20
30
13
9
18
26
8
2
19
11
20
10
36
36
33
6
27
22
30
7
25
6
5
24
36
9
20
18
0
18
25
14
14
17
36
18
17
25
8
30
18
25
16
26
36
30
12
18
15
15
29
36
27
4
5
22
18
10
26
2
9
8
29
0
5
32
34
22
11
11
31
4
32
3
22
13
36
15
31
28
2
4
6
36
19
36
36
33
8
8
0
7
5
33
0
21
19
11
35
9
36
16
36
16
34
15
17
5
32
6
16
25
28
7
2
7
33
6
34
4
36
10
7
9
27
28
14
0
13
14
6
23
33
14
32
6
8
12
28
13
27
20
30
11
33
22
27
7
18
18
9
26
12
28
15
26
23
12
19
0
35
9
5
33
16
31
13
27
3
35
34
29
6
16
17
31
20
28
15
28
0
10
34
29
25
7
2
19
13
11
34
2
18
21
11
5
13
14
33
19
25
10
11
1
5
3
22
24
14
11
34
10
9
35
22
16
19
5
19
20
16
23
7
0
17
3
36
26
27
36
27
6
16
10
18
36
22
17
22
21
20
11
4
21
22
9
18
2
10
7
8
5
30
18
30
4
9
33
2
5
0
7
8
9
20
7
1
4
22
3
18
20
9
11
26
33
