24
1
11
16
2
16
15
5
5
27
13
35
6
28
13
21
29
32
2
4
20
7
20
12
9
32
9
3
32
1
26
1
7
34
0
26
18
33
21
3
10
4
5
20
31
16
2
24
16
16
23
16
10
27
21
25
27
30
12
23
12
25
36
3
32
27
10
2
26
4
16
31
18
36
5
29
20
20
0
19
3
19
29
31
20
26
25
20
27
2
34
29
26
15
7
24
21
22
17
20
1
4
16
11
5
32
21
19
32
27
17
10
8
3
15
7
15
28
29
20
14
7
14
19
30
19
29
8
35
14
35
10
35
33
18
30
14
33
5
23
11
5
17
23
19
6
22
10
35
5
35
10
25
6
18
30
10
21
27
0
21
8
15
17
11
6
13
13
5
16
33
15
32
33
33
28
30
17
17
3
1
19
0
9
18
32
6
1
6
9
28
19
33
5
36
2
1
5
27
36
17
22
0
30
21
32
3
16
21
24
17
17
9
16
3
30
35
28
16
19
29
19
9
6
11
13
8
6
6
4
26
29
28
28
27
29
31
31
5
32
1
24
3
23
31
10
11
5
34
18
18
17
25
23
15
27
18
7
20
25
18
2
22
17
17
26
16
12
0
23
5
5
23
31
15
0
4
30
20
24
10
14
26
7
11
6
2
13
22
15
16
16
5
22
22
4
32
16
28
15
2
9
15
26
5
16
30
19
6
5
29
18
14
19
34
33
35
18
23
30
23
30
28
28
27
34
18
3
17
10
14
3
2
23
34
8
4
12
7
13
28
35
35
13
27
11
29
1
27
36
28
34
30
12
33
33
18
1
20
3
11
17
29
6
31
14
3
10
15
30
22
29
5
12
2
3
17
35
31
12
20
2
25
20
10
19
34
29
36
29
36
17
29
12
0
31
15
4
3
2
