24
25
16
12
24
14
24
13
24
4
32
2
4
11
31
7
31
13
34
17
18
19
5
9
5
17
14
34
1
35
21
13
9
18
32
8
32
2
21
33
26
34
19
24
26
18
6
35
15
5
10
23
17
23
13
34
27
19
2
32
29
16
22
1
25
36
26
29
33
21
4
9
15
33
3
16
20
8
2
13
11
29
3
15
26
8
9
5
5
10
29
20
23
16
35
24
15
5
20
22
4
20
2
21
18
33
5
6
11
29
9
9
7
32
11
21
13
11
0
32
28
14
30
15
27
33
29
36
4
11
23
4
30
27
32
15
24
19
9
2
3
10
12
28
0
31
14
20
10
5
27
28
30
36
9
22
21
32
8
29
20
5
20
27
4
8
36
22
3
6
13
20
1
12
25
0
36
35
27
4
13
18
12
11
4
15
20
25
34
8
21
20
32
17
36
9
30
25
22
6
7
12
28
17
20
28
17
31
36
12
15
31
36
12
12
30
4
6
21
28
16
11
22
19
33
20
16
24
16
28
18
6
23
27
24
10
21
18
5
15
9
12
6
13
32
25
30
3
24
22
12
18
32
11
35
6
29
33
16
21
10
28
25
10
1
3
33
34
12
19
11
1
14
0
24
13
4
25
19
36
20
12
8
17
30
30
18
22
5
2
23
23
29
19
2
29
11
14
14
30
34
10
21
1
24
3
8
6
3
35
4
14
12
23
22
13
27
27
23
27
18
31
28
6
35
11
30
2
20
23
11
4
36
16
4
15
27
23
4
24
31
11
13
9
29
31
36
35
18
12
35
11
10
15
16
1
15
26
5
12
30
2
22
13
12
8
5
23
4
36
2
35
29
22
11
36
11
19
28
18
8
34
16
18
21
34
9
3
5
20
19
26
23
14
23
8
27
16
24
