25
32
29
14
16
14
31
32
23
14
3
2
22
25
28
1
0
20
8
31
24
26
33
26
29
8
36
8
0
15
15
14
33
22
0
7
12
10
13
8
22
30
5
18
16
29
35
0
34
28
26
1
15
17
8
18
26
25
29
9
24
25
12
16
29
11
10
28
15
19
23
27
8
26
36
4
21
29
29
10
4
6
13
0
34
2
35
3
34
24
31
36
26
5
12
14
22
18
10
16
30
35
14
34
4
21
16
27
17
0
19
28
34
34
32
5
23
28
19
15
14
35
8
1
12
27
33
28
22
26
35
15
7
19
4
10
5
9
22
2
22
30
14
1
7
35
2
30
28
3
9
34
4
5
32
9
31
10
33
30
8
21
12
11
18
14
11
28
33
0
31
5
5
11
4
12
30
28
26
6
5
27
10
9
30
4
25
14
34
9
22
3
34
4
10
16
6
1
29
34
4
35
9
14
34
14
17
0
10
13
3
20
17
27
14
0
0
19
33
12
8
6
16
13
31
31
2
8
3
6
7
27
23
23
3
26
26
26
25
26
3
33
36
33
4
4
15
24
35
10
29
17
29
23
13
6
25
0
6
7
23
36
20
3
22
5
15
31
7
27
31
8
35
3
10
19
13
8
6
28
29
27
32
34
22
32
14
14
23
15
9
18
20
1
26
22
10
19
36
9
35
2
0
31
34
36
20
32
20
0
0
21
30
3
21
16
4
0
16
23
12
20
30
21
23
15
20
25
28
19
29
29
32
14
5
12
9
20
0
35
2
20
32
7
27
22
32
33
30
36
26
14
6
28
5
30
27
5
5
6
10
20
26
27
2
21
16
1
35
34
23
2
19
34
20
8
17
31
1
16
9
1
17
5
32
34
13
7
24
8
13
31
29
33
35
24
2
17
