30
22
0
16
21
6
11
6
4
19
2
30
33
3
34
6
24
14
10
36
18
28
17
11
3
12
17
10
30
19
23
0
13
12
19
24
1
19
6
13
23
2
14
20
31
10
18
24
17
27
2
23
7
7
17
32
13
8
11
22
21
19
28
15
12
11
32
19
2
16
35
25
1
2
23
24
11
18
7
25
30
25
11
31
34
17
32
7
36
26
36
11
18
10
14
3
4
2
26
31
5
25
19
13
9
24
5
29
20
1
33
16
9
22
25
2
3
32
15
11
28
32
36
18
13
0
3
9
14
36
4
32
12
35
1
16
29
20
28
32
10
0
18
8
32
7
19
26
24
35
4
6
18
9
14
25
31
29
28
23
19
14
27
33
7
14
26
31
10
15
24
11
25
2
7
6
1
23
24
21
31
35
36
4
25
34
10
5
19
32
19
24
2
15
0
34
13
31
12
12
10
23
6
13
2
26
30
19
15
4
12
30
20
28
20
8
3
31
7
32
9
1
25
36
33
15
28
11
16
12
17
1
16
0
34
16
34
20
15
3
16
17
34
20
11
31
0
29
21
32
33
12
31
18
15
8
15
2
32
1
14
17
27
28
0
10
4
10
26
12
35
11
28
26
3
35
7
7
0
19
0
0
25
25
32
18
14
10
5
25
9
7
2
0
35
2
8
10
17
2
23
15
31
3
1
16
21
13
4
12
19
24
2
20
6
33
21
13
20
26
35
27
22
4
3
31
33
35
3
18
17
3
19
2
18
5
8
27
17
17
31
36
15
13
17
13
34
0
32
12
15
2
17
6
2
3
4
19
24
11
18
2
29
31
21
21
8
28
17
0
20
2
25
31
7
25
27
20
34
6
25
2
30
21
14
5
24
21
6
23
5
21
11
4
7
29
28
8
28
24
4
19
6
