26
28
29
0
17
18
28
34
35
8
28
33
8
23
13
25
12
4
8
7
10
26
28
33
10
2
18
2
23
0
26
0
12
13
11
9
32
24
12
23
9
32
7
25
27
33
6
30
16
25
29
21
32
20
20
7
19
1
23
17
22
36
32
4
32
0
16
33
28
26
5
33
33
9
3
13
30
32
26
1
13
15
8
29
35
3
15
27
2
16
22
3
15
9
7
3
19
23
18
7
17
28
32
26
19
27
2
18
9
0
34
24
2
34
10
9
24
23
28
23
30
3
30
4
9
3
19
23
0
20
28
23
31
13
17
17
33
26
26
33
13
31
2
29
33
8
4
27
1
20
6
24
36
2
19
21
25
17
6
17
33
29
2
8
8
9
9
16
15
19
34
22
25
7
5
31
3
28
6
16
29
24
9
1
14
26
13
27
5
1
16
36
24
26
24
24
22
19
3
25
24
22
5
5
25
26
31
33
16
8
36
4
18
18
9
13
15
21
18
6
33
19
30
7
12
16
26
18
25
26
36
28
34
12
4
2
11
25
5
24
7
30
18
8
27
3
11
1
5
12
2
13
7
29
18
19
21
5
6
19
32
13
19
29
5
22
26
12
35
32
13
0
18
0
20
34
19
6
15
27
24
5
17
4
24
10
12
1
26
17
6
5
27
28
36
26
35
35
33
5
1
16
32
9
0
3
0
22
19
34
11
5
9
4
4
6
35
1
35
3
11
28
14
29
8
22
34
18
31
19
22
29
8
7
15
15
15
6
3
25
25
23
34
11
29
36
26
0
22
13
3
1
32
21
33
13
27
36
22
31
13
28
24
29
6
33
26
31
20
7
25
26
34
17
19
10
19
29
5
2
32
5
25
36
36
26
14
20
5
36
35
29
33
34
34
12
29
19
13
31
7
6
33
30
17
19
