12
5
36
22
1
35
32
14
29
2
29
32
14
3
14
19
20
11
17
11
23
35
33
8
28
9
27
30
12
1
17
0
28
36
22
18
33
26
26
27
13
6
15
4
27
30
33
28
16
32
20
31
22
6
27
21
29
14
0
18
20
21
13
3
3
11
2
23
3
32
26
31
7
36
19
33
19
25
9
23
34
36
7
29
36
3
24
9
11
27
21
4
12
33
25
14
27
10
6
28
14
3
14
3
8
26
22
23
11
31
7
27
36
30
31
32
28
15
21
9
10
32
22
8
19
23
0
3
7
17
24
21
6
2
7
2
24
25
35
32
9
13
16
30
28
28
24
32
33
10
11
13
28
12
29
2
26
7
20
9
7
30
34
6
19
35
6
0
18
21
14
3
32
27
28
10
32
10
28
30
5
26
6
17
27
35
19
2
34
4
7
22
14
11
0
20
0
17
9
27
23
33
10
8
8
2
5
34
7
3
10
5
1
20
29
10
34
22
2
3
7
33
10
21
28
22
18
30
2
35
28
19
11
30
0
13
35
27
9
36
32
28
23
35
35
31
23
11
17
34
8
27
28
22
36
19
30
10
12
12
18
24
24
32
5
15
24
23
6
0
30
24
11
6
9
3
23
35
19
15
15
16
21
32
13
26
1
36
7
7
8
36
25
27
25
13
26
9
35
23
19
7
18
2
28
17
8
26
29
18
7
27
24
18
31
13
18
34
7
24
0
13
21
31
33
25
28
5
1
33
19
21
28
20
23
33
20
29
8
23
17
16
3
15
9
8
33
19
6
15
34
4
14
9
22
9
9
8
14
15
17
15
10
9
12
13
6
0
15
3
18
24
24
32
25
12
23
26
10
22
10
16
30
19
10
12
23
6
12
18
19
27
16
15
2
11
1
9
1
29
2
14
24
