31
27
34
31
27
22
18
21
32
22
5
19
20
1
3
20
3
0
23
7
2
2
25
21
4
35
21
19
8
6
36
25
16
34
22
2
6
20
15
15
31
33
16
14
19
23
36
21
32
3
17
23
12
13
30
10
0
14
14
30
12
0
5
16
30
23
18
11
17
5
22
1
4
20
12
24
18
6
19
6
21
29
24
9
27
8
34
21
1
15
6
3
20
15
35
20
20
32
35
29
19
33
20
35
19
3
32
0
30
25
34
25
24
1
28
12
24
9
31
3
18
4
3
34
7
4
21
22
29
1
2
31
30
20
19
20
32
30
6
1
33
11
7
4
20
12
16
30
8
4
34
31
27
36
24
27
35
25
3
33
21
14
21
22
0
24
25
16
2
5
12
18
20
33
32
11
0
22
29
4
12
13
8
26
22
23
21
10
7
4
8
18
36
10
34
13
20
17
20
36
16
23
28
25
17
16
30
1
22
6
35
17
19
19
2
4
5
3
9
9
12
25
0
4
30
28
7
29
22
30
31
7
29
21
8
33
3
15
28
0
23
9
23
31
7
1
6
12
16
25
17
4
1
19
18
36
34
13
16
27
23
10
33
6
5
33
29
30
24
27
28
0
20
1
35
36
15
36
15
13
11
28
25
8
33
8
1
11
13
33
11
6
23
33
26
26
12
30
33
2
16
27
4
8
32
18
31
33
9
29
11
9
2
20
26
33
22
15
6
17
6
0
0
20
17
9
17
33
9
18
25
30
35
32
4
29
17
0
24
17
1
14
28
0
13
15
29
5
5
3
14
7
27
22
3
24
11
7
7
35
30
20
15
32
5
25
3
35
21
30
1
26
32
14
5
10
29
22
26
17
23
23
35
27
9
20
35
12
33
3
36
13
30
5
32
35
1
25
