30
32
32
19
4
2
0
10
34
6
33
4
20
19
13
14
36
30
27
23
18
10
34
24
20
34
25
34
3
25
33
4
6
5
35
29
4
11
14
34
4
27
30
3
20
7
25
31
35
10
21
31
2
14
5
29
12
0
36
14
27
25
6
21
33
27
20
1
25
14
19
7
30
30
8
13
35
4
17
32
2
13
5
17
21
28
36
16
2
1
7
8
21
26
24
26
32
36
19
28
35
36
32
33
28
0
25
14
27
28
6
32
23
8
21
34
13
12
0
28
29
34
0
7
26
17
32
25
23
1
3
11
35
19
25
16
16
15
30
27
5
21
29
11
20
21
26
5
11
32
4
31
23
33
36
1
11
20
7
20
3
16
9
19
4
19
20
5
30
13
17
30
29
0
11
26
20
35
15
30
25
33
21
1
29
20
10
31
29
30
8
20
2
35
16
14
22
17
33
32
23
17
21
14
15
22
24
24
20
4
10
20
16
26
22
32
23
18
35
0
10
10
33
19
30
30
35
14
25
10
20
16
26
23
16
4
5
4
12
4
7
26
18
5
32
15
0
24
32
6
12
25
33
11
24
3
9
20
2
34
27
33
14
16
36
12
31
18
5
1
19
19
12
8
34
24
20
11
18
0
34
19
8
29
0
16
34
4
36
33
21
33
15
35
12
25
0
20
17
17
17
27
29
20
10
24
21
17
15
12
4
10
5
19
18
29
20
33
29
21
16
20
11
13
18
4
14
19
28
0
13
9
23
17
29
15
33
36
13
10
14
23
19
33
18
10
30
11
30
4
4
13
36
36
8
22
9
13
35
19
14
2
9
1
1
15
20
35
18
18
2
7
13
30
10
20
8
6
36
12
24
21
31
5
36
30
33
34
12
20
16
33
36
9
23
34
14
1
22
