27
3
36
35
3
21
25
19
26
13
6
35
27
23
33
25
35
19
30
34
28
34
31
23
24
36
34
15
34
7
23
4
26
23
12
35
21
26
2
25
5
0
16
11
8
15
5
35
21
16
14
3
23
8
26
15
32
25
28
9
5
2
23
21
0
5
35
8
36
28
31
15
8
16
30
18
9
34
14
25
29
32
7
30
30
1
5
34
27
10
2
11
0
34
1
32
0
1
32
22
10
14
14
27
8
25
0
9
31
4
33
13
14
29
15
4
23
25
14
4
28
4
18
32
4
7
26
13
36
29
25
14
33
3
35
24
6
22
12
16
22
16
27
17
17
33
19
6
13
34
8
9
5
19
4
18
3
13
25
24
35
7
22
29
4
14
36
3
11
13
34
7
18
35
36
33
2
29
14
34
13
34
5
17
9
6
18
29
26
11
26
4
24
31
26
15
24
25
25
5
7
10
29
1
17
31
27
6
18
4
12
18
14
7
26
23
19
34
0
30
18
7
10
17
16
21
28
13
12
17
35
35
22
8
15
27
24
33
5
9
31
1
7
9
26
16
1
4
15
15
15
32
34
11
29
35
1
13
25
26
13
33
22
23
31
22
22
29
15
24
12
25
10
8
2
26
8
31
0
27
7
21
9
18
9
2
25
1
26
13
14
35
13
1
12
10
26
32
22
11
6
9
13
17
33
12
14
33
31
36
36
9
20
4
24
17
34
27
7
19
18
2
19
35
2
14
36
2
18
27
21
15
8
31
5
16
7
28
35
31
20
23
16
16
24
1
10
36
33
31
19
5
27
22
26
34
14
10
20
13
2
5
14
29
13
22
18
36
5
19
29
8
15
24
7
19
11
10
9
34
4
12
28
22
27
18
25
5
3
7
3
12
8
12
8
12
20
26
13
24
17
2
