8
28
19
29
2
24
10
28
34
31
19
36
31
17
23
3
3
32
10
8
22
6
29
29
13
17
2
13
28
18
33
25
21
28
34
32
18
30
36
1
25
36
13
32
19
17
33
14
33
34
30
3
10
34
27
26
30
32
9
9
18
12
15
32
24
29
9
15
33
6
32
2
27
32
1
4
16
19
0
14
21
33
30
23
36
30
4
20
0
22
25
18
26
23
21
33
9
13
5
22
14
15
18
2
35
19
22
1
28
17
35
1
34
19
20
19
12
8
25
19
12
21
27
29
16
6
31
2
26
28
0
17
16
5
4
4
34
12
1
24
23
25
0
0
31
17
0
4
6
23
14
2
17
22
0
32
22
14
2
22
22
33
28
30
0
5
15
23
33
30
27
28
20
13
26
31
35
0
25
24
14
6
17
21
35
4
22
4
17
16
30
15
30
28
9
7
