30
19
10
28
22
21
13
1
17
9
9
29
33
32
16
25
9
36
5
9
5
12
29
29
14
35
15
8
32
15
8
21
31
35
7
24
19
31
35
1
16
22
13
8
5
36
30
5
28
10
11
5
6
10
13
5
25
0
15
14
4
21
7
9
11
19
1
6
22
31
28
7
23
18
28
22
27
18
2
6
5
1
34
7
9
0
12
25
6
5
22
30
2
18
2
23
28
26
4
14
24
35
10
16
27
2
7
24
22
10
13
14
22
26
29
21
34
29
22
12
29
36
1
13
35
19
19
1
3
2
30
6
17
15
32
4
12
15
32
6
28
2
32
10
28
15
33
29
22
10
0
19
11
14
33
2
20
34
29
28
3
20
5
1
12
20
24
17
10
32
4
20
29
10
28
16
18
8
7
11
29
1
0
24
9
15
26
20
12
10
19
9
0
9
23
18
