11
33
33
17
5
33
10
2
10
7
27
15
21
31
24
32
32
33
4
30
31
5
12
34
17
25
15
18
11
25
0
33
23
10
21
9
21
27
28
25
28
36
31
6
23
1
16
28
26
13
7
6
27
20
31
17
14
7
28
19
24
32
28
12
1
25
12
20
11
13
20
20
33
9
5
0
24
23
3
32
31
4
23
33
16
16
20
7
4
16
0
14
35
26
6
15
9
22
3
32
2
14
7
14
15
22
31
13
22
16
25
5
34
36
24
0
9
21
24
11
26
23
0
26
1
22
11
23
6
14
0
1
25
25
0
16
20
28
21
21
10
0
32
23
23
4
1
27
0
4
7
35
28
16
15
15
19
13
28
0
0
23
31
5
19
30
30
21
36
0
24
26
7
7
19
8
15
28
28
12
26
9
20
31
17
15
28
11
19
11
0
27
5
20
36
27
22
