9
26
30
17
33
26
29
21
15
32
14
27
20
21
28
0
5
8
7
29
14
14
0
30
19
34
23
21
1
1
29
3
27
8
4
28
22
30
31
8
24
23
33
1
3
34
19
4
9
7
26
35
31
9
22
0
21
5
30
13
1
16
9
6
34
25
19
29
26
18
25
31
9
26
15
36
10
8
12
3
20
17
18
35
1
28
19
15
6
9
16
15
34
31
0
10
8
10
0
16
2
11
20
16
36
25
23
15
27
28
6
17
33
16
33
13
24
27
30
12
14
6
20
26
21
5
21
8
22
4
23
25
4
12
22
8
6
30
14
5
28
10
8
16
34
5
34
1
27
1
7
28
15
0
4
16
18
33
13
24
24
36
6
3
2
26
35
33
2
29
32
16
18
26
9
29
16
9
23
22
17
3
18
5
33
33
25
5
31
15
31
11
2
36
24
1
31
