17
28
32
26
14
11
0
29
17
23
35
11
35
26
5
26
18
34
22
32
25
16
35
7
17
18
4
27
29
5
4
32
18
10
8
20
13
27
28
27
22
21
7
19
1
7
4
18
22
30
20
19
17
19
3
18
6
19
1
26
28
13
32
35
0
28
4
17
32
24
32
26
13
21
1
1
16
22
29
28
10
36
5
36
7
0
11
16
35
25
7
24
6
16
24
26
19
9
25
24
8
31
20
5
18
21
21
16
2
18
15
10
14
25
1
20
28
19
2
8
35
3
19
8
2
25
6
11
35
32
30
25
26
24
20
31
7
24
31
11
21
30
15
4
18
2
29
21
33
26
20
11
8
18
6
21
27
4
6
22
14
21
23
5
17
4
31
15
28
32
27
16
1
0
9
30
6
34
31
20
5
23
34
24
7
31
15
10
2
3
29
21
19
15
26
11
30
10
27
