8
29
36
13
27
15
14
24
14
21
17
13
18
34
7
19
24
35
33
3
21
18
6
29
26
25
27
30
29
13
21
10
31
3
18
21
24
5
18
29
24
11
28
33
28
21
11
36
22
13
9
16
4
24
18
6
19
4
16
14
16
1
28
31
22
16
20
10
13
4
4
31
20
3
32
30
19
34
22
20
4
4
7
23
15
11
9
35
19
21
18
36
3
7
36
31
16
10
28
33
34
12
15
16
34
7
28
2
23
28
20
19
7
35
32
10
15
13
36
14
15
4
15
33
17
13
0
1
5
11
29
0
2
35
5
20
23
7
26
23
4
34
32
29
33
36
31
7
5
16
1
10
36
25
34
34
24
22
10
32
19
2
14
23
33
24
36
25
24
25
12
27
8
14
28
30
1
22
18
7
32
31
24
30
9
17
20
25
11
7
17
13
29
10
16
5
34
36
21
33
15
32
