5
8
26
13
16
27
10
0
5
0
20
26
2
22
22
19
22
17
25
25
30
28
1
29
13
9
24
3
1
29
36
5
27
6
17
21
31
34
27
26
22
33
28
16
32
11
32
25
21
30
12
33
21
7
30
22
1
3
29
34
7
29
18
4
35
0
35
23
23
6
7
3
29
33
1
17
22
3
27
35
14
0
27
0
2
20
13
23
12
20
7
25
9
26
20
33
7
10
23
22
15
19
15
1
7
31
17
21
8
8
7
29
29
22
0
22
8
30
10
14
18
15
1
5
35
1
0
2
32
8
17
3
36
13
25
11
32
18
4
13
21
35
7
16
3
34
9
6
31
35
22
18
23
35
8
3
36
17
7
8
0
3
26
3
14
27
35
21
5
14
5
23
23
20
10
15
32
13
9
33
21
10
13
20
28
33
10
30
30
9
1
34
35
16
30
32
12
18
12
