4
10
31
27
23
14
27
18
0
21
15
7
14
31
6
5
5
12
35
22
12
21
8
7
20
35
7
7
15
26
12
16
8
1
31
26
14
8
29
9
17
5
18
12
7
30
5
23
23
7
25
18
22
19
11
14
17
4
13
23
28
18
28
13
1
15
14
15
3
35
2
34
30
6
30
2
23
27
22
3
17
30
24
18
18
20
18
19
7
1
20
17
27
1
30
25
7
20
27
21
36
31
25
7
2
34
10
36
33
21
24
25
4
24
35
33
32
24
10
21
23
8
5
34
31
28
33
15
27
25
32
8
5
31
15
22
9
31
12
14
10
34
26
12
19
1
11
1
16
35
1
36
36
32
21
16
17
9
27
13
20
5
17
30
30
17
27
32
24
24
2
15
25
34
20
19
17
25
0
34
28
19
24
14
34
16
19
16
7
6
10
15
27
3
26
10
9
