32
16
5
19
22
27
8
13
3
27
25
17
26
12
2
33
19
15
2
17
14
11
22
15
14
33
7
26
26
6
25
27
10
24
16
7
9
28
20
12
31
17
19
34
22
26
4
24
34
17
20
7
13
17
18
12
24
14
25
32
27
29
27
23
5
16
6
30
6
14
16
28
25
34
13
25
25
6
18
33
35
16
7
6
19
22
23
22
33
0
21
4
27
13
12
22
3
22
5
20
7
9
27
21
26
33
6
27
17
12
21
35
27
30
26
4
4
29
5
3
17
18
11
4
17
21
10
2
7
31
21
2
23
11
4
7
18
14
18
33
8
20
27
17
25
2
11
1
22
4
33
24
16
28
18
25
12
30
11
6
22
1
25
29
7
10
32
28
13
3
33
3
5
2
10
4
3
32
6
21
17
8
5
35
4
32
11
31
8
20
23
6
9
17
6
1
2
