20
36
35
7
34
16
13
19
20
17
14
12
3
18
27
21
25
2
33
12
16
1
8
8
33
34
7
13
1
36
32
34
35
8
36
4
6
24
4
14
15
5
23
11
8
4
1
1
20
28
13
36
35
0
14
21
28
29
14
30
9
5
33
27
3
34
25
30
34
10
13
1
34
18
28
20
13
16
29
33
30
25
29
33
7
23
13
32
27
29
8
35
7
36
17
30
15
5
10
8
28
31
9
7
32
23
4
6
21
21
31
28
4
26
7
10
11
28
1
10
24
1
11
24
19
2
2
13
23
8
8
33
31
22
6
26
12
9
23
35
35
26
15
6
22
3
4
28
3
3
33
6
13
24
34
35
2
7
14
14
0
24
11
21
9
9
1
34
6
26
6
29
22
1
34
13
5
24
20
19
9
16
18
17
34
35
0
27
17
0
24
34
32
32
35
27
35
24
18
27
