6
24
8
5
35
17
14
15
34
26
26
32
36
33
22
22
7
21
28
1
28
29
16
19
16
16
32
17
18
6
22
30
0
4
8
31
31
2
32
15
33
29
24
27
30
27
14
21
20
2
16
32
1
11
21
29
9
25
8
11
34
35
33
18
23
28
4
35
16
25
19
28
29
2
31
9
29
35
9
15
20
4
31
32
35
26
34
15
2
10
26
3
18
14
24
4
22
26
28
18
2
8
4
22
28
23
30
36
3
26
30
31
15
4
10
26
22
6
6
34
25
27
11
36
7
5
26
30
2
27
21
36
7
17
29
30
11
10
27
6
8
28
23
33
2
15
23
0
15
14
26
9
8
30
19
24
23
6
5
31
28
27
12
15
0
15
16
16
27
11
23
8
27
12
1
20
20
8
20
5
5
26
26
22
16
3
10
10
30
11
19
4
31
15
3
11
23
29
35
3
