15
12
24
17
9
2
14
5
27
36
1
25
32
32
25
16
28
6
24
26
30
35
8
19
16
36
19
28
2
36
14
33
32
16
33
0
9
28
6
9
0
4
6
19
6
34
17
2
10
16
5
24
7
33
13
36
35
13
6
33
7
26
33
8
0
29
15
32
8
0
23
22
16
12
8
27
14
14
24
31
8
32
18
22
16
20
34
8
35
24
8
18
19
25
7
1
6
33
29
11
20
8
17
4
24
35
15
29
33
15
2
1
32
9
1
19
16
19
17
24
30
16
24
10
6
34
36
20
6
27
4
25
32
22
13
26
22
31
22
11
9
4
6
7
33
20
16
20
12
3
20
12
5
12
17
33
35
3
11
2
16
4
24
7
20
32
18
14
29
14
4
31
8
12
7
30
2
8
26
18
14
31
14
11
21
20
3
8
0
11
26
33
20
3
6
14
8
35
