18
15
16
20
6
0
32
28
12
0
5
30
9
8
18
3
9
36
32
22
21
17
25
19
17
34
10
15
30
12
6
18
12
1
3
10
3
7
25
1
0
2
27
1
8
16
1
22
15
7
21
8
6
8
13
26
7
20
25
10
12
17
35
22
7
4
32
22
7
12
22
6
35
0
32
26
4
0
22
34
12
22
30
30
21
3
0
34
29
17
14
25
17
17
2
14
21
23
8
14
4
8
4
7
19
11
4
32
4
35
29
3
34
3
19
2
15
3
1
30
36
8
10
19
1
27
17
12
10
18
19
10
18
11
5
36
27
24
31
26
0
36
1
3
35
18
29
29
30
15
1
27
23
25
13
12
2
9
13
27
24
18
8
13
31
30
3
9
4
31
20
36
7
10
20
1
22
13
10
16
24
10
26
2
9
27
17
27
5
31
0
2
15
6
1
9
26
21
9
