30
31
36
18
16
10
9
7
15
25
9
19
4
2
24
28
8
9
27
17
2
23
0
28
21
23
31
6
15
4
22
31
29
11
30
0
3
31
24
9
4
8
27
31
2
8
20
15
24
21
21
5
10
28
31
22
29
26
1
22
15
10
10
30
33
22
35
36
20
23
28
4
3
27
19
18
24
1
27
20
10
1
35
19
22
1
1
22
10
28
25
18
13
35
27
3
22
8
11
28
12
36
29
36
34
34
26
17
19
12
25
20
25
30
16
27
31
4
9
2
7
1
27
30
19
1
6
33
8
0
26
18
16
0
21
22
1
22
33
19
17
31
12
0
23
35
4
15
20
23
9
26
22
16
19
15
27
33
8
18
15
33
8
7
5
29
17
13
36
2
5
22
12
17
13
36
11
9
31
32
18
10
16
29
7
9
32
22
12
29
34
21
8
36
31
36
26
7
