4
20
0
29
8
36
15
14
35
16
5
4
30
33
35
30
25
33
6
23
23
22
9
18
27
22
28
21
14
34
3
23
6
33
13
3
27
28
11
36
4
8
33
4
23
8
32
15
2
28
22
3
11
1
8
32
3
4
32
25
17
16
8
11
18
33
22
6
1
15
9
25
36
28
30
31
9
18
26
30
14
8
21
11
35
19
12
1
31
9
12
18
35
25
11
32
23
5
29
21
2
21
1
35
14
2
35
34
24
12
16
7
33
17
3
35
25
21
35
7
35
27
11
13
8
19
13
0
6
20
28
18
16
9
34
31
26
4
6
13
29
11
22
19
23
36
19
2
32
22
15
32
19
34
21
31
31
32
20
20
35
36
24
26
23
2
23
14
22
8
2
0
25
14
19
20
19
24
24
8
16
31
17
36
35
4
15
26
20
31
29
20
6
0
18
32
16
14
9
