7
8
32
0
0
34
0
9
28
12
0
15
22
6
8
32
32
27
23
31
33
2
33
28
33
15
22
22
17
19
0
21
24
13
7
26
0
30
31
31
5
17
4
0
10
0
33
12
8
14
11
5
33
26
24
0
9
30
35
2
29
27
5
30
21
34
26
26
33
34
24
25
18
24
7
12
33
22
16
30
0
3
11
8
36
19
26
26
30
18
12
15
5
19
32
23
3
21
34
20
25
22
36
8
2
2
3
24
2
19
0
1
20
32
5
34
29
20
0
32
29
18
21
18
11
17
22
23
34
26
3
2
9
33
7
2
8
7
31
18
27
4
21
19
7
17
33
17
1
0
18
13
10
15
0
16
19
15
9
15
21
4
21
8
24
36
16
26
33
4
36
14
36
34
33
24
11
36
4
29
7
14
33
7
20
0
4
13
4
3
29
7
15
15
4
17
7
28
11
