13
9
8
9
8
25
28
12
21
5
12
4
26
33
34
21
3
17
19
7
21
32
12
16
23
31
18
4
21
6
6
3
14
18
3
36
31
31
15
10
26
2
28
13
31
10
36
35
8
31
31
35
18
16
16
24
9
10
26
8
2
21
3
12
12
13
11
26
35
1
9
26
2
25
22
12
17
5
6
16
26
32
23
19
20
35
0
4
2
35
13
15
21
4
31
11
15
8
18
29
7
35
0
27
7
35
30
15
21
1
34
14
29
6
30
2
27
36
0
21
20
26
18
4
10
12
33
25
3
29
33
28
25
2
6
4
27
34
19
13
29
16
27
28
26
3
23
0
22
22
29
22
34
22
16
3
3
7
7
33
3
29
27
13
26
27
33
12
14
23
0
11
33
0
3
12
34
1
29
20
3
30
18
5
13
20
5
18
13
6
13
30
28
6
2
9
10
14
28
16
