32
33
1
5
26
12
1
1
36
33
10
33
5
30
34
27
16
34
0
1
10
17
16
18
35
28
10
32
16
12
24
17
31
19
36
26
33
26
22
1
12
20
6
19
22
19
10
10
28
10
29
4
35
1
13
23
35
27
20
26
13
15
21
27
15
12
28
20
5
24
28
17
11
14
6
24
23
23
17
27
15
1
15
12
8
27
4
11
12
2
25
9
34
3
29
27
33
33
2
14
3
29
17
15
25
14
17
3
13
34
8
34
12
10
30
32
20
9
10
13
34
31
33
29
32
11
30
0
9
30
7
36
7
18
25
36
27
8
27
2
18
36
3
12
21
14
8
6
5
1
12
24
31
12
32
29
29
35
30
36
26
15
10
7
6
32
25
18
24
1
8
13
19
30
12
32
34
20
35
31
6
10
18
6
5
18
15
31
36
17
36
11
32
9
29
20
15
6
