24
6
29
8
14
23
29
7
21
14
25
32
18
25
33
15
36
4
8
5
6
23
36
34
31
9
30
16
24
34
23
15
28
23
3
33
26
7
1
17
4
18
30
23
6
23
30
35
25
8
0
3
14
23
25
21
25
2
30
36
26
27
13
32
29
4
34
14
2
7
23
12
1
18
22
30
29
18
32
36
36
36
6
23
22
24
21
25
1
18
30
36
13
11
15
18
10
7
28
24
18
17
27
0
16
6
33
1
0
28
36
24
16
4
26
26
27
6
21
19
36
29
19
13
19
5
10
6
19
0
26
16
31
12
34
4
21
26
20
6
29
15
27
5
11
20
30
22
0
23
23
5
17
9
33
23
15
1
21
21
13
25
20
22
5
25
9
27
12
17
21
36
34
35
25
29
2
9
8
0
0
31
27
8
30
3
13
34
10
1
33
15
5
12
30
36
24
26
7
