32
20
12
15
33
16
27
33
3
16
31
34
30
25
5
5
22
34
33
26
8
0
26
29
6
14
12
2
18
32
2
12
22
1
6
12
31
26
8
16
36
19
10
26
8
32
35
1
3
29
11
34
29
29
7
35
35
8
29
18
36
11
9
0
30
29
2
11
13
3
32
9
11
29
31
34
30
22
15
4
10
9
36
16
32
19
6
27
14
29
31
8
27
6
4
35
0
24
21
15
12
0
24
29
33
17
21
35
33
28
30
34
9
23
16
30
22
16
6
23
28
36
5
19
22
0
21
18
2
3
27
2
36
17
32
15
28
17
8
3
2
26
31
34
24
6
22
6
34
19
20
16
4
20
17
15
16
19
20
7
33
9
22
2
24
2
18
19
8
26
14
11
11
7
18
21
19
27
23
23
22
26
26
6
29
36
23
17
22
0
21
21
3
4
7
2
31
32
28
0
31
