12
33
16
6
23
10
4
9
7
36
29
16
23
8
5
16
12
8
36
6
7
21
33
21
13
12
32
11
30
35
31
4
17
9
5
0
19
15
13
26
21
25
4
10
12
15
6
13
8
33
32
32
31
32
9
23
29
36
10
11
26
24
32
25
34
30
33
3
6
0
6
33
27
2
23
23
18
24
16
22
16
21
20
4
9
18
12
16
0
36
8
20
31
31
17
2
0
31
31
31
14
5
2
30
3
36
26
2
18
30
9
21
2
24
27
4
21
15
4
36
20
5
33
10
3
14
22
29
26
36
32
4
3
1
21
9
3
8
19
21
34
13
22
27
9
7
16
30
29
9
7
7
20
13
14
32
22
34
36
22
17
22
17
11
9
16
24
19
19
11
16
13
27
11
33
4
9
25
24
19
19
22
32
21
0
3
26
12
33
4
21
27
31
30
34
8
