10
1
3
29
22
2
22
3
9
6
33
33
11
21
2
6
19
5
32
34
24
26
0
30
3
8
35
15
1
23
21
17
5
35
11
31
6
4
36
30
3
3
22
20
8
14
5
25
29
35
12
13
33
33
14
27
4
10
20
36
36
36
24
3
7
13
32
21
22
21
31
12
31
6
5
12
19
4
18
2
6
4
10
7
17
36
3
2
29
15
27
20
29
9
32
10
22
5
17
25
16
13
32
18
7
2
24
35
17
14
23
6
21
17
7
6
19
17
21
12
30
34
9
35
21
9
26
33
31
33
28
7
36
29
22
23
19
11
27
24
20
26
35
4
33
25
21
3
17
30
17
8
27
1
27
3
6
28
0
36
4
0
7
32
35
2
8
36
23
1
19
2
35
35
12
34
16
0
17
13
16
27
22
27
17
10
16
5
35
7
16
11
1
30
35
10
7
24
