27
7
11
28
3
0
32
30
7
4
34
25
27
28
31
6
35
13
25
14
35
15
7
31
12
0
12
28
36
18
9
14
29
15
34
17
19
29
32
26
5
32
20
13
35
14
17
15
2
35
8
6
5
22
12
25
11
9
29
1
16
10
0
13
21
3
36
18
27
19
14
20
1
14
15
22
17
20
10
11
34
33
19
35
21
33
36
14
4
10
8
25
13
30
0
5
0
19
26
22
24
35
15
10
14
21
16
36
11
19
14
9
25
7
26
4
4
33
32
3
22
7
6
11
16
7
6
27
5
16
36
24
15
0
36
20
24
26
15
33
21
26
0
10
12
6
27
30
22
4
15
8
25
4
3
20
5
20
15
20
2
23
31
13
10
26
4
28
16
6
19
8
33
26
22
33
27
29
17
22
36
21
27
21
12
4
28
35
28
31
28
29
12
14
3
25
29
0
