10
2
31
29
9
35
5
5
15
22
11
26
10
34
33
7
27
21
3
21
24
24
11
6
25
30
3
12
18
20
11
23
18
12
12
2
5
28
0
20
0
4
25
16
21
17
36
26
30
22
11
4
19
24
12
25
14
2
1
35
22
10
9
16
26
25
32
16
18
7
1
26
26
22
15
29
19
13
33
22
8
20
27
13
3
29
14
11
13
23
5
18
6
27
3
22
24
10
1
7
19
26
9
32
13
9
33
27
29
15
22
13
21
26
10
5
24
32
2
7
27
10
19
17
25
3
2
35
15
1
20
29
14
25
0
5
11
31
36
21
25
22
34
27
27
17
22
30
5
27
16
5
26
33
29
18
14
21
11
21
26
20
29
0
20
34
16
36
24
28
27
13
19
33
35
19
21
34
34
2
5
22
25
7
1
5
20
27
21
23
36
13
6
18
26
34
