3
34
13
26
7
1
28
20
5
27
16
14
18
16
6
36
35
22
31
22
17
8
4
12
21
15
15
27
25
3
15
36
25
9
23
6
22
1
35
8
27
32
14
2
21
33
4
3
8
26
18
11
16
10
30
36
34
9
1
5
10
4
31
12
20
19
24
1
24
0
11
2
2
19
25
6
8
9
14
31
0
10
35
5
7
32
23
9
31
23
4
22
8
31
13
2
29
8
10
13
6
35
36
14
14
5
30
24
31
26
32
3
28
27
22
31
2
32
6
32
14
13
11
16
19
9
20
12
21
34
36
19
18
13
17
12
27
29
19
5
31
30
26
9
23
12
4
31
16
26
25
14
28
31
14
20
34
25
34
29
2
31
26
18
18
20
24
4
27
23
19
26
3
35
25
30
8
16
26
4
2
29
30
27
7
36
7
19
20
23
19
9
17
10
10
3
2
14
24
