11
7
23
8
18
20
13
8
32
31
6
13
5
29
13
20
15
24
31
27
14
16
35
18
28
16
27
23
19
9
34
15
4
24
8
27
17
18
19
4
28
29
30
36
10
36
1
36
1
23
26
20
7
23
30
33
12
33
13
17
0
16
0
27
19
7
33
18
32
23
34
0
34
28
0
32
9
23
1
16
12
22
12
11
6
12
22
30
7
27
24
14
21
9
18
0
11
9
2
21
34
18
6
32
24
19
30
2
2
9
5
20
24
30
11
32
11
0
1
29
18
16
33
35
33
15
29
25
22
13
35
15
11
6
11
14
4
6
24
36
5
16
0
9
2
7
3
12
21
21
25
5
15
28
15
17
36
11
9
20
33
8
27
26
5
21
6
18
27
29
8
2
22
27
21
34
14
35
18
30
13
35
10
36
14
34
22
7
31
8
27
26
8
35
12
19
