22
2
12
24
14
19
16
20
26
21
30
32
12
12
5
6
31
27
26
4
14
31
27
2
9
32
4
13
4
16
23
31
16
21
11
18
26
17
31
9
7
26
22
21
27
9
10
5
11
5
12
17
0
31
31
8
17
13
1
36
6
28
3
6
4
6
29
18
35
0
21
9
6
23
15
33
5
5
36
34
20
25
36
20
3
1
12
22
18
12
20
22
12
4
0
33
26
18
34
32
0
30
36
21
14
21
6
14
28
18
17
21
10
17
33
26
32
1
2
20
20
15
33
30
8
17
34
32
18
1
16
26
7
20
4
13
21
17
5
9
31
8
25
34
11
21
9
33
34
33
23
35
20
28
24
14
13
7
3
5
21
15
17
7
24
10
25
29
24
5
31
18
29
33
25
2
1
20
14
27
27
30
17
31
30
22
9
27
7
28
25
0
26
8
22
32
34
1
24
