5
27
36
29
7
24
16
6
28
29
4
34
31
25
24
5
2
9
16
31
22
27
6
3
35
29
32
5
7
5
33
22
27
21
0
27
10
24
24
9
29
30
17
28
9
18
13
25
26
21
34
27
19
33
5
1
8
24
7
1
12
15
3
6
0
4
21
27
34
25
17
11
14
9
0
1
29
23
32
9
6
3
35
15
0
34
11
0
1
3
12
24
25
8
11
28
28
22
12
9
25
1
33
28
10
12
36
25
1
6
30
0
11
24
24
23
16
6
4
9
8
14
11
35
1
32
19
27
4
8
30
18
6
9
19
0
36
15
6
8
0
22
23
31
32
0
34
36
3
20
31
34
17
18
14
26
20
1
33
30
12
19
24
10
34
10
32
14
7
15
36
25
26
30
20
13
15
14
36
13
10
19
15
32
16
36
30
8
19
10
32
13
3
36
2
3
21
