33
31
31
20
34
3
2
10
20
19
32
16
0
4
21
18
22
28
31
10
5
22
25
31
3
29
12
36
6
29
19
3
24
19
6
2
11
2
8
18
25
0
23
30
17
21
35
28
36
11
30
16
23
31
26
4
35
31
19
6
28
32
16
4
32
12
34
35
6
21
7
35
1
22
19
30
24
30
12
16
15
31
17
33
19
25
29
25
32
34
24
8
8
24
2
26
21
15
4
5
9
4
6
3
15
16
9
5
5
21
27
33
28
13
27
34
11
6
9
19
1
23
36
24
5
34
22
4
24
11
28
0
3
2
20
16
3
10
26
20
22
4
1
14
31
23
11
20
28
14
22
5
26
19
2
36
23
3
14
17
7
33
11
21
6
16
25
18
14
2
26
23
27
5
35
31
4
16
12
2
17
21
15
10
11
21
28
29
14
4
35
12
30
7
29
22
0
35
31
20
22
