7
10
27
12
16
27
14
25
32
35
10
25
0
7
8
1
0
27
22
8
9
32
26
31
36
5
22
3
12
17
26
11
21
2
0
35
22
34
23
36
32
27
6
3
14
11
2
21
9
23
36
24
18
3
15
28
14
13
9
20
20
6
8
2
23
33
32
15
11
24
9
14
29
27
17
31
10
11
1
14
3
35
0
36
25
19
13
22
1
4
11
29
14
2
25
36
15
26
29
8
17
27
10
7
0
36
11
31
2
17
19
5
36
16
29
0
35
7
19
0
16
31
20
27
3
26
15
13
26
2
14
4
10
34
15
14
4
6
1
4
12
12
17
23
35
22
33
17
21
19
21
35
30
19
36
6
6
11
11
5
7
22
30
19
36
33
33
35
16
15
10
12
14
8
20
21
16
1
36
2
5
27
28
0
21
25
5
23
12
24
13
31
22
34
10
29
