10
17
20
24
17
30
10
17
32
9
3
34
25
3
2
0
20
21
14
4
4
27
5
4
32
10
2
12
17
24
6
28
18
13
2
11
23
36
2
8
24
22
10
2
27
9
21
36
16
15
20
21
33
22
29
21
13
28
2
32
2
11
8
8
13
33
2
8
26
10
34
18
26
25
25
28
27
17
14
18
32
35
30
19
0
23
29
26
2
24
31
35
33
12
19
15
1
16
6
24
32
13
27
35
24
12
17
11
20
15
6
35
10
22
9
19
9
20
27
3
30
10
25
13
33
23
16
8
31
18
1
26
11
26
2
28
19
21
0
23
8
19
0
31
7
15
22
34
15
24
1
35
15
34
25
28
14
32
12
21
15
15
19
12
0
9
20
3
20
24
7
19
28
31
2
35
19
28
10
1
13
32
35
15
19
20
29
13
29
31
3
15
30
9
33
0
9
5
