18
30
32
9
21
22
7
22
28
2
4
23
35
31
25
14
24
0
15
20
4
16
17
35
14
7
5
24
8
4
23
24
7
30
0
3
17
12
9
11
34
25
7
22
14
34
31
8
1
12
34
15
33
18
16
34
6
28
31
11
9
22
5
7
10
31
18
19
26
1
19
22
30
15
33
13
33
0
4
31
12
12
18
1
32
12
17
7
30
27
29
2
17
15
11
0
9
6
5
15
2
1
5
31
20
15
10
34
35
28
29
0
33
5
29
5
27
36
27
32
30
34
17
23
32
32
21
25
13
1
29
32
35
15
15
28
31
23
14
18
1
2
10
18
22
27
9
15
36
4
12
23
30
5
2
36
30
29
19
15
6
32
2
18
25
0
5
26
20
8
31
16
8
18
20
5
32
3
9
21
36
33
5
9
7
0
29
8
22
31
28
27
33
36
14
28
30
13
