17
32
10
3
4
15
23
7
0
35
17
35
32
10
0
28
32
15
29
27
21
18
32
14
5
27
24
28
17
3
21
24
2
10
12
36
34
24
7
20
34
0
28
18
19
2
29
0
5
35
15
23
24
1
27
30
9
36
36
24
3
5
1
15
33
19
21
9
7
24
1
36
34
23
4
11
26
33
9
4
20
32
4
23
21
1
19
1
35
26
15
22
21
33
19
10
26
11
28
30
16
28
0
14
24
9
35
36
9
27
15
14
12
21
30
7
14
24
7
2
30
36
10
22
32
27
23
32
16
15
20
9
33
30
31
11
28
0
16
4
17
36
8
4
27
23
35
34
30
4
10
13
21
18
1
31
1
16
28
19
36
27
8
31
1
11
9
14
24
9
31
26
10
1
35
8
13
28
23
21
5
32
2
17
5
18
17
10
14
22
31
36
28
24
10
27
28
