7
9
16
19
19
0
1
30
8
7
11
10
5
6
14
35
36
31
19
1
14
1
24
32
27
6
16
23
0
32
17
1
31
9
29
11
33
10
32
25
35
21
15
28
25
21
7
15
24
13
11
5
25
24
34
12
6
15
21
0
9
24
9
24
21
34
12
17
20
24
14
36
34
7
25
17
18
7
21
27
13
10
6
28
6
18
31
32
17
25
15
28
10
25
30
30
26
1
14
18
4
27
18
4
3
1
15
9
31
7
25
5
3
8
32
20
24
29
4
1
12
4
22
10
32
29
18
16
26
3
35
18
23
14
25
9
24
24
7
35
20
29
10
33
36
11
3
32
29
20
7
21
0
18
3
5
20
5
14
13
9
35
12
34
35
17
4
36
35
28
6
21
15
23
18
15
16
27
1
4
0
30
12
11
17
31
15
3
22
20
14
36
35
4
22
18
12
