32
4
3
2
24
8
4
12
5
21
16
22
24
6
10
11
7
15
4
33
30
3
35
17
14
25
7
26
18
33
8
35
16
8
29
33
34
17
23
26
4
8
5
15
5
14
1
10
33
17
18
9
24
33
28
25
27
31
18
15
11
31
33
1
10
27
7
6
7
0
2
15
29
19
10
12
29
30
7
19
2
35
26
30
29
26
32
17
28
5
12
21
4
34
13
19
34
9
16
17
1
33
3
24
27
6
27
6
25
15
1
8
3
6
4
33
19
15
23
12
19
13
19
22
33
26
30
29
25
36
15
0
1
4
31
3
24
3
35
17
36
11
20
28
8
15
27
11
31
10
6
4
26
30
23
9
23
18
19
17
11
26
8
15
22
22
7
15
30
7
12
7
36
19
36
10
24
23
18
11
7
0
36
5
4
20
23
7
27
28
0
17
19
27
18
6
27
33
