25
14
7
14
36
12
14
15
24
23
27
28
24
21
35
13
21
30
17
17
21
26
35
29
15
6
15
6
12
2
18
32
0
3
21
36
15
28
15
7
18
28
35
7
9
8
23
9
15
29
13
6
7
20
24
20
5
20
11
1
21
23
0
22
21
24
3
32
1
16
10
29
1
4
12
25
19
17
0
7
34
10
30
4
36
12
14
0
19
1
8
14
13
6
36
3
1
33
3
21
26
10
9
21
36
30
4
27
1
1
28
28
26
22
28
14
11
36
25
36
29
13
0
16
3
34
33
17
30
33
10
0
14
5
3
32
34
7
22
1
14
24
16
1
19
17
20
21
17
22
8
2
20
22
3
20
24
23
14
29
27
19
19
27
33
12
28
3
26
12
25
35
24
11
22
2
7
24
3
14
26
13
13
0
28
27
33
18
34
5
9
35
30
17
17
8
29
18
29
5
