28
2
0
32
16
15
23
34
12
33
8
5
21
24
7
23
29
35
8
31
27
21
17
8
35
18
27
5
13
15
7
12
30
1
0
7
7
29
0
18
25
36
7
13
29
24
34
27
8
17
20
4
24
19
25
1
31
29
4
36
31
18
5
5
26
18
16
32
8
6
12
23
26
3
2
31
12
4
20
1
35
16
2
11
14
14
4
31
33
20
13
5
29
4
8
22
6
1
5
6
4
3
29
19
5
7
24
12
11
29
15
3
9
25
20
0
7
11
23
12
25
16
7
3
3
31
23
19
22
0
22
7
20
29
14
24
12
16
14
26
3
9
14
14
12
0
9
9
14
19
31
4
14
24
29
3
18
9
16
1
4
13
35
1
24
2
0
28
20
14
22
7
30
18
14
27
20
20
18
12
1
2
15
4
8
34
31
16
2
17
5
23
32
9
30
34
16
27
8
3
26
36
