10
27
32
31
21
10
5
1
10
5
1
0
36
28
30
13
16
17
19
9
16
25
4
1
26
20
8
10
23
15
33
5
4
32
5
26
1
8
17
31
3
28
5
23
27
26
6
28
0
16
23
34
7
22
19
0
9
9
33
8
18
21
17
9
36
32
20
17
31
29
33
14
14
2
6
29
11
13
25
28
12
17
19
22
15
26
1
25
1
22
33
30
12
32
10
23
2
6
5
35
30
27
18
21
14
18
27
10
7
25
3
33
31
36
3
7
22
3
0
25
36
21
8
12
16
21
28
25
10
17
0
1
0
34
15
13
31
25
27
7
20
6
15
1
24
21
24
15
36
27
12
14
32
27
6
35
12
20
7
34
10
0
3
1
36
24
34
20
12
26
11
12
22
30
24
24
9
3
35
16
21
8
28
17
36
24
32
23
16
11
17
25
7
30
28
21
23
5
19
23
