16
16
22
27
17
32
12
7
28
4
25
32
22
25
13
0
34
16
25
26
16
15
35
8
5
29
5
28
6
36
13
25
20
19
5
2
28
23
18
5
35
6
0
10
31
34
8
6
19
25
35
23
18
12
35
13
6
6
23
4
35
31
32
21
10
16
23
11
13
2
31
32
4
3
29
31
26
8
33
7
17
32
27
1
8
7
22
14
0
11
33
30
22
25
27
36
13
25
11
19
32
18
18
6
36
4
30
10
18
3
35
15
1
13
13
5
34
28
36
25
32
29
2
12
31
14
21
7
2
35
8
20
12
3
23
8
3
30
20
35
3
25
33
25
7
32
4
22
31
21
23
10
32
36
23
13
22
25
9
13
4
27
21
8
16
14
6
5
35
30
13
2
15
0
26
16
8
28
36
30
26
35
2
22
11
34
10
35
20
30
19
3
32
9
23
16
32
28
