31
7
7
7
15
21
33
2
33
13
18
33
35
31
9
34
19
20
11
23
30
12
29
9
12
20
1
33
12
36
17
0
5
11
22
0
24
16
28
19
6
7
5
11
14
28
28
6
29
32
13
34
17
1
7
19
5
19
16
3
3
10
31
1
3
5
29
11
6
8
18
24
28
34
29
34
3
23
36
16
28
32
23
4
13
20
24
13
2
30
7
7
8
18
34
11
19
8
1
12
3
32
27
24
20
8
28
11
0
11
29
8
12
10
29
11
35
13
28
8
9
9
6
9
15
18
31
10
3
10
12
25
4
1
30
34
16
20
19
26
24
24
16
28
6
8
2
23
33
23
0
3
16
17
4
16
30
34
5
12
12
2
36
15
35
33
1
3
31
11
14
8
10
19
12
20
26
10
12
35
26
17
28
9
15
10
2
11
34
35
34
16
21
5
0
0
11
17
18
0
