5
23
11
28
13
20
19
15
9
36
28
20
26
30
14
19
13
15
7
3
26
2
35
22
19
10
23
9
21
11
3
2
6
21
19
21
19
6
25
18
11
20
15
3
15
13
33
0
10
3
11
13
25
17
9
4
34
11
7
31
18
1
21
12
1
5
4
16
1
14
31
19
32
34
31
34
22
32
12
31
9
20
25
10
20
13
13
22
1
20
29
10
25
27
0
17
35
8
30
19
14
20
24
0
18
14
20
32
12
17
1
26
23
7
31
9
7
9
2
17
32
7
35
1
13
28
22
27
7
27
9
21
13
17
36
16
2
27
35
0
9
11
16
13
21
24
25
12
20
29
20
27
26
19
15
36
21
11
14
8
26
33
33
18
4
30
11
35
31
4
7
24
8
24
32
23
6
3
21
27
13
15
7
36
35
14
22
2
11
5
22
23
12
25
30
1
24
23
