10
7
6
9
36
30
20
30
14
26
35
28
3
14
36
16
9
19
28
10
2
31
17
27
26
32
0
19
0
3
22
7
31
26
26
5
12
9
6
10
33
8
24
1
24
4
1
12
12
25
25
18
31
2
21
16
1
22
8
4
12
0
17
31
18
17
9
3
30
36
35
6
20
6
20
35
19
34
15
5
13
36
31
15
24
11
4
8
28
19
24
0
26
13
0
27
32
34
18
22
8
0
22
4
27
33
17
19
24
10
29
18
13
27
15
9
35
32
3
7
11
7
1
34
12
7
26
5
24
23
36
11
10
29
7
22
9
6
30
16
10
12
12
7
8
30
36
11
17
27
1
27
3
2
35
19
28
24
4
7
10
33
18
14
3
27
0
17
5
30
14
30
0
19
16
11
19
34
12
7
21
8
34
27
3
22
7
30
28
30
10
13
2
23
34
2
16
