36
20
32
5
15
3
7
30
26
29
13
10
33
36
36
22
9
29
6
16
14
11
16
7
15
25
25
24
4
7
28
10
9
34
15
16
5
10
2
15
18
8
9
32
27
35
15
9
23
32
10
5
6
31
25
3
19
33
11
17
34
11
12
17
3
22
32
25
23
23
0
13
21
7
24
36
8
27
14
16
25
24
35
25
26
6
17
9
35
31
27
23
0
4
4
7
2
2
15
14
11
5
21
18
34
4
11
36
10
9
14
24
25
31
8
29
0
18
17
8
22
11
3
8
3
35
22
6
10
21
22
24
4
29
31
17
34
20
16
5
2
26
30
9
22
12
5
27
3
26
18
30
13
30
2
18
5
7
16
0
34
36
27
31
18
31
21
3
16
29
10
12
18
30
32
7
2
35
5
27
27
32
34
5
14
11
29
21
26
12
6
17
17
34
36
29
15
13
31
7
