4
26
27
32
32
20
31
33
34
20
34
9
29
5
11
21
12
19
26
27
16
23
19
2
32
0
16
0
1
9
14
23
15
31
14
36
31
36
36
29
31
6
15
3
22
31
31
0
2
14
24
26
11
15
23
15
4
30
21
33
10
25
33
16
2
23
22
30
35
33
28
13
9
2
31
19
16
28
27
0
35
17
34
34
11
3
27
20
22
29
34
30
28
4
20
25
8
28
19
34
22
15
9
4
29
13
19
31
21
22
13
28
16
17
16
34
0
26
22
3
16
25
13
36
5
24
18
31
21
25
28
20
26
14
36
20
4
1
6
18
29
27
24
32
26
33
26
35
2
2
12
14
23
4
0
30
22
16
22
10
21
30
28
6
30
26
20
15
21
28
33
23
1
27
24
2
29
35
23
27
20
10
11
22
27
18
15
4
26
26
21
7
14
19
34
6
21
28
35
