30
23
0
23
4
30
24
21
25
9
9
33
9
23
18
31
26
32
8
19
6
11
15
18
25
30
26
4
28
13
28
32
14
36
4
12
18
32
27
14
19
1
27
7
35
16
15
0
23
4
7
33
36
3
0
2
4
29
17
0
26
20
28
30
8
8
10
22
11
28
21
12
12
10
11
13
33
33
32
13
31
12
25
18
17
29
13
14
36
16
4
25
14
1
9
31
35
15
15
30
32
15
36
24
7
27
36
30
21
27
28
27
7
20
18
3
6
26
19
27
21
10
14
0
20
10
29
33
20
14
33
17
5
31
8
16
9
4
29
3
5
22
17
19
32
1
27
30
20
9
25
34
24
3
34
3
33
4
12
13
32
34
26
3
25
25
14
26
21
19
27
29
7
9
11
22
15
26
1
26
14
15
4
9
21
26
25
17
11
18
28
30
13
18
21
36
21
