27
11
33
35
35
30
1
31
6
33
12
33
20
5
23
2
9
13
14
8
15
3
21
6
12
32
31
23
17
36
36
34
19
11
32
31
15
24
6
20
26
29
14
2
29
36
24
1
33
12
7
7
2
28
29
28
36
26
16
12
33
25
26
34
17
17
23
30
16
36
11
29
0
13
20
22
4
15
36
6
8
4
12
0
8
12
4
33
32
26
5
27
23
31
7
14
27
35
36
6
27
14
26
0
36
22
3
23
15
3
6
4
12
13
8
6
28
36
30
3
5
3
33
19
7
15
15
20
6
30
20
19
1
7
29
19
15
26
15
24
34
35
19
14
7
6
3
22
27
30
32
29
5
11
23
2
16
27
1
24
35
14
19
3
4
22
5
33
16
5
35
34
22
3
0
6
36
13
23
20
25
16
14
17
13
6
35
12
6
5
23
22
35
10
3
12
23
6
9
10
