10
33
33
3
23
29
2
0
33
0
32
28
32
0
32
22
20
3
10
16
30
30
20
8
28
22
27
31
24
33
12
13
11
22
31
17
31
2
11
26
31
19
33
3
4
27
31
22
8
31
11
9
20
35
23
20
4
15
5
36
28
28
2
9
23
10
10
22
22
27
7
35
1
20
8
1
17
36
34
24
32
23
21
32
30
21
12
32
30
22
15
7
10
21
18
26
27
18
18
5
21
24
24
9
18
12
31
18
13
19
23
4
14
30
27
3
3
14
8
35
36
8
26
5
1
2
23
22
26
18
2
35
29
20
2
15
11
3
30
5
31
7
20
19
13
22
29
22
2
25
2
24
17
33
7
22
15
18
20
20
8
18
14
2
27
9
19
21
25
30
10
28
29
7
14
20
27
34
30
33
30
30
35
22
13
31
34
17
12
26
32
31
1
4
6
16
7
26
33
29
1
27
