21
29
0
19
33
35
27
5
2
12
0
16
25
21
30
30
14
23
12
6
16
5
23
11
0
15
26
2
0
18
16
13
17
33
22
33
34
29
12
0
2
35
18
25
35
32
7
3
5
13
3
4
22
35
25
26
28
19
7
8
14
29
14
19
0
16
21
32
10
36
22
29
28
14
15
26
31
14
34
23
27
32
18
34
4
21
7
5
16
11
6
1
33
33
35
6
25
3
17
3
9
3
34
1
5
25
7
16
24
1
28
5
21
28
20
32
35
18
0
15
25
2
27
24
23
14
23
10
11
15
22
36
23
36
33
29
12
36
20
1
10
26
22
25
8
19
16
23
29
35
27
18
1
8
34
3
4
11
30
13
14
2
19
4
27
33
7
26
24
11
0
3
16
4
10
13
5
29
14
0
28
14
20
29
34
0
27
26
18
21
0
15
33
16
26
23
15
30
6
