22
3
20
5
28
20
23
12
36
6
14
15
23
17
23
27
26
34
30
16
24
26
0
21
0
9
31
36
29
28
36
26
3
10
2
16
8
8
3
7
33
31
22
25
7
6
19
9
14
33
19
31
15
6
15
6
25
16
4
30
8
11
9
36
36
32
2
20
17
13
30
17
22
31
33
9
10
0
1
9
33
21
13
21
36
25
8
16
26
16
29
11
16
29
3
21
10
18
0
13
29
1
14
21
29
0
13
34
0
17
0
16
26
5
35
32
13
18
10
9
13
7
19
23
3
22
20
11
1
32
33
8
0
18
17
3
19
24
20
6
15
0
2
16
18
20
8
8
35
14
27
23
31
14
1
2
19
16
33
25
3
12
30
29
14
0
5
1
28
23
18
34
31
0
35
32
8
18
1
18
19
17
13
33
14
29
3
36
10
0
4
24
14
10
9
31
6
7
18
22
6
