11
29
0
36
16
6
5
2
9
26
7
18
2
36
3
5
2
25
12
2
13
28
6
4
20
33
16
19
6
22
12
18
17
30
31
32
29
27
4
29
27
21
22
7
2
15
28
20
24
7
29
22
9
0
16
22
12
35
34
24
2
25
13
15
7
19
17
22
18
24
14
13
31
24
29
23
18
36
30
9
15
27
14
8
22
10
30
34
31
25
12
1
25
25
29
19
5
24
22
7
7
9
32
2
4
16
21
15
29
11
5
28
31
17
35
0
14
22
0
8
9
15
2
19
11
14
21
11
34
1
29
19
2
20
24
34
11
3
29
36
11
23
4
11
36
2
0
5
18
15
14
13
2
8
27
11
23
26
32
29
23
21
33
1
24
2
1
30
1
31
5
28
3
33
3
9
23
25
35
19
28
23
26
5
7
20
6
31
22
14
32
31
26
28
2
10
22
2
18
25
13
