8
36
2
9
13
7
0
6
35
32
10
18
9
20
10
19
0
36
12
16
11
4
5
2
25
24
33
0
17
11
30
14
8
30
21
11
21
30
22
34
21
2
1
4
18
11
31
8
18
17
18
32
10
24
3
34
19
10
8
36
21
3
19
23
13
27
31
9
35
34
11
13
0
14
35
29
5
20
18
6
1
0
12
24
0
30
17
7
27
4
35
14
5
15
19
6
2
7
7
36
25
5
15
17
10
1
32
5
23
23
26
29
8
8
22
28
32
13
23
10
21
29
28
20
2
13
10
32
31
24
28
12
25
13
14
5
16
32
27
11
24
32
18
26
1
35
19
9
16
35
16
36
19
19
4
10
1
35
11
2
29
9
27
2
4
20
20
11
17
4
34
12
22
8
30
27
9
6
9
15
33
31
26
36
12
19
26
16
19
30
15
5
10
15
19
15
12
17
12
