29
34
25
6
10
32
7
29
15
3
10
14
2
10
3
28
23
17
5
21
31
9
12
31
18
29
26
17
21
26
23
17
23
33
16
0
0
23
32
13
12
36
18
15
31
14
27
3
29
31
16
30
36
29
24
10
6
30
5
32
33
0
34
35
19
19
36
0
36
33
24
10
11
22
35
10
6
10
34
17
34
10
30
25
31
10
27
3
13
32
11
32
28
17
32
10
12
7
23
29
17
9
25
10
14
22
12
20
14
26
30
27
18
24
5
10
25
21
26
24
15
8
26
1
10
15
14
1
8
8
2
0
10
26
25
11
15
25
15
5
12
3
20
1
14
0
25
29
10
36
32
1
36
21
29
23
0
27
25
5
36
13
8
6
12
11
16
14
0
5
33
6
30
24
29
8
20
23
16
17
7
0
27
28
33
14
20
31
30
23
33
9
35
33
5
17
33
1
10
29
