19
4
5
19
31
0
4
12
18
35
6
4
14
9
3
32
33
12
27
13
21
10
30
14
29
32
35
16
20
34
16
31
0
35
34
0
29
28
18
20
0
5
0
26
31
35
4
5
18
32
7
10
36
12
12
15
1
13
6
8
35
33
1
13
25
0
22
28
10
25
17
22
29
5
0
34
33
25
27
26
11
17
36
31
27
25
16
32
36
28
13
7
8
13
17
23
12
30
19
34
18
18
30
23
34
1
12
6
13
29
17
26
7
36
28
15
26
20
31
1
9
26
34
3
8
2
26
15
32
13
13
15
5
35
23
13
29
1
28
32
6
16
21
19
36
26
36
14
30
16
5
36
1
33
9
21
5
24
24
13
35
18
34
22
23
17
2
18
30
34
5
18
26
14
11
27
1
19
22
8
15
35
35
24
13
18
13
3
14
8
29
35
19
13
4
23
23
36
