10
26
6
10
5
33
24
8
0
23
4
5
3
32
5
19
3
15
13
31
29
19
30
23
11
36
27
16
2
31
29
3
20
29
22
17
30
35
9
31
2
7
1
22
8
1
10
18
16
8
26
22
17
2
31
24
22
20
10
1
33
22
17
31
15
11
31
26
22
30
27
26
33
22
27
14
32
30
6
0
24
14
23
14
14
9
27
2
5
18
0
21
33
11
8
27
4
5
0
36
5
13
32
0
8
0
10
1
4
10
8
2
6
21
24
21
23
19
26
36
15
8
5
35
33
27
35
26
33
2
22
4
11
17
24
1
33
23
16
21
33
10
1
27
26
24
29
23
22
29
2
6
28
2
15
25
33
23
25
26
25
36
18
33
18
26
30
12
20
29
31
2
11
8
27
19
24
5
32
27
25
23
24
29
24
16
29
1
15
17
7
3
24
18
1
34
32
