4
33
29
15
22
32
12
32
14
18
23
23
32
4
4
9
32
32
27
31
5
35
8
25
1
3
18
28
13
35
20
6
7
24
30
21
32
7
8
2
34
20
30
34
17
2
24
36
31
16
36
35
7
10
28
1
34
20
29
7
21
0
14
31
4
16
31
10
4
10
30
32
32
31
15
23
34
31
31
29
12
23
1
24
3
1
14
27
35
25
19
24
3
27
16
13
29
34
35
25
18
13
21
17
28
7
14
25
6
4
13
13
3
35
24
24
10
12
8
22
27
27
22
34
8
13
28
20
16
0
13
7
2
28
20
10
10
2
10
8
7
7
17
28
21
28
31
35
25
34
31
24
3
21
33
9
7
10
34
29
12
17
15
15
31
25
7
29
27
16
8
9
27
35
3
13
6
22
30
17
23
17
16
5
3
24
36
14
32
16
18
31
1
4
30
6
17
21
0
0
