11
12
0
26
25
14
30
30
15
29
32
35
5
21
15
29
13
27
8
19
0
36
32
31
2
8
4
19
34
4
24
2
27
25
26
24
14
33
14
10
28
28
4
17
20
30
33
27
8
36
12
3
16
5
23
22
2
2
21
22
29
26
31
17
0
3
36
13
24
18
12
12
24
3
15
16
21
32
35
21
13
10
10
20
17
33
36
2
1
13
20
31
17
15
5
8
34
16
34
30
7
34
17
5
18
29
19
11
11
36
17
1
30
10
0
15
11
33
36
6
11
19
0
4
20
17
25
25
15
21
5
7
18
2
4
0
34
7
16
14
29
29
2
19
5
31
19
28
25
6
29
20
15
26
22
36
22
25
8
9
15
25
35
14
16
14
20
2
32
33
16
12
26
36
20
9
25
1
9
8
25
26
20
12
12
18
16
14
12
6
36
34
18
13
21
18
