24
1
0
1
32
1
3
13
11
12
36
14
26
28
7
34
3
24
26
3
8
30
11
16
16
19
8
11
7
13
26
10
1
12
19
2
11
0
22
21
3
9
26
5
4
20
5
27
1
3
15
20
21
20
22
16
23
3
35
11
9
29
32
1
13
21
18
14
25
12
16
7
31
36
33
11
36
15
32
33
22
0
6
27
36
3
2
3
23
8
11
17
4
2
22
28
2
16
11
6
30
33
24
24
8
14
14
5
30
29
7
4
18
34
8
30
21
10
29
12
3
13
31
15
23
10
21
15
9
26
6
2
7
34
30
7
2
32
7
33
16
28
30
31
34
26
33
35
2
20
35
20
0
5
27
13
26
22
3
30
4
13
14
10
10
9
29
15
20
10
20
26
24
12
29
14
30
24
35
32
31
20
12
24
10
29
17
17
2
5
35
30
34
22
17
20
23
32
