25
33
19
3
14
33
21
28
6
23
17
13
30
7
17
1
14
25
1
23
2
29
30
11
26
23
21
12
9
6
8
8
24
4
19
12
24
17
29
17
31
14
31
17
21
1
5
7
8
15
27
19
7
8
30
18
8
14
21
24
1
17
21
34
32
35
0
20
31
15
21
15
18
5
29
7
9
19
36
19
34
14
20
0
16
22
10
15
18
30
0
25
14
9
4
35
34
28
26
33
36
18
21
9
36
29
17
28
33
27
27
18
29
3
18
34
34
13
3
0
31
24
5
28
4
13
24
24
2
25
23
2
2
22
7
13
33
26
36
0
7
8
9
25
31
22
29
28
2
21
13
31
26
36
28
25
35
16
35
0
4
10
7
23
19
0
26
0
27
34
28
26
14
0
2
29
20
28
20
28
28
28
2
6
10
0
13
19
3
29
10
19
30
1
27
22
4
20
34
27
17
