2
27
7
27
17
33
33
32
12
14
32
9
30
10
30
12
28
13
23
20
10
30
32
17
7
33
7
13
5
28
4
2
13
31
35
4
10
3
30
24
28
24
31
9
15
4
9
5
6
33
36
10
36
16
30
35
6
20
14
23
24
16
33
21
35
1
1
3
20
5
15
9
6
22
12
31
30
18
18
31
30
13
27
29
18
8
20
0
19
4
25
20
13
9
1
10
34
36
36
33
30
28
16
11
16
14
9
15
1
17
0
3
9
8
31
15
1
23
0
33
13
24
19
11
0
24
15
29
4
22
31
15
16
23
28
27
6
16
19
16
7
6
8
3
29
9
31
24
6
7
27
36
26
2
31
19
1
4
0
3
11
31
8
26
4
28
13
1
25
32
1
24
9
5
4
35
4
22
15
28
16
32
22
31
6
1
5
36
19
25
20
29
12
16
13
26
2
31
10
4
27
6
0
0
24
9
20
14
32
24
10
18
15
22
22
1
21
12
19
32
16
18
34
28
28
13
1
4
12
29
4
32
34
9
34
35
4
20
26
10
18
20
29
20
1
10
17
16
19
8
16
29
29
31
4
25
1
1
6
9
16
25
13
36
15
30
12
31
10
26
15
6
36
20
36
16
3
28
36
11
2
7
36
35
19
15
4
22
30
32
0
32
23
6
24
29
15
24
29
23
34
18
10
30
6
36
2
29
24
2
10
16
0
24
23
35
19
20
7
6
35
3
10
9
13
5
3
18
8
35
12
14
20
10
18
9
6
15
26
29
6
23
35
32
31
23
34
11
12
34
2
14
32
10
34
17
0
12
18
3
0
33
4
8
5
9
8
25
31
0
4
26
30
20
6
17
34
21
5
12
27
31
26
5
9
26
18
8
33
5
7
20
28
15
19
19
7
24
18
16
14
36
0
10
33
25
28
0
3
13
2
8
2
16
12
31
32
15
11
16
7
8
15
16
12
24
3
27
10
28
7
5
3
27
13
17
13
28
6
17
27
16
0
7
34
19
20
9
3
32
34
4
34
6
2
25
10
29
7
17
26
35
23
5
21
32
14
34
13
11
19
14
2
25
23
28
29
36
10
36
9
27
36
13
9
15
10
29
11
29
22
6
11
33
28
10
30
2
15
19
8
4
18
11
35
27
1
31
2
13
6
5
15
32
20
19
6
34
3
0
10
29
36
5
5
27
13
20
10
24
20
0
17
10
9
27
1
23
21
10
21
22
24
7
15
28
22
35
23
8
5
17
4
34
24
6
5
8
8
15
21
32
0
7
8
25
26
30
10
17
6
25
28
2
30
4
36
4
33
11
36
6
7
2
30
17
30
19
33
8
0
4
33
13
34
21
0
34
32
24
16
34
2
30
28
11
9
3
11
4
7
18
25
31
36
1
18
30
31
34
23
34
23
3
4
35
12
15
32
3
7
7
31
3
15
13
35
6
25
5
19
5
17
33
32
16
30
34
26
22
25
3
34
20
29
8
6
17
0
10
12
1
36
17
14
11
2
18
20
6
36
1
5
27
13
22
15
22
17
6
36
28
15
32
25
31
8
32
3
28
10
20
29
18
30
21
32
16
3
6
32
35
9
7
23
2
10
4
26
35
34
1
3
22
33
7
31
11
13
3
15
30
32
8
26
15
15
13
22
18
0
24
12
27
0
0
10
26
21
33
13
28
31
25
0
25
1
18
7
30
14
20
19
1
18
33
17
27
6
4
8
19
18
33
16
2
10
14
36
32
11
17
0
21
22
22
20
36
1
34
24
17
27
36
28
28
33
28
27
26
12
24
21
4
22
29
3
25
16
20
33
34
26
10
9
36
31
8
12
5
12
9
32
35
12
14
0
27
2
12
32
18
26
23
33
17
21
20
24
15
20
18
16
18
4
32
35
27
20
20
32
35
35
19
4
11
15
35
28
36
30
14
13
19
15
34
20
26
14
35
9
1
5
17
1
32
12
36
34
33
33
22
26
26
9
27
33
6
17
34
14
32
23
3
26
32
26
11
21
5
14
14
20
23
36
30
1
35
36
32
23
5
9
11
19
10
2
0
17
1
17
1
26
7
21
28
28
33
25
27
18
22
14
25
20
2
35
9
18
19
27
31
15
17
6
2
21
4
13
15
17
10
12
32
21
9
13
18
34
16
21
36
21
22
30
24
7
34
0
17
25
30
16
20
29
17
15
15
6
13
10
4
27
4
17
30
22
11
13
0
18
21
17
31
27
31
28
10
15
18
32
32
23
6
14
21
27
25
8
36
