37
9
7
2
17
15
10
3
12
26
12
7
27
36
26
35
17
30
8
15
1
13
6
9
0
16
34
9
32
1
18
36
15
0
15
9
11
31
27
15
33
17
16
21
31
3
13
22
26
2
36
32
0
31
33
18
6
33
17
22
3
26
16
8
28
36
32
30
25
29
16
32
24
12
1
1
9
21
20
13
10
28
19
15
28
21
29
31
5
19
18
34
27
12
23
34
4
5
26
24
32
31
0
13
27
22
36
31
2
23
26
24
2
30
12
28
28
25
3
11
5
12
9
17
16
15
14
24
2
29
32
7
1
13
15
9
32
35
7
22
26
5
5
14
30
6
30
31
32
21
34
4
33
9
17
30
3
19
22
13
10
25
8
28
11
24
26
32
24
21
28
26
32
11
15
0
23
24
24
18
25
9
8
31
36
35
1
28
29
19
19
12
26
35
17
30
9
4
