19
15
16
36
25
11
13
34
9
34
23
16
25
20
5
1
22
32
4
31
33
33
8
1
1
30
34
7
14
0
26
31
26
14
4
2
10
11
23
1
0
27
11
0
20
4
3
36
12
22
29
32
1
6
28
14
29
22
25
34
5
9
2
4
4
3
18
8
5
35
4
6
10
9
28
1
32
16
28
22
21
16
31
18
19
8
12
13
27
22
2
34
31
11
19
9
35
6
19
21
24
13
17
7
12
4
7
20
22
10
16
33
31
26
28
10
21
20
36
30
4
31
3
34
21
31
12
26
33
22
10
35
33
10
6
29
28
17
21
31
15
12
22
28
3
14
29
11
6
4
28
33
2
31
21
26
2
6
26
2
32
15
16
9
19
25
16
22
20
1
0
13
14
23
21
31
36
26
19
19
10
4
9
2
9
25
26
35
3
25
26
21
29
6
35
25
20
1
