32
1
19
17
20
28
22
33
13
11
3
31
6
14
3
33
33
25
20
19
11
14
35
18
0
30
27
30
22
3
21
0
21
15
13
32
4
19
2
36
35
17
18
15
25
36
28
11
3
15
1
33
33
36
5
29
22
8
20
12
15
25
35
33
33
14
21
4
17
24
36
25
28
12
26
15
14
2
11
13
13
2
1
18
5
4
25
15
5
32
26
27
20
34
5
2
1
23
23
24
20
16
12
9
10
1
16
33
29
36
21
24
20
34
18
17
22
33
17
10
7
31
15
15
12
4
28
2
32
0
36
22
30
31
24
12
25
19
36
22
8
0
5
4
35
22
24
6
17
16
16
17
34
12
36
0
22
7
6
1
15
19
6
7
36
23
14
1
30
33
13
9
21
35
4
14
3
31
18
4
34
22
32
25
16
24
30
4
27
24
33
30
3
32
0
0
27
