19
1
9
6
30
14
17
16
28
15
4
0
8
31
15
8
25
3
18
7
27
29
27
27
24
30
7
18
18
20
30
23
13
28
28
2
9
26
16
26
33
30
20
21
28
11
16
1
3
35
21
20
1
30
27
17
13
7
23
4
34
18
33
19
15
16
30
3
36
9
31
31
15
11
8
11
13
32
19
5
3
26
33
30
4
10
18
0
20
15
5
25
5
27
29
6
23
9
36
6
31
22
13
10
8
17
31
7
35
23
11
36
4
19
26
7
10
15
14
6
2
27
19
21
5
24
22
34
20
7
8
8
15
35
36
36
28
18
36
21
30
18
11
23
26
19
22
11
5
3
18
18
20
15
5
34
32
24
30
0
7
12
15
8
18
28
17
10
2
8
36
35
18
22
5
19
15
6
14
11
4
24
33
12
26
33
30
5
19
26
10
6
17
12
25
24
3
20
20
23
15
