6
30
14
20
34
23
26
7
12
0
13
17
17
25
18
20
21
21
26
19
25
19
21
16
25
32
9
21
11
15
7
24
24
31
28
29
20
28
24
1
30
14
23
23
27
9
25
11
30
24
29
33
35
5
12
35
29
10
5
15
19
17
17
3
5
23
23
22
28
10
36
29
22
21
22
33
17
34
24
16
30
12
14
25
20
25
26
22
9
36
33
6
36
17
7
4
11
13
25
3
17
33
8
21
3
31
11
8
17
4
8
15
35
29
12
26
8
17
6
22
0
35
34
5
8
36
14
6
35
17
4
8
14
32
9
20
36
2
15
9
2
5
24
36
35
15
35
6
12
13
21
10
1
10
12
19
10
34
22
36
14
20
27
7
27
13
4
36
26
8
28
22
26
10
7
35
15
30
25
25
33
11
33
18
3
7
36
23
1
1
7
32
35
16
35
20
34
20
