27
20
11
25
19
33
10
35
30
26
23
19
24
14
10
8
23
0
16
31
32
7
22
32
28
29
10
7
16
18
20
2
21
8
36
29
30
21
23
10
27
17
13
34
31
26
7
28
17
23
19
29
32
29
2
5
7
29
6
13
15
16
18
25
19
14
1
29
22
1
19
31
30
0
26
17
19
29
32
16
20
9
28
0
12
25
8
12
22
18
21
30
23
5
8
6
29
35
14
19
15
7
26
25
35
25
20
31
15
3
13
12
21
4
29
6
27
20
21
10
22
9
20
29
24
25
5
4
1
5
13
17
29
31
0
21
6
14
1
32
8
1
7
8
24
0
27
0
22
14
5
20
3
34
10
32
31
17
18
12
18
23
0
35
28
25
13
12
6
13
34
35
4
18
9
10
23
8
7
31
22
16
16
17
6
10
13
4
34
12
25
19
13
33
11
28
