18
28
19
33
13
23
2
13
6
36
9
29
13
19
10
32
24
6
9
33
16
2
20
21
20
17
30
15
9
6
24
31
36
14
29
30
28
32
17
24
28
36
4
4
30
29
28
15
21
15
36
7
27
25
21
34
32
6
30
26
31
10
29
26
11
23
26
18
2
22
17
23
31
6
29
11
28
22
1
10
32
3
17
1
8
3
34
19
10
33
22
32
28
3
23
10
23
0
3
23
4
11
18
26
9
0
31
30
15
26
19
34
20
18
30
4
6
11
15
25
2
2
14
12
3
0
8
5
5
24
24
35
22
18
31
11
21
3
11
18
13
18
25
15
0
13
28
9
35
1
25
9
22
33
5
35
10
0
8
20
30
32
28
1
23
31
21
0
20
24
6
11
13
17
4
21
12
30
5
1
29
10
33
16
15
1
1
27
0
23
34
31
22
23
16
34
33
18
15
30
2
21
