6
12
15
30
32
23
10
12
9
5
8
34
2
26
15
9
15
22
24
1
7
0
17
7
25
7
6
18
7
2
34
15
6
4
13
19
12
23
16
25
8
32
20
23
3
2
10
3
3
22
1
8
8
15
36
11
31
16
30
12
25
1
9
8
17
29
0
30
9
30
26
23
34
35
17
16
33
4
29
34
2
23
13
26
8
34
21
3
9
13
29
8
1
33
36
25
6
26
2
6
33
26
27
27
6
28
23
24
10
2
36
22
27
4
5
28
22
16
1
2
24
6
30
2
20
4
25
6
10
4
14
8
24
12
36
0
21
31
22
34
32
14
35
4
6
6
4
8
13
12
31
11
35
11
1
16
12
6
4
2
20
13
0
32
21
31
22
27
4
6
6
21
21
18
0
35
32
23
29
6
34
6
12
18
7
36
7
34
32
12
22
2
0
14
33
27
11
7
24
