7
34
20
12
22
10
20
7
33
36
19
6
9
13
26
29
1
31
16
2
28
4
29
29
36
8
2
17
22
14
24
25
35
36
14
20
2
21
25
0
35
28
28
3
34
31
15
27
31
26
10
32
3
21
4
6
9
29
7
33
0
23
9
30
22
13
9
36
18
19
30
19
25
6
29
36
9
5
12
2
34
15
34
2
6
20
15
14
9
34
29
31
4
11
32
9
16
27
17
21
30
15
35
5
18
12
0
3
18
32
27
25
9
23
30
24
0
11
28
29
16
5
35
13
30
0
10
12
20
35
2
36
29
24
15
9
17
35
4
18
28
7
7
1
27
36
23
0
33
24
30
11
25
33
24
2
32
0
33
18
11
11
23
14
14
26
8
24
18
34
24
35
6
7
21
21
25
3
10
19
20
34
25
4
1
8
10
6
23
0
12
34
19
1
22
30
10
15
4
19
1
3
