31
31
2
13
2
17
36
13
1
18
19
13
4
1
25
7
16
7
27
20
4
22
8
28
15
19
28
0
11
25
10
3
14
36
29
31
20
29
29
16
22
36
11
3
36
22
1
31
15
1
25
14
0
10
30
10
17
26
5
29
22
4
33
32
5
15
7
27
34
4
16
16
25
20
35
6
28
36
25
31
20
9
27
8
8
6
27
27
24
10
34
17
7
8
20
31
22
31
27
21
24
27
20
35
10
15
21
31
16
17
11
8
27
9
1
29
12
19
25
14
6
23
22
24
25
0
7
17
7
24
10
5
16
15
22
27
3
11
5
20
10
34
35
12
4
31
10
29
6
24
4
11
26
29
2
21
5
8
32
12
33
18
33
22
13
5
26
18
17
21
15
30
26
20
23
34
29
0
14
21
31
7
14
26
4
13
16
1
28
33
28
27
31
23
7
30
27
29
30
18
10
33
