11
36
34
34
30
29
1
14
7
20
19
27
0
33
1
29
20
2
11
12
13
33
23
33
32
8
1
18
11
29
22
6
23
12
26
15
8
33
9
14
3
10
14
19
6
30
20
26
1
6
19
29
19
28
26
2
24
10
5
28
2
5
9
24
21
36
3
13
3
21
26
13
33
15
29
1
13
3
31
16
10
9
19
24
35
34
33
3
27
28
6
21
29
5
35
11
29
9
13
23
19
26
34
30
27
32
14
16
23
18
7
5
21
0
19
25
8
1
27
34
35
0
19
9
10
0
12
34
1
4
4
2
23
14
10
32
3
29
8
35
19
19
19
20
6
30
23
22
35
23
34
3
18
16
1
27
22
14
34
11
21
11
20
34
6
33
1
6
10
0
36
6
10
4
12
1
32
7
6
22
23
32
36
33
1
2
10
29
1
30
8
17
16
32
33
19
4
18
