6
33
35
1
13
24
3
1
28
25
22
27
23
30
25
18
11
11
19
20
13
10
35
15
11
5
25
5
24
16
22
10
36
31
25
5
17
1
30
20
19
15
28
3
13
19
33
36
3
9
33
17
1
32
34
17
18
36
0
10
23
35
32
0
35
34
19
22
18
27
34
11
25
28
9
33
27
10
26
14
13
6
4
23
15
9
20
11
16
21
12
31
23
14
19
34
12
17
7
36
11
2
21
5
32
29
20
18
6
29
10
17
7
35
36
23
11
6
14
12
28
2
10
10
5
18
35
0
18
12
15
25
20
3
10
27
32
10
0
5
24
32
14
2
16
5
5
28
7
25
29
17
34
20
13
23
4
22
31
1
19
34
23
32
9
20
13
30
35
10
3
3
36
22
1
28
25
11
31
10
13
16
21
12
28
3
6
33
0
16
23
34
18
17
17
29
30
