30
5
14
14
34
26
19
27
28
36
6
30
2
15
29
28
5
27
16
18
1
8
10
24
22
5
31
30
34
31
30
0
33
11
24
0
5
17
32
18
4
27
4
8
22
13
13
5
24
36
7
12
2
28
28
14
10
26
27
7
21
13
0
13
33
17
33
5
20
17
10
4
22
10
20
10
23
29
22
19
23
20
10
26
24
31
20
28
32
31
23
27
5
11
30
23
8
1
36
22
9
10
19
11
1
8
20
20
35
28
19
6
20
17
11
29
19
0
36
19
35
25
7
18
13
23
30
15
11
19
32
8
16
23
24
11
11
5
1
25
32
20
22
21
3
28
13
12
6
23
15
23
2
32
24
26
8
22
10
0
16
8
22
15
31
28
16
0
33
32
2
32
25
27
25
18
6
14
22
35
1
34
4
9
30
21
21
6
35
21
11
34
21
14
24
33
25
