27
13
16
7
36
27
21
29
23
30
11
12
27
0
34
8
9
12
7
3
21
31
3
3
26
11
26
24
13
18
19
3
24
21
11
23
33
4
8
21
21
35
11
1
27
34
29
6
24
26
0
3
30
34
26
8
23
36
25
7
28
14
13
22
27
22
32
10
27
25
23
6
8
9
6
15
0
5
28
20
15
11
27
35
16
4
26
26
24
29
17
13
21
12
26
21
4
33
35
15
11
16
2
29
36
27
35
28
16
18
14
26
33
29
30
21
2
25
20
36
7
35
19
20
16
29
34
12
3
5
8
1
17
34
18
17
33
7
25
10
12
19
21
4
33
34
26
14
11
12
22
2
4
28
6
10
30
6
28
30
13
34
2
7
23
28
36
11
27
11
33
25
13
19
1
22
26
24
9
20
20
13
5
3
23
30
21
33
0
28
35
11
20
13
28
35
2
9
4
29
