17
35
24
29
17
34
12
17
35
21
1
14
4
2
33
9
21
5
19
24
12
5
6
7
10
27
30
18
7
21
4
18
5
32
5
25
36
18
20
13
31
7
16
9
33
17
4
11
8
1
26
19
31
16
14
24
0
22
26
31
24
23
10
11
9
4
9
33
20
16
24
16
29
21
15
26
27
19
15
7
36
6
26
9
31
31
24
23
15
14
6
36
5
18
26
28
10
1
13
35
25
11
32
27
3
32
18
4
2
9
27
12
10
22
30
3
31
0
3
16
36
22
4
17
31
32
32
2
2
18
25
11
17
4
30
8
32
9
33
31
32
22
13
5
22
7
3
8
11
12
27
11
23
27
0
20
3
8
3
5
7
9
23
3
24
15
27
33
26
9
32
15
13
16
29
33
6
7
34
18
9
22
31
28
20
17
28
32
18
22
24
32
23
9
35
1
31
26
