35
24
34
22
34
24
33
24
31
36
23
23
16
25
8
27
0
17
10
5
1
33
11
13
34
32
17
17
24
30
14
9
35
3
25
12
31
1
14
28
34
17
24
35
12
21
19
24
31
14
21
28
26
32
8
16
27
10
15
21
30
29
10
29
16
21
35
36
1
4
10
29
19
21
25
24
32
23
2
14
33
1
14
34
33
30
19
29
2
34
16
18
33
5
11
14
13
24
32
35
17
16
9
8
17
9
1
6
24
16
5
2
25
33
19
23
20
25
27
15
36
9
6
12
16
14
17
11
15
27
31
15
24
20
22
12
2
13
24
2
32
8
21
27
13
28
28
19
20
30
0
8
9
34
25
16
30
6
0
22
13
9
4
34
0
4
4
9
22
21
0
36
20
33
34
20
10
15
18
36
18
18
25
16
24
22
4
9
28
26
6
18
32
13
21
30
9
36
11
23
