24
1
29
19
7
12
4
34
32
3
36
2
1
20
11
1
14
4
8
2
22
8
36
0
28
15
0
21
36
36
26
21
14
18
0
28
20
20
22
35
11
30
2
6
6
19
16
23
33
31
10
27
14
13
1
16
9
33
25
2
13
36
8
12
36
30
15
10
18
0
2
24
20
23
29
18
4
27
4
15
11
22
17
4
4
36
32
19
20
19
11
4
7
12
7
11
27
27
22
4
21
10
9
21
8
30
28
28
10
22
29
11
1
7
0
34
14
31
3
16
16
34
2
22
1
0
33
15
28
4
12
15
24
22
7
33
21
32
33
35
7
22
34
16
10
2
14
22
13
25
28
22
8
21
7
7
33
21
6
14
21
31
30
29
24
34
5
20
27
2
11
9
22
0
1
34
31
25
35
27
8
3
14
31
25
16
17
27
15
12
8
27
34
22
5
10
18
18
15
11
30
30
23
