17
15
6
31
33
6
31
6
9
12
23
29
23
7
19
14
24
19
26
6
27
22
28
32
16
15
19
23
16
35
10
35
19
29
10
1
20
9
30
34
25
31
22
18
2
27
13
18
27
15
23
34
8
27
17
34
30
3
11
25
15
2
15
26
27
11
23
0
11
6
33
29
31
14
24
34
36
33
25
19
6
8
20
4
32
9
21
36
25
33
13
21
36
22
19
26
16
26
27
0
3
33
7
35
0
2
14
1
1
18
27
33
31
7
33
9
23
33
24
33
6
11
17
12
20
16
31
16
30
13
20
24
36
17
0
29
23
36
32
0
0
25
26
3
30
18
34
19
8
7
28
14
30
26
22
32
33
5
27
2
30
2
21
4
13
22
25
17
19
28
25
26
28
33
11
1
17
26
19
3
35
15
3
36
33
31
12
12
18
31
24
10
10
11
26
22
3
8
30
23
