29
28
36
18
13
16
30
31
35
32
14
32
35
13
6
18
29
6
8
7
21
22
25
9
22
13
32
7
17
33
33
11
24
34
10
28
35
16
25
9
23
15
28
18
28
3
6
6
36
31
2
31
23
20
8
7
12
11
30
0
32
6
21
26
24
2
5
16
12
5
1
34
2
15
18
28
9
11
5
2
22
25
22
12
26
15
27
13
18
16
5
0
7
21
6
16
4
26
31
6
27
15
36
27
15
13
2
12
33
11
20
26
9
25
18
29
31
3
13
7
22
15
8
33
27
9
35
8
0
33
29
13
24
36
5
22
2
8
29
23
22
22
8
0
15
22
33
16
18
27
4
4
7
36
3
31
34
31
7
23
16
34
36
4
1
14
9
22
31
9
18
18
32
0
33
22
1
0
21
13
2
21
36
10
5
2
7
12
11
20
33
36
11
35
34
25
15
18
12
35
