26
19
2
10
4
2
6
17
28
26
18
13
14
19
1
35
0
29
8
33
34
17
1
2
16
9
1
15
33
23
13
8
36
21
5
31
9
32
34
9
9
22
27
35
12
11
2
35
11
36
30
22
10
15
20
27
13
5
6
13
16
29
0
1
14
28
8
20
15
24
16
18
18
29
28
8
16
8
1
2
24
13
4
20
20
18
8
6
28
35
26
23
10
24
18
7
26
16
9
16
21
20
0
7
5
10
17
31
14
6
8
4
4
16
11
2
22
5
14
13
4
33
23
23
28
1
21
32
27
8
23
34
12
27
25
5
26
15
9
34
4
29
26
3
6
13
31
16
10
27
1
33
12
16
26
10
8
31
19
7
26
26
36
36
13
0
18
25
30
32
8
19
14
10
27
26
17
27
23
36
26
14
8
27
18
13
0
28
3
1
27
32
26
33
16
15
8
11
8
4
1
