10
3
7
34
12
22
30
18
14
11
6
33
20
25
15
26
23
30
16
1
0
1
2
10
32
18
2
0
24
11
27
22
10
35
23
5
30
36
11
22
27
9
20
16
15
32
25
1
30
1
6
25
4
18
9
31
36
14
9
31
18
4
13
0
16
28
31
2
36
26
8
34
33
19
12
33
34
22
8
4
2
32
4
33
22
20
33
10
7
19
26
0
29
13
0
15
19
31
36
33
17
33
23
23
29
17
8
19
18
28
25
3
32
36
7
22
34
1
12
5
2
17
21
11
15
2
31
0
35
27
32
18
20
17
35
26
5
21
33
19
3
8
14
12
13
28
15
10
32
26
4
22
26
36
23
28
4
34
19
16
0
15
6
10
18
1
33
7
22
4
17
2
5
15
7
31
35
30
24
28
25
36
20
9
13
23
20
12
7
6
36
26
34
36
12
25
23
19
