18
23
14
35
5
19
13
10
19
21
15
0
2
19
9
17
31
7
34
11
30
8
12
34
31
9
30
36
16
2
11
13
17
5
5
34
10
6
11
29
8
14
15
10
9
12
32
1
19
27
1
34
28
4
2
14
27
15
30
11
22
19
28
32
21
7
6
10
15
22
1
24
22
16
8
36
11
10
30
6
8
8
1
8
13
9
29
8
3
4
30
3
8
2
19
10
11
25
8
26
9
28
23
8
33
35
10
20
3
15
16
36
10
25
12
24
29
6
6
22
34
24
14
17
9
14
17
24
31
8
17
4
11
25
36
9
12
26
4
31
29
34
2
15
12
14
10
36
4
27
15
9
16
1
34
8
10
29
16
16
20
36
4
10
31
9
4
24
10
36
28
2
13
20
32
35
21
32
24
11
27
26
15
7
18
13
7
14
5
9
21
15
20
35
0
3
28
24
21
7
28
