16
30
31
27
20
23
18
25
15
1
18
16
2
9
10
15
34
32
15
18
3
9
5
22
15
24
1
12
35
24
23
25
27
32
2
28
9
8
29
1
27
14
30
25
36
6
7
7
17
13
22
2
23
23
3
1
29
1
32
2
26
6
7
29
25
22
19
0
17
16
31
32
23
4
16
23
7
10
36
30
2
9
32
32
33
19
28
26
29
8
34
17
10
20
31
21
19
9
15
29
32
11
36
25
15
35
25
12
23
9
2
7
2
24
25
27
10
0
35
11
5
30
6
14
15
3
17
16
26
23
29
8
36
15
14
24
32
34
29
3
17
35
12
24
25
21
7
4
34
14
6
2
12
6
26
13
33
11
33
19
29
33
14
24
13
16
13
33
18
28
23
26
26
10
9
29
21
27
11
9
34
9
23
22
10
21
25
24
3
3
24
0
29
10
17
26
27
21
19
32
