20
23
19
2
21
3
1
28
26
18
7
25
9
1
20
18
13
14
26
26
20
9
13
3
15
32
19
36
21
25
36
36
32
18
25
16
31
33
15
34
1
2
1
1
27
28
4
36
16
12
2
3
23
27
28
21
29
23
34
26
19
18
9
28
19
8
29
11
27
32
27
30
16
35
36
11
20
23
7
29
29
10
6
13
14
22
24
6
11
13
31
6
6
28
24
22
35
5
26
15
34
27
7
27
5
4
26
0
33
36
11
25
20
9
17
13
18
33
8
28
28
20
17
5
15
2
11
15
12
11
4
32
4
6
20
20
30
30
24
14
23
27
20
8
14
23
8
14
4
11
12
0
25
30
23
7
27
5
32
20
35
26
12
13
4
20
15
27
27
21
18
18
27
10
32
21
5
27
15
20
16
19
18
17
36
24
5
12
6
17
22
19
25
17
21
17
12
11
