3
19
21
19
16
8
18
29
29
28
32
18
32
34
1
29
10
6
4
5
12
7
25
30
0
31
10
32
34
35
29
34
15
19
8
9
28
8
26
35
17
1
30
31
35
30
22
1
16
27
18
22
21
8
0
17
31
0
21
11
23
11
13
2
6
12
31
26
8
27
30
23
27
7
18
19
36
18
3
12
31
32
11
32
13
7
36
30
10
4
15
2
0
2
12
8
9
13
26
17
33
30
26
36
12
25
10
29
10
33
16
10
26
22
5
12
13
22
34
31
10
21
18
36
2
9
32
32
30
16
6
6
29
35
5
28
20
0
24
11
24
33
36
16
17
29
27
0
0
23
24
32
10
17
10
18
7
11
5
7
36
18
36
25
33
27
34
18
24
9
10
11
34
27
20
27
35
16
2
2
14
5
27
9
10
8
14
24
5
6
28
24
32
10
3
24
4
34
2
