14
34
31
28
12
16
4
14
2
33
23
8
3
28
24
22
0
28
18
14
26
30
28
31
28
18
33
26
23
28
18
22
11
6
35
6
1
5
36
1
36
0
14
34
21
9
23
33
27
30
6
9
35
13
4
25
11
18
25
1
30
22
7
3
9
16
10
16
24
10
33
31
34
25
13
0
35
28
2
35
32
18
15
27
15
6
15
13
26
2
28
15
20
24
1
13
24
1
31
7
25
27
16
15
16
18
31
11
24
4
28
23
32
33
2
20
31
6
29
21
13
7
9
25
27
6
26
13
7
33
8
28
10
33
17
6
11
10
28
9
34
2
34
19
9
7
25
4
23
3
30
29
3
21
8
35
1
34
32
31
24
16
17
22
25
24
25
19
18
13
32
36
33
5
32
35
5
4
23
13
36
32
9
28
24
12
19
5
24
26
11
20
11
10
22
20
9
28
3
8
