28
34
36
22
11
31
32
16
24
7
9
28
19
23
24
14
18
23
33
16
11
15
13
6
36
4
3
26
27
11
16
3
27
20
34
33
27
30
24
17
7
13
24
17
9
6
22
7
35
31
2
18
19
16
0
21
4
36
22
19
3
3
8
25
18
14
0
3
8
6
11
12
19
7
16
0
26
30
20
12
24
20
23
27
4
22
6
9
3
7
14
22
25
13
25
16
5
23
8
3
8
0
6
13
0
4
32
13
27
35
25
0
24
31
5
1
25
32
24
13
22
27
33
20
9
4
20
27
4
3
18
17
25
14
18
9
7
24
35
6
30
20
26
26
8
1
2
27
33
36
31
21
6
18
34
16
26
27
4
17
15
4
33
22
8
6
14
11
13
0
22
30
13
6
5
31
4
26
36
1
12
3
18
27
5
36
1
31
32
13
36
21
34
36
22
8
18
