9
9
23
12
3
32
17
30
17
7
27
16
20
14
26
21
28
12
2
24
7
16
13
24
9
26
34
7
10
14
20
0
34
24
5
9
3
14
21
25
12
27
32
23
14
23
11
1
11
16
5
24
25
25
12
22
29
19
24
16
11
12
31
28
35
3
6
26
27
20
3
11
17
14
17
27
12
12
34
8
25
10
23
10
32
32
5
1
29
23
18
9
32
11
33
10
6
31
26
0
35
1
11
0
19
18
25
21
7
31
36
25
28
14
33
3
28
17
9
0
27
23
22
0
26
21
12
31
3
11
27
29
11
20
20
13
17
5
23
18
25
6
33
0
14
35
31
23
11
29
15
31
30
2
32
12
17
16
5
4
36
7
12
18
34
3
8
8
24
28
34
23
24
9
19
6
8
7
33
22
35
1
27
23
31
26
22
4
9
34
24
5
15
0
32
10
18
12
1
