29
21
28
32
28
30
17
8
6
20
32
1
0
20
19
8
6
22
30
27
32
14
21
28
20
30
6
30
30
6
7
21
27
5
34
0
2
27
35
30
20
34
35
22
9
17
25
3
29
12
17
0
25
14
28
2
7
33
29
25
0
11
36
28
27
8
32
7
7
22
14
30
16
25
27
29
21
24
14
1
16
18
9
35
25
2
33
20
22
29
9
19
27
5
11
30
31
6
4
24
1
10
6
30
29
2
5
23
34
28
8
9
13
25
24
2
10
2
11
36
9
23
0
5
36
31
13
36
7
29
3
26
6
21
22
15
17
36
15
14
4
35
32
2
33
34
26
30
9
4
24
4
12
27
11
31
23
28
7
12
21
3
12
13
12
22
33
4
3
9
30
29
26
3
15
10
31
28
25
11
20
11
15
20
1
1
5
13
10
34
10
24
29
0
18
19
3
13
23
