30
21
9
10
2
14
18
18
26
30
13
11
31
17
1
35
20
2
31
2
8
17
17
36
0
0
30
3
7
29
31
12
0
19
17
10
6
10
27
16
9
25
25
6
3
16
32
28
5
5
6
36
22
33
7
35
24
29
10
5
2
18
21
6
14
32
17
26
27
19
30
35
24
0
6
22
34
7
19
4
4
24
17
21
6
12
17
0
30
26
26
30
13
12
9
4
24
2
22
18
29
21
7
29
24
34
14
18
32
33
9
14
31
3
16
4
36
19
4
1
31
22
21
1
5
8
16
29
19
15
35
28
16
35
25
24
36
7
9
21
31
13
32
18
18
4
34
2
23
28
28
4
23
21
8
31
6
23
15
6
12
17
31
17
27
1
13
15
27
19
28
3
4
9
27
12
22
16
25
17
7
9
5
23
1
11
18
11
3
3
29
30
25
3
31
35
22
13
10
