2
27
13
11
8
23
26
22
28
5
15
26
22
28
29
6
28
18
2
11
27
15
7
6
18
32
16
30
23
8
7
23
23
14
11
20
0
18
29
29
7
21
19
24
34
16
3
21
31
13
34
6
26
18
29
7
1
1
8
23
9
18
27
21
19
29
0
34
30
1
20
19
21
14
18
4
23
35
18
7
11
26
36
4
4
16
20
22
1
36
32
11
0
16
20
11
20
35
19
33
8
19
34
7
29
31
25
25
35
5
9
32
5
10
12
24
25
24
35
2
15
14
12
11
16
21
34
6
23
11
1
35
9
7
29
1
29
29
17
12
14
4
4
12
23
15
17
11
32
15
31
1
18
13
11
8
31
20
22
35
29
18
16
8
6
22
22
10
5
10
28
33
32
16
18
21
3
24
7
24
32
36
1
1
2
3
19
8
36
14
15
33
11
3
31
25
13
14
35
