31
2
3
11
27
20
3
5
2
3
22
16
23
7
30
4
5
34
31
17
23
1
17
23
7
17
4
12
25
19
36
8
1
34
12
11
30
2
24
22
26
22
11
33
4
9
18
25
8
0
3
31
6
36
34
22
30
31
6
17
20
6
36
14
28
5
2
11
27
19
7
14
9
4
30
11
29
25
36
11
20
32
24
28
6
22
25
32
29
36
4
12
5
25
27
6
30
20
1
30
13
23
13
27
3
9
1
6
31
23
35
12
2
14
33
34
27
7
35
5
7
1
16
27
6
11
33
23
28
18
24
13
14
3
21
8
2
29
32
14
28
11
21
20
20
9
27
21
15
6
0
34
5
23
4
24
14
32
23
11
16
21
16
4
24
1
30
34
30
9
17
16
8
36
23
18
0
28
14
29
6
20
9
0
31
29
24
33
35
18
2
21
24
10
33
36
21
12
30
