25
34
34
32
24
26
28
5
14
16
4
3
21
19
33
19
22
17
24
30
10
31
19
12
4
10
33
6
6
19
5
0
9
29
17
12
0
25
13
33
18
6
11
16
1
4
27
28
28
24
8
24
26
33
4
36
26
6
19
10
0
12
12
15
22
10
27
15
3
18
33
15
19
34
0
30
20
15
36
25
27
4
17
3
12
30
19
34
10
9
18
2
7
17
7
33
10
28
24
11
22
26
3
36
33
28
29
7
4
24
17
24
2
27
15
14
13
22
28
18
1
8
20
36
22
6
15
36
6
34
26
8
9
22
21
5
35
13
36
36
27
28
12
28
19
6
27
3
30
5
4
12
34
13
29
19
1
35
10
30
25
28
21
31
35
31
31
3
2
12
13
19
23
9
36
1
17
20
28
18
25
28
11
20
22
28
27
35
20
1
27
14
5
23
22
0
34
28
27
