25
31
17
5
9
22
18
32
13
36
10
4
25
4
7
1
27
16
20
19
25
35
8
33
28
16
20
8
23
18
31
35
13
7
7
3
11
21
23
23
27
20
17
28
9
33
17
28
31
13
2
21
21
23
34
12
29
29
20
5
31
5
15
30
1
29
24
8
27
15
32
3
19
24
11
31
24
20
34
22
28
25
20
18
19
14
4
29
36
9
34
3
6
30
35
7
1
9
14
11
20
0
14
10
11
10
20
19
5
10
9
23
18
27
22
29
22
26
24
22
22
12
34
5
10
5
9
7
23
30
28
5
10
25
18
7
7
36
18
20
25
0
13
21
28
14
22
35
18
33
3
26
34
35
20
23
6
1
18
11
24
25
6
31
36
26
11
23
19
5
19
24
25
23
30
35
34
10
18
16
9
16
6
4
1
4
30
8
3
19
1
25
32
30
36
18
13
2
0
