29
5
1
23
13
15
19
10
31
4
35
33
0
5
12
6
35
15
16
6
33
17
14
11
12
4
34
4
15
9
17
5
28
32
28
7
8
26
2
8
21
27
3
33
16
1
12
7
31
23
5
16
9
8
8
8
28
26
9
18
19
9
27
2
4
15
24
4
21
24
2
30
27
34
21
33
19
13
17
11
32
19
0
21
22
21
11
22
14
10
21
21
23
5
8
25
18
3
12
29
5
26
29
35
16
21
2
10
2
19
19
19
9
32
0
20
14
13
34
28
14
22
7
31
11
25
32
5
14
20
15
13
17
14
8
29
3
28
21
27
6
12
19
4
29
12
11
10
28
34
3
2
23
34
14
10
9
36
11
11
15
3
22
9
0
31
14
4
7
32
30
17
34
8
5
35
32
22
11
34
29
34
1
33
27
25
5
11
22
32
29
6
23
12
13
10
27
6
4
