12
6
15
3
20
5
25
5
35
36
26
20
12
17
35
36
23
5
29
11
4
22
16
14
18
22
7
23
19
4
9
12
31
3
22
14
8
15
2
28
7
21
15
3
1
0
27
24
31
9
11
29
20
21
31
14
19
20
36
29
26
32
36
8
25
32
8
7
2
1
27
16
19
25
36
22
13
17
9
22
29
22
28
16
36
32
23
6
12
30
4
21
21
12
24
23
29
27
6
21
17
1
9
36
17
25
15
25
9
15
25
15
33
22
1
33
2
20
19
29
3
33
32
32
19
0
17
36
0
23
18
18
17
3
0
19
6
6
24
13
35
14
4
24
9
29
4
17
3
6
36
20
27
35
21
5
23
24
19
4
22
21
24
16
31
31
29
0
8
18
32
10
22
24
25
0
26
29
6
9
24
22
16
10
24
17
24
32
23
36
19
35
16
11
12
23
30
30
