23
36
12
30
25
4
25
6
4
1
3
36
11
29
20
16
32
35
12
34
14
3
11
17
11
26
35
15
23
17
24
7
15
6
2
2
13
16
21
26
8
26
22
28
14
36
9
23
31
25
34
9
18
10
34
25
1
3
10
8
4
21
5
21
6
27
30
25
33
8
16
16
1
32
34
27
27
18
30
18
29
34
30
21
28
24
1
23
10
22
10
20
28
30
35
30
21
29
33
21
6
12
27
15
4
9
10
30
21
16
32
36
8
16
8
6
26
34
36
6
17
14
28
1
6
11
18
25
29
7
14
32
25
12
19
36
25
35
16
13
11
11
7
0
21
28
16
35
0
0
23
17
1
31
26
29
26
27
20
31
25
10
14
26
1
17
27
28
30
27
32
7
10
13
16
31
34
32
29
0
36
23
31
28
5
25
23
18
8
12
23
8
33
25
36
17
24
14
29
