22
31
2
31
24
8
33
3
10
32
32
31
27
19
30
8
30
31
31
7
25
29
18
6
32
15
13
2
16
23
10
9
14
12
6
2
20
12
17
13
15
8
10
14
14
31
20
32
6
16
12
3
28
19
19
13
16
26
33
7
6
22
20
0
34
31
5
29
6
9
3
27
29
11
32
2
6
0
19
3
13
16
12
29
3
12
10
4
0
13
28
23
29
33
32
2
36
12
11
30
17
10
31
25
17
7
34
28
10
19
29
11
14
2
2
29
20
3
33
22
29
16
33
7
23
24
4
20
5
5
7
1
35
10
12
12
4
34
33
33
4
14
9
10
29
11
9
0
33
35
7
25
23
4
19
22
0
21
35
11
12
2
35
20
25
2
6
3
8
21
19
34
23
30
13
23
4
2
34
33
34
2
11
26
3
23
30
10
10
36
15
23
16
25
33
33
1
13
