31
32
27
0
2
19
22
22
15
23
10
16
24
20
27
5
0
36
15
35
22
5
3
2
25
13
23
5
21
23
4
9
2
14
28
8
25
17
25
19
11
36
16
12
16
6
4
5
8
24
11
29
22
26
19
13
32
13
25
34
16
24
8
27
32
4
23
29
5
11
7
34
9
28
3
18
10
33
0
10
25
27
3
16
34
13
2
25
17
34
8
11
1
3
3
12
10
12
9
32
35
36
27
20
13
27
22
19
9
35
34
31
31
3
17
36
20
2
32
28
10
7
6
13
30
32
21
17
15
23
1
17
29
32
16
14
30
24
26
32
22
6
34
4
21
6
1
16
13
34
2
22
14
31
33
1
3
35
14
7
3
31
31
25
31
14
13
13
4
34
24
28
11
33
36
34
17
12
15
14
36
14
8
27
1
15
10
28
4
30
26
9
8
10
28
27
20
4
17
4
11
