28
0
3
23
26
19
8
12
28
8
23
26
7
29
31
12
31
22
31
20
24
25
22
23
3
36
16
35
22
31
36
15
26
20
31
9
35
10
28
32
16
2
11
25
30
16
30
21
3
9
29
20
12
11
26
17
7
20
26
17
22
4
9
12
19
31
12
31
3
30
6
27
4
15
9
4
35
33
5
19
28
0
33
31
0
36
8
15
7
1
7
10
3
4
23
6
10
24
28
8
21
26
1
4
0
12
22
20
36
14
21
25
21
5
23
18
12
14
19
17
20
6
27
17
22
30
10
14
35
33
30
31
11
33
15
25
9
18
21
36
17
15
3
17
35
14
4
5
9
13
34
17
16
24
18
1
8
33
31
25
34
21
2
17
29
0
31
31
12
24
4
30
28
3
4
32
8
22
0
32
11
2
7
21
23
22
10
6
16
11
8
12
33
36
35
11
22
30
