26
18
8
28
11
14
10
16
23
18
18
31
0
30
21
31
20
5
34
25
26
23
34
25
17
0
9
20
25
10
23
22
35
30
32
1
3
35
22
32
31
17
18
18
0
2
15
5
14
11
3
1
23
20
26
7
35
20
1
10
23
35
9
4
4
15
5
13
32
4
2
35
23
15
15
5
3
24
9
0
23
19
15
32
6
11
12
10
34
2
18
16
21
3
5
11
13
13
6
31
18
14
26
9
10
25
35
5
20
1
25
0
23
11
36
18
18
27
20
4
2
28
0
2
35
18
0
23
7
23
30
13
2
11
28
22
16
34
8
33
4
15
36
11
31
29
2
36
12
16
36
21
13
28
29
13
27
34
0
12
23
12
34
13
13
13
28
4
20
12
21
4
22
12
24
34
15
19
35
23
9
5
14
10
28
14
7
16
11
4
0
27
22
0
35
32
0
0
