13
25
13
2
30
5
27
29
30
32
35
24
13
27
18
6
17
28
18
29
36
23
16
27
23
13
10
26
28
28
10
23
0
34
36
26
10
12
33
9
13
18
26
2
24
21
18
6
3
22
1
0
25
11
36
8
16
24
9
32
21
28
2
35
24
1
26
16
33
13
2
2
26
32
13
36
36
8
2
18
14
21
13
35
5
25
23
20
31
35
31
12
13
1
18
29
18
10
19
3
34
11
12
7
16
32
26
29
34
32
34
23
3
21
21
20
26
17
28
16
25
16
26
20
33
2
9
14
17
5
6
34
4
1
24
9
5
33
28
8
26
7
30
29
28
5
22
13
11
25
2
29
14
35
19
32
34
19
31
34
27
17
2
26
14
36
2
1
31
20
25
1
25
34
32
26
29
2
11
2
3
16
22
14
1
28
16
17
3
34
17
13
18
9
24
35
20
0
12
