8
10
8
23
32
20
4
22
20
31
7
10
11
1
9
26
27
11
1
5
16
29
17
25
1
4
1
2
31
18
9
10
26
5
24
5
18
19
10
32
14
27
21
4
17
21
6
33
8
20
31
26
19
10
19
23
36
17
29
36
3
25
22
7
32
22
13
23
15
7
10
29
3
5
34
25
21
34
14
10
33
16
5
21
18
11
10
4
34
20
32
25
2
19
23
25
27
21
13
2
17
16
14
19
19
14
25
6
20
16
7
34
12
26
29
2
28
3
5
4
10
35
30
14
11
7
0
4
3
17
21
34
13
12
19
2
6
16
33
4
0
8
12
33
34
33
16
16
12
11
6
19
17
4
5
35
1
0
36
29
24
34
28
18
16
27
16
33
13
27
21
0
21
4
26
12
19
14
14
5
22
15
11
8
13
28
32
17
24
31
25
28
16
32
20
24
2
19
15
20
