25
15
30
6
20
36
1
18
11
22
24
25
17
1
34
14
15
20
0
28
14
20
35
10
29
29
14
33
31
22
11
28
21
27
18
11
33
7
0
2
4
16
36
30
1
15
14
9
28
9
12
1
21
13
34
8
19
30
13
9
16
12
34
22
27
0
7
34
19
16
0
0
30
6
30
28
0
13
1
34
20
0
7
22
17
21
20
19
18
32
30
6
6
3
20
7
36
13
19
0
22
28
13
25
15
6
34
14
16
34
24
9
13
25
32
32
20
14
32
25
6
13
2
35
36
35
30
15
31
7
33
34
28
20
23
0
10
31
20
17
15
21
14
12
17
26
20
8
14
4
16
16
32
23
10
29
36
23
33
20
20
36
15
9
9
31
5
3
17
11
16
7
13
16
15
21
30
15
23
15
26
25
2
32
22
14
15
3
11
15
23
33
20
3
20
9
31
21
24
