23
28
11
15
20
6
5
3
8
5
4
33
23
9
28
21
23
33
0
7
11
36
9
13
22
25
17
19
6
12
32
32
10
11
30
18
31
29
23
13
13
5
14
27
29
27
17
15
31
36
14
18
19
12
16
12
30
36
5
31
29
36
0
12
19
27
25
36
36
8
32
1
19
3
0
24
0
2
36
8
27
11
13
11
25
36
3
25
11
1
30
16
24
27
25
13
32
13
19
19
6
8
29
35
23
14
28
19
2
21
35
14
6
22
30
15
22
0
10
30
0
31
2
28
27
33
17
15
33
6
17
15
34
20
2
6
20
19
30
22
1
25
30
7
1
25
10
18
8
34
4
36
15
12
16
25
30
35
24
17
20
28
18
3
26
19
17
23
8
3
23
1
0
36
14
16
8
20
29
34
26
4
20
28
9
3
27
27
28
17
34
15
4
31
25
8
21
18
25
29
