26
3
7
13
15
29
16
4
21
20
15
14
20
26
19
14
28
27
26
1
16
35
33
4
24
8
29
2
24
1
35
36
9
15
18
1
17
24
35
29
21
18
24
18
13
26
29
25
13
33
26
23
26
16
32
8
7
14
29
4
18
2
11
18
35
2
3
27
36
17
12
22
18
11
6
18
27
26
23
9
11
10
30
9
20
10
17
26
27
27
35
6
17
29
4
30
21
2
17
33
15
4
8
23
17
21
32
9
3
22
14
22
7
7
27
31
34
9
25
19
13
13
10
20
10
18
22
19
8
30
15
23
24
31
30
17
31
33
35
3
17
30
12
24
4
32
2
22
18
7
31
22
20
36
24
7
15
28
25
28
19
8
32
4
15
25
34
16
4
13
6
2
12
33
30
22
29
32
36
20
0
30
29
34
17
7
22
28
3
23
22
27
2
5
13
7
31
23
23
18
26
