37
3
3
5
13
20
28
33
25
34
15
25
2
35
36
36
2
29
32
15
23
16
35
15
11
0
2
18
10
20
31
29
35
36
22
2
17
28
24
24
9
18
12
34
30
26
1
1
29
3
29
14
26
24
19
20
2
23
15
21
10
28
18
34
27
29
1
12
13
25
0
4
10
35
11
17
5
5
35
20
18
27
7
2
2
23
13
11
24
6
10
22
11
30
15
1
4
24
11
11
4
34
35
1
20
8
4
4
18
22
3
18
1
13
18
24
27
10
24
6
5
1
3
34
5
17
34
27
26
4
32
8
35
1
29
30
0
32
22
4
33
33
15
29
17
18
30
18
29
0
21
20
27
20
8
28
2
36
1
20
24
33
17
27
21
15
17
16
23
8
16
18
5
28
14
34
4
35
9
24
15
0
4
29
4
26
15
3
35
30
20
27
30
16
22
33
