20
22
22
7
28
35
9
25
3
13
23
17
36
34
16
21
2
4
6
23
29
31
8
8
24
10
28
4
14
35
1
35
24
16
25
30
22
26
6
28
23
28
13
3
26
29
5
20
5
34
25
9
16
35
16
23
15
28
7
25
31
28
22
9
7
30
6
15
4
7
32
30
36
10
5
24
10
6
12
21
5
20
29
32
24
25
7
14
31
30
33
12
20
18
15
10
15
6
20
5
31
22
34
5
16
8
9
24
34
26
11
20
28
32
27
9
16
36
35
28
20
34
26
31
15
3
31
25
2
3
12
24
34
25
25
11
2
7
28
28
28
19
0
31
29
15
5
32
16
3
18
11
16
33
21
27
32
8
28
33
27
4
10
19
11
15
30
30
7
30
1
16
20
16
35
17
22
33
5
16
19
25
13
22
5
2
18
2
15
23
15
3
1
26
24
20
4
0
14
31
