16
30
4
29
15
11
27
12
1
30
17
17
16
34
18
24
20
27
6
34
11
5
2
9
11
27
26
19
10
2
17
22
27
3
33
12
13
7
7
19
20
14
0
33
30
25
11
29
22
9
15
11
21
21
1
31
1
2
16
8
17
23
29
11
3
0
6
8
12
28
33
33
27
35
31
30
20
2
4
23
9
25
24
23
34
3
10
6
6
34
3
36
3
35
15
23
4
25
36
36
33
22
35
25
3
0
2
8
18
12
23
5
14
30
30
27
20
1
30
24
23
9
21
9
27
9
26
4
6
3
12
17
6
22
33
30
4
21
8
17
0
19
1
18
11
35
13
31
20
9
24
2
11
24
31
27
3
16
14
36
29
26
21
13
18
36
25
6
9
23
31
25
9
31
3
17
25
16
31
27
6
21
29
0
20
31
30
27
7
20
19
34
28
5
29
28
7
