6
36
8
19
18
28
28
11
12
28
10
29
22
6
8
29
11
6
7
25
10
10
35
15
29
26
34
34
26
20
3
8
21
21
4
13
35
4
0
31
12
23
34
36
15
5
8
4
15
10
2
20
34
27
34
19
26
23
10
33
25
30
10
17
2
24
13
8
18
10
19
9
18
23
19
15
36
22
36
7
21
2
8
33
29
28
17
4
25
27
23
4
20
31
30
3
32
34
15
19
35
31
32
21
4
7
25
20
10
28
24
1
20
5
33
12
27
7
11
12
17
27
36
30
13
14
13
28
11
3
6
17
26
21
28
8
8
5
33
15
9
20
20
24
9
5
14
25
31
13
23
32
13
3
14
22
17
1
12
33
15
36
6
32
29
34
7
7
26
13
5
31
29
4
18
29
13
28
20
9
28
13
1
4
14
16
22
32
24
25
32
34
1
23
3
19
26
22
33
0
