6
16
31
4
19
1
33
35
10
18
20
27
7
31
17
27
1
0
8
2
21
9
16
4
21
14
3
33
18
36
9
36
25
14
7
0
12
34
26
10
31
32
35
30
6
35
6
35
25
21
1
2
27
23
21
22
12
27
11
28
12
19
0
8
4
36
3
6
25
21
25
33
11
36
25
1
25
26
14
24
29
27
9
35
4
23
19
12
34
11
22
25
8
22
23
0
26
32
35
15
9
28
26
5
2
19
12
9
31
20
4
4
22
19
15
27
9
12
27
7
9
32
13
11
30
24
17
21
28
11
28
2
23
35
34
28
28
2
0
34
36
18
2
1
10
34
5
36
20
20
14
14
19
21
32
0
35
1
9
2
17
30
18
9
13
32
0
11
23
35
2
36
18
0
5
24
12
24
20
0
34
1
35
1
2
23
23
21
9
22
36
31
3
21
34
18
13
13
30
24
26
