25
11
23
25
24
7
0
2
34
7
13
16
29
33
36
35
16
6
34
19
34
18
18
29
18
0
35
23
4
21
11
28
32
36
33
3
34
26
33
2
31
32
30
10
1
7
11
21
33
7
10
9
35
20
24
2
21
32
5
24
25
35
7
4
2
32
9
26
11
2
9
31
12
36
10
30
14
7
15
25
32
17
2
22
26
17
7
1
32
2
30
5
30
30
28
24
1
20
36
21
28
33
5
0
16
36
32
20
28
25
33
4
28
3
32
26
22
7
10
0
22
25
9
21
24
10
9
8
6
30
19
9
2
36
0
24
13
25
36
13
36
20
3
22
6
21
15
16
10
30
17
21
18
0
36
13
35
36
1
19
26
3
9
34
26
34
25
13
10
9
18
9
19
8
19
9
1
27
8
5
7
35
23
21
23
12
10
36
5
36
15
8
30
11
16
27
12
4
