11
10
27
20
18
32
12
33
34
26
25
19
20
25
23
8
11
24
19
16
30
12
9
31
28
14
23
16
31
16
8
3
12
21
10
31
6
2
1
26
19
0
23
18
8
34
18
12
8
19
25
23
12
19
23
21
31
11
6
26
12
24
4
17
1
35
6
27
33
8
33
21
13
9
12
30
32
3
17
7
16
34
22
31
24
2
11
33
12
34
0
24
9
8
15
17
12
5
36
4
21
22
1
25
29
6
32
27
22
16
15
32
2
20
13
30
6
32
30
34
23
0
4
30
28
19
25
27
9
12
34
19
27
29
35
3
13
18
25
21
36
16
18
23
11
15
23
22
19
14
28
6
7
6
21
17
21
24
34
34
30
20
25
16
13
1
29
32
23
10
8
7
17
3
32
3
29
8
24
4
8
14
12
6
31
7
8
25
34
0
36
14
11
36
0
9
26
12
35
