3
19
14
0
16
6
36
10
31
32
16
6
0
25
22
13
29
8
1
19
14
28
14
27
28
6
36
26
6
5
32
27
12
27
34
29
9
18
11
29
29
6
8
27
35
25
32
18
32
24
15
21
18
22
15
31
12
36
10
31
30
35
24
18
3
0
25
9
29
23
20
11
28
2
22
32
8
8
5
4
19
35
9
21
11
9
18
3
12
4
25
17
16
21
36
32
9
8
3
35
36
4
29
27
23
9
26
8
23
9
25
19
21
5
3
16
26
22
17
23
31
14
5
21
1
8
25
34
23
20
24
36
32
23
4
28
15
25
18
36
2
20
22
17
10
2
34
0
7
6
1
19
1
20
30
19
2
27
29
3
7
0
28
5
10
22
11
30
28
34
0
25
13
27
14
19
31
29
32
5
31
11
12
36
29
20
24
16
29
14
10
10
19
5
23
7
9
