16
18
30
30
35
25
11
35
9
14
14
22
25
26
5
36
21
18
27
9
2
22
5
20
27
0
2
2
0
28
22
21
19
13
25
6
8
14
14
12
36
23
17
7
19
33
2
1
34
17
20
17
20
36
18
32
2
27
13
11
12
14
1
11
15
28
2
0
15
25
7
34
30
5
21
10
22
0
11
4
9
4
18
35
7
27
8
7
30
30
19
35
31
17
35
21
33
22
14
34
21
2
36
10
16
11
3
12
2
27
23
33
10
19
17
15
11
3
33
34
8
18
32
11
31
34
35
31
20
11
6
32
23
8
4
16
19
17
11
15
5
27
18
30
8
18
6
0
0
33
0
7
17
27
7
7
10
33
4
31
28
32
33
14
4
27
9
3
11
33
10
13
7
6
10
31
15
21
1
1
15
34
32
33
32
3
2
13
15
7
25
35
8
30
26
15
1
26
0
0
33
