31
17
7
9
27
26
12
8
15
20
24
25
5
22
16
25
9
8
17
25
30
26
33
33
3
22
21
33
15
36
0
26
35
6
24
17
22
0
5
15
20
13
1
9
24
26
20
13
34
25
34
9
16
26
14
4
9
0
12
29
5
9
32
25
17
35
30
26
7
31
16
35
29
23
6
8
0
19
19
5
16
6
34
17
35
13
8
31
0
7
21
4
2
31
10
18
5
9
30
1
5
12
6
1
15
25
2
0
5
36
10
36
30
30
25
1
19
24
24
34
11
15
35
24
24
36
6
4
34
11
25
34
12
7
31
5
13
2
22
20
34
8
8
11
25
34
5
4
30
33
14
20
30
21
34
8
22
24
14
30
30
12
36
34
15
27
34
33
7
36
16
29
23
15
23
3
1
16
29
6
6
19
19
7
33
12
24
35
12
19
22
36
21
23
16
35
