12
13
15
11
21
15
35
16
16
12
17
1
30
31
30
9
12
3
32
10
34
22
34
8
2
11
20
32
1
26
10
35
8
27
12
30
35
22
27
31
5
14
12
20
6
9
30
8
2
29
16
35
11
5
0
12
8
32
30
33
13
27
18
18
6
2
35
10
33
27
24
22
29
9
12
1
30
7
5
6
30
2
2
28
32
2
6
24
24
32
21
26
13
1
34
30
36
31
3
30
17
34
12
14
5
23
24
31
26
30
17
14
17
17
35
17
0
29
25
32
7
13
23
9
19
13
6
4
9
10
1
15
28
4
36
17
30
2
31
5
31
15
20
31
26
11
18
31
18
31
2
21
24
6
7
11
36
10
1
11
8
34
10
9
33
27
32
0
32
23
17
31
1
21
36
9
18
24
24
30
34
14
15
26
27
24
6
21
11
33
17
24
4
22
4
27
25
