15
19
26
19
17
24
18
13
36
35
36
27
29
16
18
18
32
25
2
5
31
14
6
6
32
25
16
35
1
32
27
26
30
24
3
30
18
34
7
14
2
31
6
7
27
26
34
12
6
20
6
2
7
10
36
32
26
14
7
6
13
31
12
11
12
18
31
33
10
18
34
25
11
4
28
14
34
16
2
10
21
11
15
15
5
33
3
31
13
27
25
28
16
4
31
9
23
34
1
6
29
23
25
19
15
19
28
33
23
13
3
23
25
32
32
9
12
27
34
21
13
31
34
14
9
30
20
5
32
14
31
35
21
26
21
5
26
25
27
16
6
1
12
4
8
24
21
10
5
15
22
28
20
29
26
19
13
20
6
26
18
34
0
9
0
29
24
19
0
6
11
29
28
27
6
27
6
10
6
30
36
3
15
31
14
36
35
28
27
35
18
12
26
8
7
11
14
14
