22
28
31
30
20
35
34
36
28
6
30
12
16
36
14
8
16
18
34
27
35
1
7
35
27
35
31
33
1
1
20
32
22
32
8
23
35
30
9
25
5
16
2
29
15
31
9
34
18
6
24
17
34
30
24
15
26
22
32
1
13
13
1
27
33
31
14
33
36
7
10
21
17
36
7
25
27
11
1
23
21
14
27
14
27
28
20
16
27
1
11
10
4
30
27
2
14
9
24
29
3
8
34
4
13
13
2
4
9
12
25
30
9
27
15
12
32
26
9
19
19
26
34
19
18
4
16
15
16
4
17
0
32
36
2
13
33
30
10
33
11
3
29
26
21
14
9
7
7
6
33
6
15
7
23
9
23
17
6
8
35
21
7
20
26
21
3
6
7
15
4
16
26
16
11
30
14
15
29
6
3
13
34
21
32
4
7
31
8
5
7
25
4
12
32
18
26
32
24
6
