5
3
14
24
3
5
12
10
2
25
6
5
14
8
1
8
36
30
28
23
31
26
6
17
35
13
33
19
13
22
10
6
18
10
33
21
30
12
25
26
9
10
9
29
9
25
32
36
4
33
18
22
36
33
3
19
8
9
3
10
33
21
29
28
7
6
13
25
11
17
6
8
2
10
12
26
6
33
1
27
23
30
28
15
0
10
26
23
11
17
36
17
31
4
14
27
25
35
14
23
13
33
3
21
10
20
30
7
16
16
10
28
0
10
1
3
23
30
4
33
16
1
35
19
12
30
18
36
20
1
3
26
7
1
0
3
22
8
21
11
29
10
24
24
35
20
12
0
36
3
28
25
5
21
15
11
12
16
29
8
9
9
18
32
5
17
13
11
10
30
29
24
28
31
32
11
6
35
13
2
7
18
28
21
0
30
1
32
29
30
19
5
27
1
14
21
1
32
