26
1
9
17
0
15
12
12
24
26
14
6
18
9
18
14
13
26
34
18
21
12
6
13
7
25
17
1
29
35
17
35
35
4
34
16
32
9
22
35
22
1
34
15
17
30
34
32
18
10
17
22
19
31
22
28
15
21
12
21
35
27
17
17
7
14
32
17
18
17
14
9
32
24
26
21
23
34
18
26
8
34
21
27
19
12
11
36
6
25
17
28
26
20
11
27
24
33
13
13
36
8
8
29
31
13
28
32
27
13
32
17
30
11
23
5
10
11
8
28
26
28
13
10
11
20
32
15
5
29
5
12
16
6
6
6
24
36
23
0
12
23
12
31
6
31
4
35
8
26
10
23
30
33
32
10
27
3
15
20
31
14
7
33
36
21
31
27
32
28
0
18
30
9
22
6
32
13
13
26
34
17
25
17
22
4
25
19
35
2
11
24
16
4
18
30
18
