32
28
27
10
21
11
19
25
8
17
12
18
27
36
24
12
29
29
7
27
8
8
28
35
28
25
13
29
31
11
6
29
8
1
30
20
7
36
6
0
21
1
16
29
8
24
5
25
17
25
24
1
36
29
14
11
6
12
14
27
6
1
7
24
16
13
2
14
35
8
33
33
12
4
1
9
6
25
18
11
34
8
27
8
31
35
33
20
5
7
28
13
24
30
1
11
15
2
27
9
10
7
32
3
28
15
34
12
4
18
13
30
22
17
34
25
27
18
13
18
3
31
30
18
20
34
20
14
33
26
2
20
28
3
18
18
6
11
31
3
22
2
35
4
19
34
21
33
27
14
18
27
1
4
12
20
27
11
34
34
2
1
13
14
18
11
2
25
12
2
13
36
10
28
11
7
24
10
15
10
25
21
34
31
30
23
13
16
22
26
21
29
24
29
9
11
4
30
