28
21
35
32
5
12
19
3
18
20
18
2
20
18
2
14
13
1
16
18
17
2
17
30
6
17
2
17
2
25
10
2
8
4
10
19
17
8
29
7
17
2
26
28
22
23
6
31
28
13
9
0
28
19
5
34
5
18
31
20
18
36
20
23
2
25
2
32
12
35
29
26
20
0
22
33
11
11
3
24
17
1
3
29
5
8
23
17
5
13
0
23
24
7
3
16
17
21
10
12
17
24
9
10
6
5
31
24
29
16
36
13
32
5
26
9
0
24
28
10
2
3
17
10
35
14
10
6
21
18
24
27
4
8
12
0
31
7
32
30
0
2
36
28
32
9
16
24
6
7
31
30
18
11
30
25
13
34
26
34
6
8
10
10
21
14
18
6
1
32
32
5
21
29
27
24
2
14
2
18
15
15
34
23
36
10
3
21
16
18
15
20
10
15
2
12
32
32
31
