29
19
1
26
25
26
8
31
32
9
22
1
14
7
22
16
36
18
36
1
12
34
10
3
3
2
23
25
4
12
11
22
35
36
12
29
4
35
35
26
33
24
7
30
31
4
10
23
9
36
11
30
5
27
11
11
14
26
20
2
23
1
26
27
31
22
15
1
4
13
28
9
19
3
4
22
5
36
27
16
20
16
10
24
29
23
16
27
23
20
28
19
2
26
20
1
13
19
26
30
15
12
24
23
23
15
5
34
24
24
13
5
6
10
25
19
1
11
19
35
16
0
17
20
35
12
1
30
22
18
24
15
6
19
29
22
28
5
18
6
17
29
27
21
27
10
24
29
10
35
9
21
7
16
35
20
2
27
36
16
15
18
30
18
8
33
24
3
32
10
8
4
15
13
20
14
19
15
4
2
9
6
21
17
16
8
7
4
32
20
34
0
17
16
32
36
33
26
