14
5
29
15
23
32
12
16
28
24
22
16
30
34
33
14
3
15
2
23
24
17
25
18
21
13
22
36
20
32
16
24
36
28
10
26
25
26
17
13
8
34
17
21
17
35
35
8
24
18
36
21
33
13
10
23
15
30
17
22
4
17
15
31
33
13
6
6
25
6
26
36
0
6
6
26
9
22
21
9
20
14
29
14
35
29
8
22
14
12
2
2
1
35
21
19
7
26
2
23
18
4
24
14
1
30
12
35
17
4
34
30
10
12
14
20
31
25
22
16
25
10
8
16
35
30
28
22
22
4
6
0
17
10
15
32
32
22
34
32
3
10
0
22
29
15
0
23
28
4
28
17
26
9
28
17
25
29
36
16
28
0
0
34
23
13
21
30
8
22
24
19
20
1
25
3
17
15
3
30
14
22
19
36
19
9
23
26
12
18
33
16
22
22
34
18
30
