16
32
28
12
7
5
35
24
31
12
25
34
18
19
4
3
5
21
25
11
3
5
34
23
22
18
13
33
27
25
27
24
36
36
30
4
19
25
32
12
13
36
22
5
32
21
16
22
10
31
8
33
4
30
11
36
6
13
26
0
13
25
15
26
21
12
10
6
6
34
22
16
27
22
13
16
22
14
0
33
12
8
1
10
31
33
26
23
28
10
30
6
22
34
15
34
26
17
4
32
23
5
34
5
7
4
16
5
15
23
31
32
36
8
18
4
15
3
26
21
18
5
21
28
9
26
12
14
13
7
33
0
18
3
35
4
18
14
22
8
22
8
28
35
18
34
20
16
0
31
21
14
20
19
0
27
8
4
33
5
36
0
35
20
31
24
27
22
7
29
20
10
19
14
20
6
14
24
14
21
26
1
35
28
3
29
28
12
25
1
34
15
29
2
13
0
15
18
28
