4
25
29
14
21
21
13
2
15
27
0
35
19
4
28
7
15
3
35
32
26
31
11
19
23
11
9
18
15
8
18
4
31
22
4
14
18
33
19
3
9
16
3
17
4
11
36
20
1
16
6
25
22
23
18
24
7
25
19
20
1
17
24
30
31
3
5
27
16
29
31
5
30
17
9
18
21
20
1
29
31
31
10
11
8
34
8
22
25
26
24
2
6
32
6
21
6
33
3
25
24
22
15
14
19
35
14
27
12
24
24
23
34
26
25
1
11
30
31
13
27
33
9
28
30
2
25
10
25
21
31
30
26
33
25
3
19
29
21
13
21
6
18
9
23
31
14
22
8
21
15
22
36
7
5
26
21
3
21
13
31
17
11
27
10
8
9
17
29
0
5
22
32
8
7
16
9
18
13
25
35
6
22
8
2
22
7
2
27
2
3
36
2
31
27
31
14
12
24
4
