7
1
11
13
30
6
17
35
13
32
22
4
23
29
22
2
7
9
8
25
15
17
6
15
8
14
26
28
30
31
7
5
10
18
14
9
11
27
14
6
0
26
4
8
18
2
6
12
6
32
27
8
14
35
16
12
7
14
2
28
9
15
4
8
2
19
27
16
24
8
17
30
31
18
24
0
1
8
14
11
23
33
23
4
21
35
27
16
14
21
8
12
18
29
15
19
26
15
25
35
2
14
12
35
22
11
5
1
28
12
18
30
21
24
35
33
24
13
35
30
2
15
18
5
12
22
36
20
7
3
27
36
28
2
27
0
13
30
2
17
25
6
9
26
28
9
7
30
5
9
19
3
17
13
29
28
7
7
16
5
17
12
36
36
32
0
8
27
11
23
17
35
16
28
33
19
31
12
11
7
11
30
21
19
30
18
26
25
7
15
11
8
16
3
10
35
29
20
