1
9
22
16
23
27
30
15
34
6
34
34
18
15
35
3
23
31
0
29
26
23
24
5
0
13
3
14
31
12
14
22
0
0
4
7
13
5
27
19
5
33
32
22
19
14
16
32
3
34
26
24
19
2
24
13
25
34
32
35
35
24
6
6
13
2
0
2
34
30
28
18
8
7
36
7
21
12
29
26
18
33
23
33
26
35
28
8
26
28
29
14
9
35
28
32
8
36
3
2
18
14
8
3
16
36
15
5
28
23
18
9
7
35
9
25
12
18
14
32
34
9
17
21
28
9
11
6
3
29
0
4
2
1
1
7
14
8
0
19
15
5
7
35
27
16
35
2
10
19
33
18
31
10
27
7
21
24
31
19
2
23
12
31
5
2
23
29
21
15
21
13
19
34
6
11
24
31
16
31
14
19
20
28
36
14
7
0
10
10
29
20
22
9
23
0
16
18
35
4
