9
10
29
32
12
6
14
29
13
15
8
18
36
12
0
15
28
15
22
34
12
26
22
14
8
11
8
10
34
31
23
29
24
2
30
6
22
9
33
20
5
19
26
4
24
31
23
36
31
12
30
17
36
16
23
0
15
9
13
33
15
30
31
32
1
15
20
9
3
7
22
4
22
27
25
14
31
23
20
1
12
5
23
6
34
10
6
9
10
15
32
20
12
10
12
18
18
4
17
19
9
26
26
23
3
16
22
2
10
18
6
32
27
8
12
19
28
0
21
24
1
10
7
18
18
31
10
30
21
30
6
13
0
1
27
23
5
17
8
29
12
9
28
11
29
12
20
24
16
2
10
8
34
17
30
16
33
31
34
18
25
34
29
0
32
18
1
27
1
16
36
26
29
9
6
7
14
21
25
13
25
34
32
35
16
28
30
9
28
33
5
20
12
29
31
32
2
