5
36
5
9
28
17
18
31
0
6
7
3
6
0
11
19
32
12
6
1
33
0
30
32
3
9
36
16
26
36
36
18
24
33
28
21
10
24
1
6
18
1
3
23
21
17
8
10
29
36
29
3
32
34
19
2
16
7
18
9
26
4
14
3
30
12
6
26
2
12
26
23
1
36
2
8
35
4
19
13
23
20
20
10
10
13
7
27
11
24
23
35
7
14
26
3
31
9
7
21
35
5
25
9
34
2
30
14
2
35
8
34
28
30
25
22
28
24
6
31
7
11
19
35
36
26
30
8
0
22
17
9
20
24
8
10
12
1
14
7
14
12
34
30
7
1
10
31
26
17
31
28
33
5
23
26
35
12
33
16
2
26
15
27
33
27
2
16
0
13
33
18
13
12
6
12
18
11
36
29
34
21
10
36
13
12
12
10
30
34
7
15
18
36
10
9
