12
18
28
3
36
29
1
30
0
9
8
13
20
8
16
4
26
12
26
6
12
7
19
15
33
27
26
32
16
31
22
34
27
14
26
34
22
36
12
12
15
35
1
28
32
32
28
29
29
30
2
24
16
35
30
34
32
8
6
21
6
22
31
13
15
5
11
6
6
20
3
18
28
22
12
4
31
30
36
29
14
15
5
12
35
32
20
3
21
19
21
11
29
36
20
31
10
0
4
5
4
3
15
15
20
12
6
24
32
36
9
17
4
29
28
18
9
21
23
31
7
35
17
35
33
13
18
21
34
28
1
35
28
26
20
28
0
27
19
1
4
21
2
28
13
23
7
7
34
13
5
13
25
9
23
31
34
24
5
15
30
31
31
19
22
18
33
34
18
18
33
14
6
29
26
18
17
10
30
15
31
19
19
3
23
5
15
0
5
15
5
12
30
16
22
27
12
15
2
13
