19
31
28
14
30
8
36
13
32
29
18
26
27
2
0
20
33
32
25
12
21
0
4
9
9
13
27
3
29
33
8
36
25
34
29
25
27
7
5
11
27
3
6
31
2
17
5
20
8
15
26
23
19
31
4
6
14
0
10
19
35
12
16
1
19
30
12
25
33
35
30
4
7
23
30
29
34
23
34
35
34
0
15
34
20
22
4
35
33
35
5
11
22
0
18
4
25
17
0
27
35
29
27
24
36
11
5
2
30
0
4
31
19
22
28
17
26
24
7
23
13
6
32
30
25
31
3
0
31
16
13
11
32
3
21
36
18
15
8
15
15
33
32
31
22
8
21
15
9
13
27
7
34
9
24
11
8
34
26
21
16
33
8
15
19
14
22
31
19
8
35
9
20
8
28
6
19
24
10
29
31
24
31
18
15
8
0
26
13
8
12
5
15
24
19
16
12
3
