32
35
33
30
33
15
0
33
30
7
27
22
4
6
22
24
14
5
24
31
17
8
7
8
22
32
3
36
5
2
36
36
21
3
26
22
12
2
35
29
18
27
25
31
16
25
25
33
23
19
12
32
23
28
12
7
11
18
36
20
34
28
29
18
31
22
16
0
1
35
21
21
8
1
19
3
20
21
25
25
22
11
23
2
28
6
18
28
6
24
17
11
36
34
36
23
6
15
19
23
14
1
12
24
14
12
13
14
7
24
2
34
23
23
8
19
30
24
21
27
31
15
30
13
3
17
31
29
5
32
22
0
36
0
12
33
26
10
22
12
30
0
14
8
32
9
27
7
6
14
3
29
24
30
24
22
31
1
27
11
11
7
7
7
20
0
35
10
12
6
6
26
30
30
24
3
26
26
25
2
18
2
34
35
35
34
16
9
13
2
33
9
0
8
5
14
25
8
