25
27
18
3
30
28
1
14
14
17
31
22
2
32
13
1
6
4
10
7
6
9
29
30
28
12
13
33
33
30
29
7
2
14
15
7
24
0
4
1
6
1
32
32
9
25
1
33
2
19
17
18
7
20
17
9
26
19
20
13
8
4
18
15
8
20
27
0
12
19
28
12
14
26
24
28
32
10
16
23
17
5
36
3
9
34
36
32
32
29
35
11
8
3
11
11
34
18
29
29
21
29
33
29
31
2
21
26
10
6
17
14
12
35
0
7
31
32
6
36
5
27
36
21
1
29
2
19
25
18
33
13
35
10
27
35
2
19
22
18
4
18
18
26
2
8
9
30
21
0
23
4
13
22
16
24
20
8
16
30
11
2
8
32
10
28
3
11
35
16
27
33
25
4
35
16
17
4
28
22
8
7
12
5
6
0
17
15
4
16
27
15
6
12
11
27
28
29
