4
28
19
9
21
26
36
35
27
33
4
24
0
34
10
12
6
1
31
13
34
20
6
35
13
28
3
30
19
1
13
18
26
2
30
7
29
10
23
3
6
33
34
31
3
11
7
15
24
26
4
4
11
30
36
26
20
24
26
35
21
31
5
34
9
1
4
7
24
26
31
27
0
29
3
19
1
5
14
10
20
30
17
14
31
11
3
19
27
21
29
28
0
2
35
24
2
30
33
16
5
3
21
12
5
11
4
3
15
23
0
25
22
28
26
8
21
35
5
30
26
4
8
7
7
0
12
8
4
22
36
16
36
10
23
34
2
10
30
0
29
6
28
35
21
10
33
35
21
23
21
6
6
7
35
26
27
15
7
6
24
1
5
24
21
30
9
20
10
10
1
21
16
10
3
19
27
36
8
33
26
21
26
7
5
33
13
14
17
1
21
0
31
36
33
30
34
22
6
33
