19
23
9
18
22
21
21
10
0
7
8
9
26
28
19
3
21
11
36
26
32
17
19
11
6
15
33
8
21
11
20
3
5
29
0
14
4
1
13
24
15
3
29
29
29
36
9
29
34
33
29
3
24
32
6
12
19
11
13
10
35
3
18
10
5
2
13
27
9
4
14
30
16
17
28
15
8
14
15
4
31
31
5
4
33
22
9
13
11
4
14
9
23
16
5
4
8
15
16
22
16
1
36
23
10
20
36
33
6
3
13
18
24
17
7
7
6
36
33
28
16
1
4
34
28
23
4
19
11
12
26
7
17
20
26
15
3
28
25
22
33
28
20
12
1
25
20
5
16
26
5
13
26
10
31
27
19
21
1
10
8
12
33
22
10
12
10
30
1
29
0
16
28
8
0
33
18
27
14
10
26
26
10
18
27
5
19
19
22
10
4
12
12
21
1
30
13
