30
11
7
16
36
27
34
8
23
24
14
14
6
29
31
1
10
3
30
17
16
17
15
34
34
16
2
1
5
21
19
13
10
7
14
31
26
6
14
9
1
27
26
11
26
4
3
20
5
29
19
5
36
5
16
14
15
22
36
18
27
1
18
18
4
21
30
29
22
27
12
24
8
0
27
18
33
17
10
27
16
13
18
35
3
35
33
33
30
30
6
6
17
35
8
6
14
32
10
12
17
6
32
25
15
19
1
25
32
6
14
31
10
35
2
24
5
25
15
21
25
31
9
25
11
11
7
27
19
21
34
18
14
17
19
4
10
1
33
20
26
30
2
36
21
7
29
15
9
30
3
35
12
9
28
4
28
27
2
11
9
24
1
10
27
8
25
5
11
35
14
5
14
25
19
29
20
12
0
20
1
18
17
12
21
28
6
6
30
14
24
4
33
3
29
25
22
