27
2
16
12
10
8
3
20
5
8
25
16
20
12
35
26
26
15
16
6
7
26
17
10
28
9
16
13
4
25
21
9
10
36
25
12
8
21
3
34
21
9
26
6
23
1
28
29
5
14
10
6
31
29
25
4
16
10
29
15
11
2
29
33
33
11
16
34
11
31
33
7
21
25
12
4
7
14
27
9
1
20
22
20
13
21
20
17
14
30
4
15
16
14
1
0
19
21
20
17
19
22
21
9
36
12
14
28
22
13
20
28
35
9
14
0
27
10
35
24
22
34
33
22
23
28
28
21
22
19
12
36
31
36
5
2
3
17
28
24
10
33
9
7
16
32
15
21
22
35
29
2
18
0
14
0
2
30
10
15
12
29
1
21
0
4
10
31
15
30
14
8
13
31
21
18
8
3
28
19
28
12
31
17
8
36
20
19
29
36
34
35
19
21
31
33
17
15
34
0
