23
2
36
29
10
17
24
16
5
7
36
2
36
25
24
35
4
30
8
7
14
28
3
17
11
16
8
23
3
8
10
18
16
29
31
19
14
2
25
30
7
12
30
7
20
15
18
12
34
28
27
33
20
13
11
16
13
3
7
16
21
24
16
19
9
31
6
28
22
25
15
11
30
2
1
32
1
33
21
26
33
22
29
34
21
22
19
15
21
32
3
22
17
16
9
20
15
3
13
8
33
19
1
16
0
2
35
19
2
4
15
7
12
24
14
4
28
3
12
25
5
8
16
5
27
20
3
6
28
15
14
12
6
14
25
24
19
34
8
14
26
16
22
7
21
22
36
2
30
5
28
2
36
21
26
31
35
25
4
9
4
20
11
12
29
16
19
5
12
3
27
36
4
30
4
5
3
17
28
31
9
36
16
17
5
30
3
11
7
31
26
27
19
7
29
27
1
20
27
34
13
34
22
