10
16
1
5
8
25
33
3
23
5
22
33
12
33
25
18
10
0
17
12
27
28
8
15
1
27
17
9
26
30
29
26
22
16
0
13
6
6
10
12
29
2
5
17
12
0
24
1
22
12
36
2
20
5
1
36
19
19
24
27
7
32
5
28
22
21
17
16
5
27
7
21
15
0
36
20
1
23
16
21
24
1
24
24
22
18
5
20
32
31
2
18
2
6
29
26
26
33
7
29
33
5
33
28
7
21
8
36
30
25
21
4
12
5
4
27
30
29
28
32
22
7
34
13
13
21
28
12
13
29
10
4
12
28
13
8
15
15
9
2
29
30
0
9
31
3
23
31
10
6
20
30
24
16
5
13
15
8
13
0
13
14
12
24
8
17
8
29
19
1
9
7
30
29
21
32
12
16
10
28
0
17
1
35
13
12
35
36
2
3
19
29
12
25
21
2
13
3
9
