13
9
5
25
24
34
23
13
29
36
14
19
33
35
10
31
16
33
36
34
31
36
25
11
14
8
3
22
7
30
4
22
2
36
34
4
5
27
33
36
24
32
7
33
19
9
21
28
30
36
8
6
8
32
2
26
29
35
27
22
10
30
34
18
33
28
32
9
22
30
34
5
24
31
25
31
29
25
19
34
35
13
12
15
16
29
33
0
34
9
25
10
32
2
23
33
6
15
26
36
2
8
10
2
2
12
22
5
27
35
35
19
22
20
20
27
8
12
7
13
2
15
18
33
12
34
19
24
19
14
16
26
30
7
35
9
25
4
30
25
29
1
17
20
34
33
25
29
12
21
0
18
34
33
36
32
11
5
28
23
32
28
5
26
36
3
30
35
16
26
10
36
8
23
15
23
30
14
32
21
15
3
13
7
23
29
16
27
28
28
4
32
23
30
31
11
9
