30
16
10
20
30
33
36
8
24
29
6
14
24
26
25
36
21
24
29
7
8
25
21
21
21
12
35
31
11
25
17
9
14
0
3
15
23
24
1
36
6
24
11
17
35
11
13
21
29
26
36
28
17
1
26
23
15
12
7
26
0
31
16
25
27
29
19
33
10
11
32
19
9
2
8
1
32
11
34
34
5
22
26
24
23
23
15
0
23
17
7
21
1
24
10
25
21
21
16
17
24
25
32
36
5
28
33
10
25
24
22
0
33
18
26
31
3
17
9
7
24
16
28
9
0
30
6
35
25
32
23
10
7
27
32
32
27
15
14
8
31
13
22
2
32
28
31
24
27
7
16
5
12
36
14
2
24
36
19
28
23
13
30
7
12
19
1
14
15
18
35
33
34
18
25
13
9
24
27
30
17
13
31
24
5
13
26
12
13
29
9
3
36
19
26
36
34
30
27
13
7
19
