5
0
13
21
1
8
11
30
24
34
8
15
36
11
27
26
3
8
31
4
11
18
2
35
24
30
28
31
27
14
20
34
35
1
1
5
3
35
21
35
20
18
8
20
14
27
33
7
25
16
4
29
19
10
36
31
23
16
26
16
0
34
32
5
11
24
0
9
30
2
25
5
21
12
16
20
5
33
12
24
27
17
30
35
9
6
24
0
14
10
3
14
33
11
36
5
32
18
7
32
6
33
19
15
11
11
14
25
18
23
27
31
27
16
17
5
36
30
33
32
19
14
32
23
36
7
27
9
29
27
4
26
35
14
22
31
15
4
26
4
3
5
0
35
27
10
9
0
10
10
26
6
32
28
33
11
9
27
17
10
9
18
4
16
21
14
23
24
1
33
23
16
29
14
26
20
6
3
5
35
30
29
17
12
21
32
19
21
28
25
17
5
11
29
25
10
