8
35
19
25
6
22
13
23
10
1
26
26
28
10
30
13
36
36
9
8
32
16
27
27
22
17
22
15
17
36
25
15
13
11
16
0
34
27
23
17
16
2
6
35
11
3
8
13
29
4
32
27
32
4
15
16
0
23
17
27
21
32
5
12
4
3
1
6
32
9
2
2
22
4
21
5
28
26
32
30
21
5
14
24
30
1
30
15
28
35
18
36
25
26
28
22
2
13
2
30
12
4
4
34
24
20
26
10
30
15
12
6
5
16
9
23
13
8
4
11
19
4
12
3
29
0
2
6
15
13
18
7
10
25
1
23
14
11
21
23
15
33
6
22
30
5
29
35
16
7
6
1
12
4
33
35
20
17
26
7
19
25
20
3
5
20
19
0
35
36
27
6
10
10
0
32
19
11
15
13
1
19
6
33
13
26
13
33
26
21
7
32
9
15
33
31
13
26
