31
11
1
11
12
24
13
17
27
23
11
14
0
27
2
7
14
29
10
13
5
28
35
29
0
4
18
15
17
0
9
10
2
25
35
18
16
8
31
15
10
34
34
22
32
10
5
31
13
5
12
28
2
31
3
24
7
32
31
9
25
20
32
31
10
4
34
16
27
5
1
35
16
18
21
35
22
26
18
36
10
16
35
15
14
13
28
14
0
34
28
32
11
3
24
31
30
31
2
29
28
4
4
18
3
8
1
35
3
24
36
7
5
8
24
30
23
23
33
31
6
17
21
7
4
2
8
5
19
19
33
35
3
32
15
2
34
16
31
27
3
35
4
10
15
23
6
31
6
0
22
21
7
16
16
23
8
19
33
2
7
15
19
35
32
5
0
18
3
33
16
30
15
8
36
32
13
29
12
34
29
27
22
22
10
8
36
9
10
12
18
23
30
32
29
9
8
35
