9
4
18
16
17
2
27
7
26
9
28
11
14
3
36
30
13
17
17
8
29
29
3
27
9
18
27
23
6
14
33
32
27
0
3
27
35
17
29
35
29
32
28
35
10
25
26
1
5
29
7
21
7
19
21
5
14
17
16
6
21
4
14
29
3
28
8
13
11
8
6
27
1
23
12
34
20
11
13
7
2
7
25
23
5
27
34
10
15
1
15
22
33
31
10
19
15
17
34
3
8
16
36
17
3
33
8
0
4
32
33
11
28
10
24
13
4
13
6
21
12
31
12
36
6
13
18
0
1
4
3
28
20
0
32
3
9
17
25
4
4
25
17
19
2
31
28
31
35
33
30
23
30
22
35
8
4
18
11
14
5
24
9
33
21
35
21
26
23
4
19
0
27
24
0
3
1
4
9
9
1
24
14
36
27
10
27
27
20
30
20
31
22
35
35
12
2
33
14
22
27
