35
5
15
26
1
14
31
8
11
13
15
9
6
11
22
33
22
25
32
4
14
8
22
21
5
2
1
19
17
20
24
28
11
20
16
21
19
21
19
16
8
14
8
19
8
28
32
9
31
16
17
6
36
4
34
26
20
16
18
11
3
17
13
11
9
1
11
29
26
25
33
29
27
24
2
23
2
25
13
16
0
13
24
2
10
24
20
34
10
18
4
27
21
34
21
3
12
9
30
28
1
24
31
32
6
18
22
36
33
19
15
16
23
30
6
21
19
30
7
1
6
5
3
34
0
11
22
24
29
3
17
28
16
34
24
33
26
4
19
1
2
32
25
25
15
15
12
4
32
30
15
26
8
8
36
34
13
6
30
2
9
27
24
8
27
25
3
33
9
10
33
6
24
28
8
17
13
10
36
27
15
19
19
18
4
28
13
20
0
33
1
27
35
35
1
11
