29
3
28
22
17
5
31
1
26
3
19
7
5
21
33
24
8
30
5
31
30
4
35
23
28
4
10
2
1
33
13
19
20
36
25
33
26
31
24
14
35
11
8
13
32
4
9
21
12
31
12
34
16
24
17
32
14
15
3
33
29
34
17
27
9
27
1
18
15
19
24
19
8
21
15
22
18
18
3
18
26
20
28
0
30
16
31
23
20
26
2
5
8
16
3
24
18
2
12
19
19
14
23
35
19
24
18
31
6
3
15
19
19
15
29
17
13
2
32
13
26
32
1
27
20
12
7
25
31
20
31
25
28
0
23
13
4
6
26
20
4
23
24
1
29
2
30
28
10
0
34
22
21
3
23
22
30
9
17
4
30
25
29
33
20
0
29
20
4
15
29
14
0
16
8
23
4
24
24
0
4
27
5
9
15
34
31
16
9
18
35
14
24
24
33
20
21
15
23
18
