15
28
33
21
24
17
25
33
32
19
33
7
13
32
4
30
21
0
17
32
36
17
23
14
19
20
4
26
2
17
36
29
19
7
18
14
27
35
20
10
34
10
34
12
31
7
22
8
26
18
22
17
18
35
17
31
13
25
33
18
35
19
7
23
2
29
3
6
33
36
0
18
29
30
6
1
13
10
33
12
31
5
6
17
18
8
30
28
16
1
16
28
9
4
28
16
36
1
31
4
1
26
30
16
4
17
21
13
16
25
4
27
10
33
35
26
16
14
27
1
31
13
6
21
5
28
6
20
34
36
3
34
19
5
33
35
22
30
22
2
14
20
13
27
0
13
9
7
36
24
22
18
13
21
6
2
35
34
9
24
9
0
11
4
24
2
2
30
12
24
2
16
25
23
35
33
9
19
17
8
32
32
24
12
18
35
14
10
8
16
12
17
26
23
2
19
25
1
9
33
