36
19
22
2
6
13
34
17
1
32
10
4
20
13
29
10
18
3
9
17
36
9
21
35
28
31
18
21
16
23
5
9
6
10
6
11
13
21
12
17
5
29
3
19
4
30
21
2
33
30
5
17
17
33
1
2
4
7
5
29
24
12
5
24
8
23
21
9
28
19
25
28
17
27
6
2
7
9
11
35
36
3
6
3
22
31
19
31
17
6
14
25
27
16
12
15
9
3
23
28
11
29
25
11
13
31
8
2
33
32
6
14
21
0
35
4
23
11
10
9
5
1
8
19
7
36
9
25
20
4
10
36
14
27
14
3
34
4
26
21
6
15
8
20
22
23
10
9
13
31
27
18
36
1
36
7
6
12
9
18
33
0
9
15
3
8
8
22
6
34
33
25
29
33
32
19
34
9
12
2
20
8
35
3
29
34
1
23
14
28
6
29
3
5
17
36
14
15