37
29
21
6
36
16
16
31
14
28
6
14
0
8
2
16
9
17
11
28
0
19
33
13
16
28
30
31
34
23
13
13
34
36
0
21
6
3
17
4
23
7
31
27
0
3
3
14
5
14
4
32
25
33
27
22
35
20
13
35
31
16
8
12
21
8
25
5
32
35
29
3
14
20
6
23
0
17
22
21
13
6
18
28
35
11
35
27
22
36
14
13
29
3
32
10
16
18
27
25
32
4
31
8
12
17
3
8
28
6
15
27
35
23
33
7
25
4
11
5
6
29
25
12
35
5
17
16
15
6
9
5
13
1
7
20
21
13
23
12
12
27
14
29
19
11
22
34
15
19
29
36
0
21
12
24
17
14
23
15
36
4
30
31
8
2
20
9
2
26
26
35
7
35
12
32
22
2
28
21
28
0
3
18
19
10
33
11
25
31
21
3
0
20
21
33
13
