30
19
23
13
18
21
18
7
16
16
15
35
15
5
31
36
21
23
3
19
0
7
0
14
18
13
24
27
30
14
9
28
13
11
16
16
9
4
1
19
7
2
4
3
4
1
12
23
16
29
0
32
14
2
33
3
13
36
33
0
16
7
31
17
23
15
8
5
2
6
1
33
36
6
27
3
18
28
23
21
5
15
19
1
13
0
24
5
30
10
12
25
17
28
23
16
6
1
14
25
28
32
22
34
15
13
12
19
33
16
0
3
14
24
4
0
12
22
21
21
29
19
10
28
32
25
17
32
2
16
8
18
24
8
15
18
6
24
23
4
12
16
20
34
20
0
20
12
15
27
19
35
33
21
23
15
7
34
27
19
25
3
10
15
25
23
3
17
33
11
13
15
1
29
24
4
10
1
18
36
31
31
22
18
4
16
19
1
8
25
11
32
15
9
3
11
15
10
