27
12
20
31
12
11
19
13
25
15
12
3
11
20
13
20
18
27
28
36
24
22
3
34
35
20
17
23
6
31
25
27
20
22
9
25
0
20
2
7
17
12
35
21
16
19
18
26
34
2
31
18
32
17
31
20
7
4
36
6
7
29
24
30
2
31
26
11
14
36
35
10
16
18
35
12
22
34
36
9
33
34
21
32
35
16
26
16
2
15
16
23
33
18
32
26
0
35
30
2
3
22
25
13
20
13
3
5
13
3
7
18
12
36
11
1
33
20
9
16
13
24
21
27
35
26
19
4
33
16
32
6
5
20
11
29
28
5
27
11
30
0
20
17
10
1
21
33
34
35
0
35
8
15
20
10
29
2
21
2
27
3
19
28
15
7
21
8
12
27
18
22
29
33
36
6
4
28
19
31
16
24
24
7
24
12
7
1
36
7
4
7
16
13
17
2
33
22
18
26
24
30
