16
33
27
16
6
33
20
13
7
5
4
34
11
7
6
16
9
1
8
19
31
23
36
18
31
23
18
25
3
7
28
15
27
26
30
16
36
18
1
25
8
7
9
25
16
3
18
28
13
29
36
30
27
11
4
15
32
28
36
11
1
18
6
2
10
20
17
19
35
24
12
36
0
16
18
23
2
14
30
11
26
26
29
2
19
30
23
10
4
28
11
26
25
21
28
3
16
33
23
3
10
9
17
22
18
6
16
15
10
16
27
3
19
5
13
36
16
15
24
19
18
29
29
31
31
28
10
34
22
24
15
25
36
15
21
0
17
25
8
12
11
0
0
27
22
26
36
32
32
20
22
27
24
15
19
19
13
14
14
36
15
8
26
27
35
26
33
2
35
13
28
1
5
24
13
13
23
9
1
12
3
34
25
26
25
4
15
35
23
18
10
16
11
28
4
22
36
35
25
17
27
3
