32
35
9
23
17
16
8
16
21
19
35
20
15
0
12
36
28
23
12
21
29
25
26
7
20
14
13
4
2
23
4
8
30
15
28
5
27
15
21
20
36
25
31
26
3
29
0
17
32
8
21
12
26
0
23
8
32
22
12
31
6
35
22
13
36
35
18
2
8
6
32
32
23
11
17
18
12
27
34
24
5
22
31
26
17
7
22
34
17
28
29
27
17
4
32
9
15
25
29
14
36
23
22
12
12
24
3
14
34
17
21
18
21
23
17
31
8
5
17
1
16
29
5
12
35
25
10
4
33
28
10
11
30
33
30
30
5
4
26
29
6
22
27
33
30
9
12
1
29
24
0
17
25
18
3
24
5
3
25
1
8
33
10
27
35
5
32
2
4
35
14
21
20
16
24
14
9
11
3
13
17
19
9
35
7
35
9
1
31
14
25
19
5
27
20
21
9
