12
35
10
18
18
9
35
22
10
22
24
33
14
18
16
16
36
19
7
15
0
30
0
23
21
0
27
29
8
28
24
29
13
10
7
17
21
26
2
1
22
20
25
20
15
34
6
2
34
34
20
13
26
33
14
26
36
5
18
36
18
8
28
10
5
1
24
20
12
28
27
27
32
32
34
31
24
23
35
1
31
10
3
26
22
8
26
32
12
25
1
35
9
34
29
9
17
36
36
28
23
10
36
15
13
6
4
7
13
13
26
21
26
28
24
16
7
2
31
14
10
2
21
0
36
30
5
10
22
25
22
18
28
29
22
3
0
9
28
3
32
3
9
14
28
3
27
22
15
30
24
36
22
23
7
1
28
5
33
5
25
6
0
17
15
19
33
28
36
21
20
0
17
2
26
28
15
5
16
35
34
22
17
24
5
34
4
30
31
12
9
15
13
9
20
30
30
1
