33
22
2
31
23
9
11
24
26
30
30
0
28
11
4
4
0
29
16
36
5
24
28
33
15
26
8
7
5
15
18
25
31
14
13
0
32
30
1
6
6
4
23
29
4
32
27
8
2
33
21
19
16
22
24
2
11
26
28
1
13
12
11
28
5
9
11
24
4
33
30
33
1
36
0
30
18
2
23
32
27
33
19
27
22
29
14
6
7
23
1
34
17
16
23
34
29
22
35
27
8
36
7
15
8
14
32
3
6
23
13
27
34
34
4
25
33
24
35
36
26
6
11
19
6
29
26
10
16
10
12
5
13
12
34
25
4
23
10
25
16
0
24
2
34
1
2
28
11
29
6
2
6
27
5
36
32
10
19
17
17
0
13
35
4
17
26
1
31
28
15
8
15
28
0
28
13
3
4
26
34
35
1
13
9
29
23
1
22
4
8
17
2
34
24
8
28
10
