24
30
30
24
15
13
31
35
12
19
25
9
32
13
30
29
26
32
28
31
0
17
33
30
5
25
30
16
10
35
22
27
27
7
22
22
22
8
19
15
8
11
1
26
21
5
30
6
5
22
28
24
14
9
9
9
7
27
1
18
18
29
22
1
26
5
34
11
22
22
13
32
25
15
34
9
4
22
15
21
30
0
11
33
2
33
30
28
16
27
35
5
24
28
1
5
7
11
21
7
27
9
21
4
10
6
24
19
5
23
22
19
15
12
36
21
7
31
11
13
24
3
5
35
6
32
31
17
10
13
14
29
4
21
0
13
8
25
31
1
32
11
33
10
28
3
30
1
24
24
17
30
16
13
33
7
3
3
28
0
9
23
2
7
4
29
15
22
35
26
23
27
4
13
22
7
36
8
14
0
36
30
9
14
28
3
34
36
7
15
15
20
29
1
26
32
14
26
24
0
