35
30
24
35
9
3
2
2
27
5
6
5
13
9
33
15
31
31
19
16
3
1
19
23
17
20
2
12
1
13
33
14
28
33
9
33
10
27
6
7
29
13
32
16
29
26
1
22
5
4
10
10
20
22
17
31
23
11
14
2
16
19
30
22
20
5
15
7
2
7
25
24
7
25
5
10
6
35
15
19
5
0
0
12
6
14
35
3
12
30
27
36
4
34
23
16
34
13
14
7
29
34
14
14
21
5
17
28
36
23
25
25
35
7
32
11
28
30
17
17
10
14
23
13
3
6
20
29
36
36
12
34
14
18
23
7
11
4
6
33
5
14
24
21
7
20
16
25
19
15
14
15
17
36
20
5
1
22
16
14
29
17
13
33
5
16
26
30
34
20
30
18
16
15
24
15
28
22
34
30
25
22
33
10
20
20
25
32
5
4
19
15
33
3
14
30
19
1
31
22
8
