10
8
32
13
12
11
24
31
27
8
31
11
24
1
3
26
33
7
13
6
19
22
29
28
21
24
31
8
27
6
10
32
20
30
18
22
0
28
2
31
4
24
8
11
19
6
10
32
9
24
21
31
26
27
25
23
5
10
29
29
27
20
8
0
17
36
0
23
28
14
31
0
9
10
28
36
19
2
26
26
29
6
14
4
11
30
28
6
28
20
30
16
29
10
18
32
11
29
2
23
8
34
8
0
20
28
21
32
11
1
30
27
11
2
19
5
27
34
0
9
35
0
24
9
33
7
35
18
8
11
17
6
0
21
12
4
20
13
2
22
13
36
24
19
4
24
7
20
36
19
8
20
8
28
36
31
5
29
5
8
26
30
31
7
10
31
2
15
2
27
0
11
26
4
27
31
17
35
8
29
6
19
29
15
24
20
26
15
2
30
18
32
35
3
3
22
20
28
27
30
7
26
33
18
