4
3
3
31
17
19
35
14
11
9
6
14
32
6
2
36
0
18
4
33
17
15
0
3
9
4
1
21
5
21
23
14
31
15
27
3
25
36
1
0
15
9
3
5
7
36
22
18
36
14
12
25
15
11
32
5
11
36
20
13
13
18
5
32
1
16
19
21
35
7
11
32
23
9
17
24
36
30
4
23
16
16
27
31
5
21
11
21
9
23
6
15
5
18
5
7
13
15
13
11
18
31
27
3
17
6
2
33
5
33
30
10
35
0
31
23
3
13
8
31
27
0
10
20
29
2
13
16
17
5
20
6
13
6
26
23
10
7
3
7
35
14
18
11
0
22
18
21
7
33
27
18
28
8
25
25
19
34
28
24
23
4
17
2
35
24
7
6
14
13
20
28
5
33
11
2
19
31
1
25
4
13
24
32
4
13
4
3
23
0
5
24
16
24
24
8
