37
10
9
36
3
20
36
6
8
2
10
30
8
35
6
30
28
20
29
10
14
20
12
5
33
28
3
16
11
5
14
24
8
27
0
2
22
6
31
28
15
11
25
22
32
12
3
31
12
21
32
17
22
19
8
26
15
22
12
30
7
19
16
3
26
22
30
28
23
0
36
22
19
15
11
3
0
34
10
32
30
26
26
4
23
3
8
6
7
31
23
18
8
4
0
18
3
10
22
4
2
6
11
25
28
11
20
20
32
28
9
17
17
2
14
6
20
7
14
15
17
26
25
29
10
27
5
16
36
24
6
13
33
21
9
21
22
13
9
20
12
26
4
18
0
7
36
15
29
21
15
23
14
3
0
19
17
29
7
35
3
7
3
19
28
27
2
22
18
3
27
20
17
7
4
3
9
28
12
15
18
4
15
30
0
4
1
9
31
32
21
21
16
2
10
6
