18
25
12
31
27
29
14
30
12
18
3
32
13
21
1
6
3
17
28
6
8
35
10
12
29
24
24
13
10
5
15
8
32
0
9
9
27
22
25
9
26
31
22
10
8
9
26
16
27
34
14
4
28
2
4
8
24
1
34
4
13
33
30
18
0
11
1
6
16
33
34
35
22
17
20
35
16
8
22
27
31
11
27
11
2
2
9
31
18
4
0
6
15
27
27
33
25
35
0
0
5
28
35
5
28
7
12
2
8
35
21
18
29
3
19
25
26
13
4
3
22
28
13
29
28
21
2
26
6
31
30
25
5
35
1
12
7
17
35
14
18
3
2
24
19
21
30
14
3
30
28
15
16
22
7
16
14
5
25
33
28
7
11
18
24
20
0
25
33
18
1
31
28
6
0
3
13
24
1
1
5
11
8
14
19
21
5
10
9
36
10
28
3
36
25
31
