28
14
32
3
36
34
11
1
16
1
14
34
20
20
30
1
10
17
8
22
27
35
15
19
8
19
24
1
5
30
6
33
9
18
13
35
30
9
35
4
12
25
22
21
13
7
18
0
36
1
32
22
14
35
14
23
36
10
26
10
21
2
3
9
5
20
9
5
36
32
36
35
15
7
25
24
35
4
35
25
32
18
27
20
14
21
20
0
3
30
27
19
17
13
26
23
13
0
2
17
33
4
25
15
12
27
24
27
0
34
5
30
30
26
20
10
17
34
3
14
32
2
3
23
22
10
8
31
23
19
3
24
29
29
3
8
6
3
33
31
5
9
25
26
26
15
35
15
19
22
2
13
5
14
4
2
0
0
36
2
33
27
2
3
27
16
17
13
1
25
19
16
35
9
7
2
10
20
16
30
30
31
10
28
25
32
24
26
35
4
10
20
25
36
33
16
22
33
