33
30
12
23
4
25
36
19
17
33
5
3
18
6
33
21
12
26
8
2
1
28
11
28
20
21
26
7
2
19
14
11
5
36
33
6
10
12
30
25
25
36
5
14
7
25
26
34
24
26
34
33
9
31
16
10
33
16
29
6
28
33
24
18
8
20
34
11
16
0
6
12
10
14
30
33
2
35
17
9
25
9
33
7
33
16
26
22
32
8
9
11
14
4
36
7
7
24
30
18
34
19
27
12
19
5
18
14
10
15
9
28
19
12
30
1
12
22
33
19
5
23
30
0
21
7
5
0
8
33
16
1
23
36
27
10
14
4
20
14
20
29
32
23
13
30
31
0
15
29
19
33
24
30
10
32
3
0
8
22
12
28
24
25
16
11
6
2
13
0
35
18
1
35
33
34
28
31
13
17
32
11
29
30
34
1
36
27
36
6
15
28
1
15
2
16
30
