37
37
30
35
25
7
14
32
5
34
4
1
9
7
23
11
31
0
4
34
18
16
28
27
34
14
4
30
35
7
7
4
11
12
3
27
0
20
29
22
21
30
31
4
8
17
13
34
23
32
5
10
36
33
29
18
13
29
35
5
32
5
19
6
7
9
13
15
15
4
15
1
6
33
19
14
5
13
26
12
18
7
18
9
22
24
1
0
24
17
22
12
21
21
3
11
2
5
0
18
23
20
23
16
4
25
35
22
11
35
11
36
16
4
25
3
18
14
11
18
33
33
8
19
28
20
15
8
7
21
36
3
30
27
33
21
21
4
29
9
6
23
1
9
18
1
25
20
34
24
10
11
4
10
15
3
16
8
25
18
10
35
10
28
20
23
19
12
15
20
33
8
13
9
17
34
22
13
11
33
6
15
0
18
23
22
13
11
11
10
16
23
23
22
19
19
26
13
34
8
