29
11
34
2
0
7
2
8
0
10
6
36
23
15
30
14
5
13
20
23
36
12
14
7
18
23
20
9
5
30
36
21
16
11
19
12
1
19
4
33
3
11
21
25
13
28
1
17
13
15
5
16
18
7
16
10
15
26
7
6
15
4
0
23
30
27
4
10
20
36
31
36
20
19
20
9
34
18
10
35
31
1
17
32
28
19
21
29
26
31
23
28
35
8
15
29
10
27
36
21
4
20
11
25
11
3
20
27
8
22
26
17
0
9
3
36
32
3
13
18
25
14
26
11
12
17
9
17
5
23
13
2
3
18
13
24
24
5
0
29
23
11
17
0
28
33
19
35
32
24
5
12
24
15
18
31
22
28
20
20
24
9
11
27
12
0
34
8
32
28
25
29
4
0
0
2
22
10
16
7
31
12
34
9
18
14
29
31
15
22
20
24
0
2
25
17
12
