0
18
2
11
28
14
36
15
0
19
35
18
32
20
31
4
0
17
15
15
15
21
34
1
11
11
28
33
19
21
6
15
26
32
25
32
30
0
25
24
1
0
25
13
20
19
9
17
27
1
32
30
11
21
17
33
23
34
2
5
12
3
12
9
29
17
9
34
30
25
17
11
32
3
2
1
20
14
7
0
4
31
10
22
34
36
16
20
12
16
5
0
9
2
0
23
20
21
4
18
32
20
8
30
7
28
8
10
35
5
6
14
24
26
32
29
18
4
32
15
14
33
1
35
14
5
34
10
14
20
31
17
32
14
27
8
27
33
30
8
36
30
36
15
10
35
6
29
14
22
14
18
21
26
14
28
20
7
34
34
9
25
11
14
35
11
1
13
34
16
7
22
30
30
2
30
2
10
29
8
22
35
6
20
26
2
16
24
27
5
31
17
24
22
33
18
21
23
20
31
