5
30
9
15
29
12
9
25
13
31
36
1
1
19
32
21
25
4
10
22
30
1
13
11
25
36
2
10
20
36
14
0
28
31
29
7
22
32
21
11
5
27
12
10
8
36
25
33
0
30
17
14
34
17
24
15
29
25
21
2
29
23
15
15
2
5
27
12
26
31
35
22
36
16
6
28
7
35
17
8
1
25
6
2
25
35
3
12
1
9
3
2
0
17
26
35
2
11
5
24
6
32
16
15
21
5
36
16
34
26
5
27
26
32
23
2
16
25
15
24
4
31
13
34
32
25
10
33
10
31
26
29
32
30
30
20
10
21
5
2
5
2
1
3
31
13
20
18
6
5
36
19
6
32
20
5
7
28
36
1
12
13
15
11
18
17
1
15
23
20
0
16
5
17
25
2
30
0
28
17
4
7
4
26
6
33
23
26
14
9
28
9
33
29
25
3
17
27
32
26
