25
34
36
27
20
21
18
4
1
1
14
6
34
26
33
16
26
5
23
29
6
29
16
30
17
16
5
3
28
29
28
8
33
33
22
4
35
33
23
16
5
8
5
31
6
2
7
9
20
35
9
21
32
30
9
35
7
1
14
13
34
8
0
17
0
29
18
25
36
27
5
11
29
5
11
29
1
18
27
24
1
14
18
8
1
26
3
18
27
18
0
13
20
28
9
29
23
32
31
26
8
25
17
25
28
28
28
29
10
30
24
8
5
12
24
19
31
26
11
7
21
35
24
14
13
30
20
24
18
23
10
4
35
20
27
32
1
2
20
18
33
32
8
16
29
31
16
19
21
32
1
34
10
24
14
13
28
24
31
26
11
0
32
11
20
19
20
23
13
32
35
15
8
0
2
27
12
9
15
19
18
32
26
12
33
35
11
31
33
33
19
14
25
27
19
9
5
19
22
