24
22
7
28
19
8
3
23
30
24
22
10
26
24
26
13
1
28
20
32
28
9
19
22
5
30
34
27
31
26
18
22
31
13
31
7
31
30
25
23
31
6
20
6
34
10
15
30
18
24
3
9
14
10
9
26
32
0
11
25
35
27
5
22
35
11
12
28
32
16
6
7
30
5
28
11
26
8
29
35
20
34
12
3
17
28
5
11
0
9
12
30
32
23
3
27
10
30
8
36
27
23
33
36
29
19
17
20
16
36
26
28
16
28
17
17
12
11
35
19
35
29
16
32
28
0
26
32
19
12
25
30
13
23
7
4
12
22
25
4
35
22
18
0
25
12
26
14
10
12
8
23
15
0
5
35
10
30
22
16
22
5
14
19
0
25
21
5
33
28
20
17
13
27
3
31
2
35
27
29
23
31
13
20
8
7
3
19
17
9
23
7
11
32
10
26
32
21
14
12
6
