36
30
21
6
2
21
24
36
11
13
9
10
10
12
9
31
12
0
34
29
14
1
31
16
0
2
3
20
0
1
2
16
32
35
16
34
7
16
3
4
5
16
25
15
5
36
15
27
22
20
2
27
32
9
17
35
30
23
25
25
23
36
27
15
3
31
7
36
3
18
30
6
29
15
33
11
13
17
1
17
28
24
19
32
17
35
12
24
17
26
15
1
0
0
16
20
21
22
5
27
28
25
35
5
13
0
8
23
12
36
20
8
22
3
1
9
25
29
9
8
8
35
6
31
1
33
30
30
13
24
25
18
6
22
9
19
19
19
26
25
28
28
12
26
31
31
19
21
15
10
25
20
10
3
3
24
0
9
16
16
14
33
9
22
31
21
6
15
10
11
25
36
24
3
36
3
35
12
24
24
26
24
30
8
9
22
10
22
2
6
13
25
8
11
19
22
24
22
15
24
