20
19
21
35
2
34
1
3
0
16
4
4
6
4
19
21
36
7
4
35
2
31
28
31
30
36
35
11
9
14
8
20
0
7
11
36
35
34
5
7
22
36
29
36
17
29
7
35
15
25
18
18
10
31
20
15
1
9
1
7
27
28
6
32
36
3
6
36
30
35
31
20
9
29
3
32
2
10
4
28
33
13
6
5
36
13
18
12
30
20
12
9
16
13
5
12
31
14
30
32
15
27
22
4
13
32
6
17
13
31
34
1
19
9
20
6
9
12
32
5
34
8
21
27
28
16
9
14
36
0
28
13
30
28
3
28
35
6
5
32
3
19
4
26
34
31
18
25
20
13
9
32
33
35
27
33
33
0
36
5
11
33
16
2
20
36
27
3
27
4
15
34
26
2
0
16
5
21
0
4
24
6
16
15
33
26
12
24
14
0
15
9
10
25
34
18
33
24
