8
13
4
11
32
2
33
15
5
12
6
2
0
33
33
14
15
21
25
5
1
34
20
6
28
8
11
11
0
6
26
0
36
10
25
12
14
7
17
18
27
31
31
10
0
15
13
7
31
33
34
35
7
19
27
22
7
33
26
14
34
20
10
0
12
13
1
4
35
21
2
1
10
36
34
5
32
24
35
36
22
2
5
1
22
25
20
35
17
8
7
27
20
29
24
0
17
27
32
26
3
10
34
19
33
5
22
27
5
33
3
9
8
27
28
23
28
11
24
9
0
20
30
9
22
24
7
0
18
33
5
32
22
6
4
28
20
8
33
34
36
27
31
6
4
1
35
36
4
2
24
11
36
13
32
5
28
0
16
31
12
15
32
17
15
6
8
2
4
17
12
24
24
19
26
11
23
23
35
18
21
29
0
18
24
36
26
23
2
12
14
22
19
1
34
1
14
25
4
