35
32
8
19
30
34
17
13
5
13
33
35
33
9
21
9
8
33
15
18
25
10
28
2
29
7
35
34
21
13
4
30
6
6
7
27
28
20
13
31
27
12
21
12
13
22
23
7
36
33
33
15
24
30
3
1
4
11
16
16
32
14
25
28
12
5
8
22
31
10
2
25
1
8
2
28
14
16
19
6
12
16
34
36
12
25
18
18
32
6
36
25
12
11
24
26
7
35
6
9
35
35
15
32
18
19
14
14
32
9
7
7
17
4
32
7
3
3
0
6
13
16
10
22
1
30
14
18
26
5
3
36
13
21
9
14
17
17
23
9
29
36
10
13
24
28
36
14
24
13
31
10
3
6
2
5
17
9
6
31
23
14
23
17
26
33
8
26
32
33
1
26
8
24
30
27
0
34
31
2
13
24
23
7
3
12
28
33
8
17
14
30
9
32
13
27
21
35
