35
26
1
16
19
12
12
26
2
5
25
4
20
11
4
25
4
25
10
22
16
30
12
14
9
18
30
12
19
34
26
33
19
20
9
3
1
4
0
0
33
25
11
36
19
28
26
17
33
13
26
16
13
34
19
12
24
33
26
19
8
22
23
6
26
28
4
21
0
22
14
28
5
5
33
10
36
8
36
22
19
19
31
6
7
34
24
3
3
4
34
13
30
34
16
6
34
12
11
8
2
12
12
20
7
7
36
4
5
5
27
3
32
6
29
26
35
13
12
17
9
33
28
20
4
8
27
8
2
5
3
3
7
15
25
30
26
9
11
35
11
4
34
10
4
16
3
18
23
23
30
34
7
33
25
13
36
13
34
7
0
19
30
24
32
13
7
30
19
24
5
25
5
13
14
30
10
24
12
12
32
14
31
36
2
6
21
35
32
18
12
8
19
5
8
29
25
9
