3
20
2
30
30
35
0
34
23
5
13
32
28
33
26
6
9
2
27
16
16
28
29
21
20
18
24
21
13
31
21
0
4
4
19
35
9
20
8
16
0
16
24
3
18
4
22
28
7
35
34
9
21
18
25
2
20
28
12
9
10
21
3
33
1
28
27
9
8
6
17
27
22
2
32
0
21
14
12
9
29
12
35
8
14
1
34
0
17
3
9
8
3
0
13
5
8
24
26
4
33
5
16
14
24
21
35
5
35
27
35
13
36
17
17
34
17
14
32
8
24
30
14
22
5
9
2
16
24
8
22
14
4
35
4
24
14
33
23
36
23
26
5
1
6
30
28
31
32
23
21
20
16
29
15
24
25
33
0
0
34
31
5
23
2
11
13
4
22
33
12
25
9
1
22
29
24
26
14
25
14
20
27
20
17
35
19
2
26
25
15
30
36
30
21
36
32
33
