19
29
31
8
5
31
11
28
31
28
10
25
28
22
1
19
15
30
2
6
34
17
13
21
36
5
11
28
34
35
36
9
16
24
15
25
15
25
35
35
8
23
5
10
29
4
18
27
21
4
0
23
17
1
31
32
4
14
8
14
35
7
7
31
23
16
34
23
27
28
1
0
36
32
5
26
19
4
10
33
33
34
1
17
27
33
29
0
16
29
3
12
24
17
10
29
20
33
0
31
30
12
26
10
16
28
9
6
33
30
24
16
12
35
27
21
0
31
7
12
21
6
20
12
1
28
13
35
10
27
7
22
36
1
36
24
10
3
25
17
14
0
6
18
1
33
29
15
8
13
24
34
27
31
25
15
31
24
20
13
2
3
29
19
20
15
26
35
9
11
9
1
26
11
27
14
26
26
35
34
21
5
30
29
2
32
14
23
8
15
30
15
32
20
31
24
