8
22
14
31
19
34
20
17
33
5
27
27
3
19
12
10
24
8
13
17
31
1
21
3
33
4
22
32
10
31
28
25
34
11
34
27
20
18
4
9
26
23
32
15
5
22
28
28
4
9
34
7
0
31
32
32
17
35
35
29
9
31
15
33
7
30
24
16
23
21
23
18
29
12
23
11
27
2
31
13
16
27
16
34
28
16
6
0
18
6
31
27
14
22
32
23
9
22
7
31
24
27
19
7
8
0
17
3
25
28
19
14
5
0
18
28
12
6
21
28
20
0
20
11
24
12
3
4
5
36
6
8
35
27
36
18
32
0
9
16
31
28
5
33
23
34
30
25
28
16
28
34
6
16
1
11
23
32
4
5
30
24
20
15
7
24
2
33
22
27
9
0
4
0
24
18
19
2
27
36
6
16
9
18
16
16
22
6
18
31
7
17
15
15
4
10
18
34
