4
8
8
34
6
6
29
30
3
17
5
12
20
6
7
0
3
10
30
0
13
6
4
2
36
7
28
19
32
2
4
14
17
2
24
30
16
30
9
16
7
21
31
1
5
30
25
30
3
6
5
19
0
27
3
27
22
29
23
14
3
22
11
10
12
14
32
4
22
1
19
31
23
33
16
25
8
18
13
34
36
1
36
12
31
25
36
29
33
2
27
30
14
6
36
0
2
0
19
20
11
11
7
16
4
19
34
34
30
27
15
5
11
17
27
8
17
35
11
4
6
5
19
10
3
36
20
5
18
7
28
30
2
10
1
15
20
14
14
22
3
15
36
27
23
19
31
25
1
23
23
23
30
35
9
24
0
33
6
25
36
19
35
10
26
3
9
18
33
2
21
28
36
2
1
35
5
35
23
17
1
5
31
1
36
20
30
2
22
21
5
18
6
36
7
21
11
1
