9
35
13
23
27
18
34
18
28
36
12
33
34
29
12
12
11
16
33
27
24
0
14
10
4
21
16
17
3
22
30
9
18
1
19
12
26
5
25
23
5
25
23
23
25
9
13
30
29
10
32
29
14
12
30
1
13
3
0
27
33
1
36
3
30
3
34
32
17
3
7
13
32
8
22
11
8
11
7
27
22
9
20
1
31
33
22
30
16
28
15
28
8
6
4
26
10
36
13
5
26
29
23
6
28
36
11
10
15
18
1
26
27
27
28
17
10
9
0
22
21
36
15
14
11
28
1
18
25
11
24
17
29
9
13
11
0
31
26
20
10
26
19
10
23
29
13
6
28
11
22
26
29
7
30
23
13
32
31
23
2
6
4
23
35
9
29
1
7
24
8
28
36
28
10
15
5
35
4
23
10
0
24
11
10
34
19
4
34
34
21
2
5
29
36
33
19
28
