13
2
31
8
10
16
30
23
24
14
19
22
34
20
3
23
35
23
1
23
11
17
27
35
27
2
3
9
1
31
4
13
28
18
23
12
2
26
9
2
6
9
23
7
2
22
22
24
22
10
17
12
33
12
33
18
10
23
19
33
6
12
8
2
4
24
28
35
0
14
20
0
7
3
36
18
29
24
22
14
20
20
14
27
25
31
8
5
25
12
28
22
4
3
5
19
6
36
13
12
10
9
11
26
4
24
4
14
8
12
29
23
28
14
14
23
19
11
32
22
36
19
31
33
5
28
35
30
28
8
14
34
22
9
10
16
23
15
31
36
29
1
31
30
30
15
11
34
10
16
32
34
29
29
9
33
13
26
19
36
1
0
3
35
19
25
27
30
26
12
25
35
19
27
1
33
24
16
29
33
30
35
8
1
1
20
16
7
17
3
2
22
10
3
33
4
9
12
14
30
