18
20
25
36
27
9
7
0
36
0
18
33
21
12
9
35
34
33
13
10
22
30
11
1
12
28
26
20
7
10
25
10
12
3
6
16
13
3
14
29
0
18
3
16
7
15
33
11
27
2
18
7
27
15
0
30
24
28
23
25
27
6
23
24
26
12
28
36
4
25
15
8
15
16
14
8
13
26
9
4
9
21
7
24
33
12
30
24
0
17
32
15
23
21
5
15
10
1
4
20
20
15
20
11
28
15
35
12
12
24
1
30
28
34
31
24
7
7
12
0
26
20
20
32
15
27
0
1
34
8
21
15
12
32
23
16
2
12
32
5
21
11
30
22
0
23
22
12
29
27
7
12
27
22
4
18
24
23
16
30
21
26
9
26
21
32
36
18
3
32
25
15
28
0
0
7
34
17
17
4
28
12
28
5
8
16
19
25
22
20
36
9
1
34
27
2
12
1
35
14
