25
34
17
1
31
23
5
33
12
34
3
30
14
6
4
22
3
3
9
21
36
31
17
31
30
15
27
13
10
35
25
28
23
16
23
11
24
18
27
25
35
0
29
16
8
25
31
21
12
32
2
1
23
12
13
16
12
10
28
20
30
18
14
31
11
10
29
35
15
30
7
6
34
16
5
11
0
27
10
34
28
1
32
8
5
19
13
33
4
32
29
13
18
17
18
9
25
26
1
27
22
9
27
2
19
4
35
26
25
8
34
36
14
28
14
14
6
11
24
2
32
1
36
23
2
22
23
33
30
26
32
31
10
12
34
22
25
27
14
36
29
35
12
13
14
31
22
29
22
29
30
16
23
0
21
24
31
27
13
16
11
36
34
30
24
20
35
12
12
3
31
23
7
27
9
13
21
7
36
1
8
16
1
26
16
24
31
15
32
36
36
12
29
3
13
23
19
22
