8
20
34
11
14
26
18
26
16
25
9
23
36
34
14
32
32
27
0
22
30
22
7
22
33
6
14
27
11
24
31
26
14
15
3
25
18
20
8
25
21
25
19
35
31
33
26
29
17
7
21
15
4
14
0
7
2
2
11
33
28
16
29
6
3
29
0
11
30
10
32
15
27
0
25
5
4
36
31
1
22
23
10
4
19
2
0
10
5
5
28
1
14
14
32
34
29
10
19
29
6
11
7
9
17
17
7
2
27
8
15
21
31
23
16
34
27
2
3
0
15
18
26
30
15
11
24
1
15
9
32
7
27
27
29
35
12
30
33
18
35
18
4
4
24
36
27
9
34
8
33
27
23
15
34
31
5
13
18
34
25
9
31
14
8
26
28
9
7
6
5
30
26
30
29
24
30
9
10
10
15
33
13
10
16
4
21
27
21
11
0
33
25
26
9
10
36
