27
31
1
34
3
25
36
3
1
33
19
32
5
2
4
21
3
34
33
34
23
12
28
24
6
24
7
31
32
33
18
18
3
9
5
1
12
5
8
16
14
32
12
18
11
3
28
21
7
27
19
0
5
19
3
12
33
8
10
14
23
9
0
1
26
34
28
22
24
20
14
13
35
27
11
11
4
29
22
1
16
35
20
13
5
16
16
25
6
14
17
11
27
9
4
32
8
8
19
16
22
5
34
0
13
20
23
30
24
22
29
13
21
26
13
16
11
29
30
13
0
17
0
8
28
14
2
24
25
22
9
7
31
11
27
11
26
34
23
21
7
22
14
5
25
13
17
27
34
28
6
15
13
0
24
30
34
16
9
7
14
2
36
35
6
7
32
0
21
19
16
15
36
17
16
9
12
14
10
20
31
5
1
15
17
20
9
33
30
0
10
32
12
17
6
4
