17
15
35
33
15
21
6
15
28
27
22
5
32
16
10
4
14
23
35
11
20
23
0
12
14
8
17
8
15
16
13
31
30
32
23
30
8
20
13
14
13
19
19
33
10
34
23
33
7
20
8
28
4
24
22
16
16
6
10
1
15
30
4
20
12
6
5
13
26
19
23
26
7
15
32
34
0
27
12
25
21
36
35
9
13
29
13
2
24
12
27
23
22
28
13
33
10
2
15
0
36
15
28
29
15
8
22
18
1
32
12
19
8
19
31
30
12
21
4
18
20
24
16
11
33
32
27
33
17
29
15
10
36
32
36
3
0
4
21
8
32
16
3
5
33
20
30
33
14
3
25
12
1
30
2
6
2
5
21
26
2
3
0
31
25
31
34
5
10
28
19
1
14
27
15
34
31
14
27
27
7
9
25
20
9
14
0
27
34
5
13
9
28
20
8
24
30
