25
30
12
15
36
11
20
22
8
33
21
21
17
10
27
26
36
2
29
2
29
34
28
31
17
35
25
25
17
6
26
5
11
13
16
11
34
7
10
27
26
21
0
11
1
14
20
19
31
15
29
2
1
4
30
5
35
20
16
18
36
35
7
22
17
12
7
6
20
5
28
21
26
17
30
35
25
9
35
3
4
13
21
17
18
20
6
25
12
16
29
10
3
33
35
36
1
2
31
29
27
3
1
2
28
8
28
26
22
3
22
20
6
32
8
23
15
1
10
0
9
14
15
24
10
27
19
14
31
14
33
19
12
0
33
1
28
9
14
1
6
15
20
13
0
34
24
22
19
30
23
25
31
19
32
14
22
29
25
4
15
25
34
34
9
16
30
5
5
7
20
24
5
13
23
25
5
5
11
31
34
24
2
3
24
9
22
19
33
35
25
31
27
3
8
14
28
