35
31
13
5
16
17
4
12
34
24
7
27
25
4
27
1
29
10
35
32
1
28
29
4
24
24
21
11
33
5
15
14
15
0
9
3
19
0
5
3
13
36
0
13
5
23
14
1
29
29
7
16
2
27
22
27
5
11
28
31
29
10
7
3
21
7
22
16
21
1
7
13
30
23
35
21
11
28
4
34
10
16
18
28
5
31
29
16
25
18
19
8
18
20
13
9
31
10
32
29
33
25
16
14
18
4
24
3
6
32
9
26
23
0
24
22
29
13
36
2
6
0
20
16
8
2
34
3
1
0
14
8
23
25
19
33
26
7
23
17
12
13
20
18
3
31
15
6
26
35
19
18
3
33
11
18
36
22
15
14
10
19
8
2
16
33
28
18
13
30
17
34
9
16
8
8
18
7
0
18
6
35
30
17
31
6
22
17
12
9
23
2
15
10
26
28
