1
29
34
5
17
21
10
28
30
8
15
1
9
27
2
32
32
36
34
10
30
28
10
15
27
30
35
4
12
24
12
13
33
33
13
21
2
1
27
12
4
26
19
33
9
19
0
30
15
7
10
6
13
15
10
25
36
2
25
21
31
18
8
5
22
28
3
26
9
8
16
34
23
8
29
24
36
14
10
5
24
28
2
36
35
18
15
9
12
2
29
1
30
17
14
7
16
36
18
17
9
4
8
20
31
7
28
14
4
0
25
7
17
32
34
18
31
15
23
34
4
36
2
23
5
30
22
23
28
31
17
26
20
20
15
9
33
32
19
0
31
17
35
7
26
6
19
13
22
28
21
27
7
35
7
9
4
10
21
34
22
36
19
29
9
9
24
15
22
33
11
14
3
30
34
15
21
5
33
28
2
21
28
4
32
11
9
27
11
8
6
19
3
23
5
28
31
22
16
