3
32
20
16
16
19
28
16
13
23
10
31
25
32
12
33
12
14
4
0
18
25
32
14
22
25
17
18
30
16
26
17
32
15
23
8
24
15
3
34
0
29
1
33
34
27
24
1
0
17
24
24
13
9
19
14
31
1
27
9
31
13
4
1
18
4
0
35
0
27
36
2
31
7
26
20
23
35
5
12
14
22
23
23
0
14
14
33
27
16
34
36
30
2
28
11
26
20
8
15
7
18
9
4
18
33
24
25
11
36
4
20
34
31
3
28
29
27
36
6
9
24
19
2
13
16
18
36
27
14
21
12
24
24
17
26
18
6
12
13
30
26
20
3
22
16
10
25
6
8
13
29
9
11
1
27
31
5
25
17
30
0
34
13
9
21
27
23
16
27
25
12
22
6
34
19
33
0
27
13
16
0
13
14
9
12
31
25
13
26
14
25
9
20
36
4
16
7
3
29
