22
18
6
12
16
18
29
31
34
0
20
9
5
12
25
28
27
16
16
7
14
2
19
9
32
33
27
0
25
29
22
23
33
15
15
16
24
12
11
6
29
26
36
16
23
11
31
25
9
30
13
30
18
16
11
31
27
24
21
24
18
9
34
16
31
7
2
11
4
27
9
0
17
18
11
31
30
31
25
25
29
14
6
14
12
6
33
4
20
15
7
25
2
7
4
30
3
11
28
3
20
19
1
18
32
14
32
33
4
24
20
1
1
15
15
1
8
13
28
7
9
13
21
1
34
14
9
21
7
17
31
5
31
27
1
8
26
27
25
34
11
22
33
0
7
32
30
31
12
17
13
29
27
33
8
9
7
12
0
33
21
13
31
26
20
22
27
27
0
18
35
10
34
21
24
36
1
18
33
26
23
16
36
29
9
25
21
36
11
36
32
28
13
2
23
36
29
33
24
