14
8
2
18
32
22
35
4
1
32
13
35
8
2
18
10
23
21
26
6
35
24
6
9
27
8
10
19
32
13
11
1
23
6
11
6
9
16
29
31
8
30
25
23
2
21
35
8
26
4
14
36
12
36
14
2
0
22
4
15
21
18
27
0
33
36
29
21
34
10
15
15
0
35
10
16
28
4
33
13
8
22
6
21
24
1
36
6
3
10
35
19
17
27
29
23
18
29
25
9
33
10
34
10
26
20
15
23
36
24
34
28
20
23
8
30
34
35
28
4
14
13
3
0
28
17
9
10
7
14
23
8
34
8
26
11
25
25
36
35
28
35
34
16
18
31
17
34
28
10
26
8
7
27
17
17
32
31
20
31
21
33
3
35
23
25
36
10
16
1
27
2
10
6
5
16
4
13
4
13
4
21
1
12
25
13
34
12
5
18
2
8
20
31
24
3
21
10
