15
27
26
16
5
23
15
19
14
20
14
25
24
7
4
36
31
16
4
14
36
4
17
19
14
19
19
23
25
1
21
15
16
20
23
30
7
11
28
13
27
26
30
16
27
29
21
12
25
18
8
35
27
31
14
24
33
25
26
8
31
15
33
36
33
31
21
12
11
16
31
5
19
8
1
0
32
8
19
18
9
5
17
7
31
16
13
21
4
9
26
3
0
2
36
24
18
10
19
34
4
9
8
11
23
18
15
9
10
0
24
4
11
24
28
12
20
16
17
14
24
4
20
8
24
2
4
17
3
5
9
10
35
20
10
11
3
22
5
34
7
33
21
27
5
5
3
7
6
27
18
1
12
24
33
16
18
16
31
22
2
2
1
26
17
22
31
18
9
21
35
34
14
10
2
20
23
12
34
36
7
21
5
9
8
2
23
10
30
33
36
33
1
29
1
36
12
31
21
22
20
9
