20
23
0
10
4
9
28
1
30
3
14
32
16
14
12
22
26
34
1
1
10
25
5
7
8
11
14
31
9
3
8
1
4
9
7
22
28
4
9
31
34
30
21
36
4
33
36
8
28
11
14
33
33
16
29
5
0
29
23
16
4
25
2
26
6
14
2
5
5
14
23
11
7
26
18
13
27
29
15
29
34
33
8
14
34
28
26
33
34
3
17
8
30
8
4
6
5
30
31
14
10
31
12
32
23
8
25
33
4
31
36
3
8
11
24
21
30
7
19
7
0
4
22
29
15
27
36
16
21
33
33
32
20
33
20
28
11
7
17
8
14
30
25
4
28
13
20
14
8
15
2
34
13
12
9
9
27
20
6
35
18
25
3
31
6
13
29
7
3
17
12
2
34
19
32
10
27
17
15
23
13
25
9
25
22
14
2
12
6
0
28
29
22
2
4
28
10
8
11
15
33
28
