28
0
26
3
10
19
1
15
34
7
29
17
12
3
0
4
27
25
31
30
11
35
9
32
20
33
19
11
12
19
36
2
24
26
29
5
13
35
15
23
12
4
12
6
10
4
29
6
0
9
24
19
6
12
16
5
21
1
7
3
29
32
12
5
20
15
0
12
30
35
21
14
19
28
5
16
32
26
2
4
30
25
24
30
3
25
33
25
32
9
23
27
32
16
20
16
25
12
18
12
3
8
8
1
15
4
27
22
18
3
22
27
31
10
18
0
0
15
16
17
32
5
27
22
14
33
0
3
15
1
6
19
7
9
18
35
5
25
16
15
11
18
12
11
25
13
2
31
14
27
24
2
30
7
6
31
3
13
3
0
26
20
12
34
4
26
14
15
12
36
9
24
30
10
23
6
24
16
34
28
35
19
24
7
35
30
15
26
16
29
10
2
29
13
18
35
2
7
10
