27
5
28
28
13
15
16
8
24
34
21
19
24
23
31
26
36
35
15
31
16
21
13
22
22
22
4
11
7
15
12
13
31
11
35
21
18
36
1
9
34
35
32
20
29
22
12
14
15
20
33
26
4
1
18
12
16
24
15
8
31
2
33
2
13
35
24
9
28
11
20
26
15
0
22
35
32
30
33
18
15
35
6
19
30
27
18
2
35
17
11
12
5
18
25
30
3
36
26
20
22
4
35
21
2
24
14
35
14
11
35
3
10
19
19
1
0
36
18
11
4
7
14
19
4
25
18
31
6
31
26
18
6
36
34
23
6
17
4
18
24
16
19
32
34
27
15
8
7
15
26
15
15
5
27
22
5
0
6
22
18
17
0
7
21
30
6
2
17
20
16
2
29
11
31
25
35
33
35
8
0
1
27
14
1
16
26
22
1
9
14
33
11
23
33
29
12
13
24
