34
35
2
16
1
14
26
22
21
31
22
6
0
25
29
14
8
3
26
30
26
36
4
16
13
8
9
8
23
13
21
31
7
10
9
12
2
35
25
14
32
6
13
14
5
27
18
7
18
18
2
35
12
22
10
34
9
20
18
33
9
6
0
32
9
3
12
19
2
24
32
19
0
0
17
9
1
17
32
6
11
17
8
7
23
14
25
18
0
32
12
25
29
20
15
8
22
28
26
26
6
13
15
12
18
23
23
30
22
34
17
26
20
17
1
11
31
14
2
9
32
0
2
1
23
11
31
13
14
6
34
20
26
12
22
12
27
24
14
28
16
24
35
27
14
13
21
20
4
12
33
26
32
15
26
29
7
27
32
19
1
14
16
36
21
6
24
0
13
21
22
2
27
31
5
34
12
24
13
21
0
23
17
16
15
33
18
14
23
11
26
31
5
12
29
23
16
27
18
5
