29
11
3
16
15
6
21
31
29
2
11
29
20
4
15
13
32
4
33
15
12
27
29
20
33
24
32
28
21
20
27
11
9
27
0
34
25
28
9
3
32
34
15
20
11
1
11
1
30
29
19
30
22
22
1
22
1
20
4
17
13
35
29
22
28
6
4
31
29
32
7
4
11
14
0
31
29
7
4
32
25
22
18
31
20
19
19
16
27
21
32
35
9
32
26
4
26
11
7
1
20
30
10
4
31
23
22
27
31
23
0
32
17
29
13
23
3
34
28
15
2
12
26
34
8
33
30
7
6
22
17
20
5
7
35
19
34
16
26
31
19
4
21
23
19
6
16
2
5
34
2
10
26
8
29
26
11
3
15
4
24
36
4
7
11
33
3
30
28
8
12
34
36
31
13
19
33
3
13
36
20
13
3
33
16
13
0
23
1
6
6
33
30
8
29
22
24
5
