12
26
1
4
35
19
28
1
30
15
22
19
31
23
14
22
26
27
23
22
29
23
27
13
9
1
34
10
25
33
23
30
30
17
28
0
32
7
27
32
22
35
34
26
0
6
28
8
27
10
10
6
26
26
19
25
14
1
35
29
1
0
16
34
17
35
24
10
17
10
34
24
4
12
10
13
24
24
11
22
28
28
31
34
23
10
26
17
18
15
22
21
33
31
24
20
2
13
23
6
28
31
24
11
30
18
9
24
3
32
21
20
12
32
26
13
27
11
32
27
28
11
1
7
20
19
23
14
22
30
16
10
24
9
4
21
32
31
1
8
3
10
34
18
6
20
24
8
5
26
15
23
11
23
29
23
13
34
24
28
32
19
12
29
33
30
28
6
27
18
3
10
15
33
13
21
7
3
5
16
26
21
12
1
34
35
18
33
22
10
14
31
17
0
15
20
10
20
2
