4
25
5
0
24
0
22
0
13
16
0
5
3
10
35
33
2
30
2
11
2
27
16
10
36
9
22
23
19
15
17
6
18
24
19
27
19
2
32
8
21
19
23
28
27
23
20
4
9
1
11
8
34
7
33
28
4
19
35
16
27
33
8
14
17
12
24
21
15
21
10
17
22
10
10
23
0
26
29
29
21
28
28
22
10
31
36
33
11
2
20
26
10
13
29
10
8
16
5
8
1
24
8
1
14
36
4
17
5
29
34
23
4
18
25
3
4
34
33
3
36
9
20
11
28
32
35
8
19
0
29
19
31
19
26
27
31
32
11
12
0
18
4
16
35
9
11
11
24
16
17
33
6
11
9
21
20
11
27
30
35
13
5
32
27
5
2
20
4
5
13
23
0
27
36
19
1
17
14
36
26
2
0
25
24
10
4
8
0
23
13
2
8
27
19
2
3
15
11
12
6
