3
20
26
29
18
12
23
10
22
2
6
21
16
8
25
9
10
36
30
32
10
15
35
15
15
18
23
34
4
26
20
31
13
0
11
23
10
13
7
15
24
13
14
16
19
22
17
27
11
12
9
19
13
18
27
24
27
11
9
3
20
22
28
9
3
11
30
9
27
36
28
4
10
2
22
34
2
14
7
2
14
33
3
33
23
5
17
20
17
8
11
0
14
16
16
33
6
35
19
6
12
26
23
15
35
36
13
2
17
6
7
33
20
6
6
4
13
14
32
23
19
2
18
33
22
32
27
18
15
23
3
18
34
18
30
4
17
19
14
29
12
24
15
27
15
2
4
35
15
26
11
27
15
34
5
27
1
20
8
11
1
5
31
10
12
14
7
34
31
35
35
32
12
35
35
1
20
1
17
25
11
17
35
18
17
9
8
12
34
25
7
21
11
23
29
20
31
21
11
30
