31
23
24
19
26
33
31
35
32
15
1
17
8
35
5
12
22
30
27
35
13
34
4
5
5
9
33
15
11
4
2
2
22
10
31
3
9
26
7
28
15
4
27
14
15
34
17
4
14
6
32
32
31
1
4
36
29
27
30
5
27
30
20
23
24
28
18
13
8
9
32
36
19
21
22
11
33
22
8
18
29
36
18
12
10
13
12
8
8
17
27
14
18
21
19
1
7
16
8
30
28
29
6
9
14
20
3
3
8
0
19
21
32
36
1
36
5
20
23
33
15
26
32
2
33
12
15
20
20
26
22
30
13
13
26
28
29
18
29
36
36
23
4
25
12
6
26
12
22
7
1
34
11
15
7
21
18
0
23
2
36
1
35
10
9
6
33
3
17
29
3
9
10
13
20
31
23
31
18
24
17
6
5
13
36
16
24
12
12
5
14
17
31
32
0
17
24
17
7
