37
23
23
18
7
5
29
10
16
3
15
15
22
5
1
12
36
20
36
28
0
18
23
17
3
30
24
16
3
8
22
8
3
35
29
8
20
34
11
1
6
1
26
9
25
31
16
5
32
13
33
15
32
12
5
2
17
14
25
29
22
1
24
17
32
36
1
7
23
32
21
8
12
29
30
13
35
9
2
35
28
1
1
19
35
9
6
13
33
24
19
32
15
22
7
4
3
19
31
4
36
26
19
18
24
5
0
27
1
23
2
31
35
10
8
8
14
15
7
26
7
14
3
24
32
26
16
30
6
22
7
8
36
30
11
2
22
9
16
9
23
30
19
21
30
5
17
5
31
2
33
7
17
17
7
24
7
32
4
36
0
11
32
12
15
20
17
24
7
9
31
21
0
21
11
8
19
13
12
33
20
30
13
35
14
12
34
27
29
36
8
5
32
18
36
1
18
29
21
22
2
