11
20
20
17
26
16
24
10
2
26
9
26
22
19
4
23
14
31
33
32
7
21
18
36
8
1
25
0
27
36
7
23
26
30
4
31
17
2
34
9
21
30
33
6
24
36
1
17
18
27
7
6
0
19
27
31
17
30
6
31
12
4
18
18
1
21
22
31
13
2
22
13
5
5
27
1
30
25
10
24
4
12
20
9
4
9
29
20
13
29
33
2
37
35
28
8
8
19
13
5
28
36
7
8
4
18
24
26
0
25
26
6
17
34
32
34
25
2
20
13
35
36
26
20
31
22
1
17
36
13
15
28
36
28
23
2
1
30
32
27
9
14
28
26
26
16
33
18
11
29
1
21
2
3
25
12
2
30
9
6
20
26
35
11
6
34
4
19
30
24
32
17
24
28
8
32
33
19
23
7
23
31
14
8
5
3
14
12
11
34
24
9
32
16
22
26
15
