21
13
5
12
2
33
1
11
31
18
33
2
3
18
15
21
5
2
11
22
6
0
17
27
35
16
3
6
27
2
9
23
21
2
6
16
18
0
33
21
24
11
24
2
25
36
5
25
0
24
31
11
5
36
33
30
36
16
3
1
21
31
27
16
5
31
12
5
9
20
29
15
19
17
7
18
5
19
4
7
1
28
2
7
22
21
25
8
15
14
5
35
11
4
1
15
33
17
32
36
7
9
28
11
14
28
3
9
24
31
23
31
18
33
35
27
31
16
20
10
10
4
6
35
34
5
3
12
6
26
36
16
26
27
8
12
9
6
13
10
5
25
14
13
36
16
23
15
30
20
0
32
0
20
9
32
10
27
26
28
12
34
0
17
34
0
11
34
16
31
27
7
4
34
13
16
5
3
12
20
1
6
1
19
34
24
30
27
23
28
1
5
8
11
7
9
31
20
