35
14
18
8
17
11
31
35
33
10
0
13
32
8
25
9
6
36
16
1
3
13
35
14
22
10
9
30
11
14
35
25
35
12
7
17
12
18
10
19
27
7
23
17
14
8
20
26
2
22
6
0
8
20
10
1
36
26
24
10
10
0
16
4
1
21
2
25
2
8
11
6
15
19
15
33
23
27
30
32
18
22
24
7
3
3
6
7
26
2
14
0
3
33
0
9
23
15
28
5
5
5
18
25
0
0
34
4
35
31
25
12
6
21
3
13
25
32
5
15
26
1
21
11
11
11
35
3
16
11
26
5
5
18
9
21
15
4
28
0
35
0
12
35
33
23
6
5
4
10
2
20
34
0
4
27
14
10
24
36
5
27
23
7
18
8
3
33
33
34
23
17
25
17
17
22
35
12
22
25
18
13
13
10
4
34
8
29
19
21
11
26
6
27
10
10
