3
31
21
15
24
15
20
32
29
12
22
22
30
17
8
16
6
15
0
34
14
36
4
25
12
27
34
2
8
3
36
1
30
13
22
0
21
11
13
13
6
4
25
3
2
22
2
10
29
2
10
26
31
8
28
2
14
18
6
0
7
7
15
4
26
8
35
34
18
3
11
18
26
2
23
36
32
11
15
8
36
30
2
7
36
11
13
27
31
12
24
9
36
12
13
5
22
35
9
27
10
13
7
13
21
31
21
8
28
36
31
8
31
31
19
34
36
6
26
30
0
11
4
36
2
12
14
12
8
6
18
22
20
2
34
26
15
28
5
7
26
15
31
9
7
14
13
0
18
16
5
2
35
10
18
23
35
5
2
13
36
16
12
2
27
18
25
32
26
1
2
2
22
32
36
5
8
2
29
25
6
8
0
18
29
3
8
33
24
12
34
15
21
18
25
10
