9
35
11
13
2
17
21
2
22
25
9
13
7
9
21
25
3
14
33
16
31
31
24
16
27
5
31
5
2
3
5
21
32
25
7
5
26
2
15
0
16
18
2
12
12
25
1
31
23
21
11
0
8
22
8
12
1
15
2
19
35
25
12
0
17
30
31
33
34
12
10
36
35
31
22
20
4
36
35
27
12
18
35
28
25
6
7
27
6
1
23
3
28
31
20
1
4
18
30
18
29
4
32
1
6
26
35
21
10
34
36
26
4
28
11
34
18
31
17
12
29
5
15
30
25
29
11
20
7
8
11
22
1
27
16
18
33
21
34
4
21
20
20
32
32
14
6
36
4
9
27
21
35
25
27
26
5
8
17
19
36
31
16
10
25
12
12
31
6
28
2
10
35
30
25
33
29
30
17
12
22
31
20
24
36
17
24
14
17
16
23
4
23
10
14
32
1
13
35
11
