24
0
23
13
15
27
29
9
32
4
21
21
7
20
0
4
6
4
8
3
10
6
35
31
18
34
5
33
28
3
1
0
21
9
12
33
35
29
31
14
13
25
7
27
18
34
10
3
19
16
31
2
21
30
0
18
30
12
30
18
26
16
19
10
36
31
0
27
36
17
31
12
17
30
28
34
4
4
2
29
18
27
21
23
2
0
6
35
33
7
24
14
19
35
24
29
11
19
35
4
14
14
1
1
28
26
30
3
33
0
32
6
36
14
5
19
1
2
16
27
25
22
31
0
9
18
32
25
12
2
28
18
16
23
34
18
12
20
29
22
18
12
4
21
4
4
36
36
4
14
7
21
1
30
32
2
21
32
25
13
5
1
35
8
21
36
33
34
30
29
36
33
20
11
23
21
8
25
34
7
19
26
6
28
8
0
30
24
4
24
20
25
16
36
6
24
4
35
21
3
