32
3
23
3
21
35
26
2
26
13
29
12
30
24
18
30
15
3
21
20
33
5
7
24
30
25
33
34
16
33
17
27
14
14
25
22
6
28
36
23
34
25
31
20
12
25
1
25
7
34
5
0
33
34
12
31
4
23
16
7
2
20
27
2
31
14
13
22
23
25
21
0
19
1
35
23
35
17
31
29
6
0
32
15
31
0
21
5
23
33
5
36
36
26
18
23
14
6
22
23
34
26
1
25
8
2
30
9
14
35
29
26
1
21
18
26
7
22
7
11
2
14
0
8
23
11
31
33
21
26
28
16
18
20
8
30
25
25
14
1
23
24
7
6
32
13
19
24
20
9
0
32
24
23
20
6
27
3
15
20
34
27
8
27
5
14
10
2
26
22
5
15
30
31
29
5
33
2
8
11
15
20
17
14
31
28
13
28
6
25
20
25
5
31
22
32
23
29
