27
36
19
13
7
15
13
26
24
11
26
1
24
25
28
25
32
9
14
16
18
35
20
2
6
28
15
20
12
3
10
3
36
27
27
24
21
28
32
8
0
30
3
3
33
2
4
11
0
10
24
28
25
29
20
13
25
9
18
30
33
28
21
27
12
22
18
29
27
9
14
0
32
32
3
27
13
20
13
14
8
4
33
28
33
24
33
15
9
7
4
19
28
11
17
24
20
21
12
19
10
28
6
9
14
14
23
34
9
3
18
30
33
27
26
34
8
33
9
31
21
2
33
0
32
8
2
2
10
11
23
27
22
18
29
17
9
27
9
29
11
20
28
23
9
31
9
16
29
7
24
24
20
31
14
15
20
23
14
33
20
9
8
7
23
7
27
28
32
24
33
27
16
16
2
17
12
32
28
3
15
17
6
16
1
35
9
9
18
31
14
22
27
3
23
34
1
29
