20
21
15
34
4
19
6
33
17
17
7
11
36
35
12
32
20
8
3
27
22
27
18
12
16
23
11
11
0
3
20
17
33
20
15
8
28
30
10
1
3
25
10
6
30
10
7
11
25
25
30
16
30
5
6
12
28
15
7
25
17
30
20
22
36
30
16
13
7
2
3
10
23
7
25
24
35
19
35
33
26
9
21
21
2
19
32
32
7
6
25
22
21
21
13
11
36
7
28
35
2
25
21
30
22
17
22
29
29
16
22
26
16
12
31
34
18
23
31
31
19
28
14
29
30
34
25
16
2
23
32
26
22
31
30
14
0
28
6
13
6
22
7
29
36
9
30
19
34
36
0
22
12
16
33
25
26
18
22
7
28
1
36
29
10
36
28
33
27
34
3
5
35
33
25
23
19
18
18
16
14
9
31
28
33
20
11
23
28
7
31
1
1
35
24
4
9
21
21
17
20
