27
0
32
15
23
21
35
20
10
9
6
6
20
17
31
13
22
31
17
12
11
19
2
27
3
26
20
8
35
36
24
31
29
31
6
31
5
4
36
2
18
30
30
28
11
3
3
4
32
3
30
24
4
3
36
18
6
6
5
29
12
19
23
5
21
27
8
28
18
0
20
18
4
0
4
11
35
28
34
36
2
7
24
11
9
26
35
14
4
9
32
14
20
1
35
16
6
17
27
28
6
17
10
36
19
29
35
0
2
34
12
30
16
25
36
29
8
11
34
15
27
13
16
16
19
3
5
34
14
1
15
10
1
23
16
30
2
26
10
23
27
15
10
35
11
0
5
20
3
31
34
27
19
33
2
7
24
16
33
6
20
15
24
14
14
28
0
13
12
6
5
35
23
14
22
7
2
32
27
34
3
17
31
30
11
5
15
29
30
32
16
3
17
13
11
25
8
5
