31
21
17
0
35
26
22
21
4
13
8
28
1
27
13
21
20
28
22
12
5
17
32
17
1
31
30
32
34
11
26
14
16
31
4
20
14
30
8
25
15
31
25
35
22
2
11
14
1
19
6
22
23
24
35
17
27
3
19
7
22
9
28
36
25
14
32
1
21
31
9
13
16
24
0
21
6
33
17
16
1
2
17
9
34
19
17
25
22
32
7
18
21
19
22
15
24
0
21
35
25
31
26
10
36
30
24
17
34
11
11
29
36
18
7
11
2
33
23
26
19
29
27
5
8
23
30
3
17
8
13
34
11
25
18
31
23
9
31
24
0
18
5
19
12
18
8
15
1
20
29
31
19
34
12
15
25
35
22
34
15
17
30
9
1
26
3
8
33
0
7
29
1
7
35
23
34
9
29
21
4
16
30
14
23
15
25
27
13
9
1
25
31
18
7
7
8
20
