24
19
33
17
13
0
10
0
32
7
12
17
36
28
30
22
22
4
8
12
14
28
8
22
21
28
9
2
2
5
24
29
29
29
8
5
30
17
17
15
23
22
16
21
15
1
34
31
35
6
15
11
4
34
4
29
24
36
17
14
27
29
30
30
22
8
32
18
14
34
12
3
34
25
36
32
16
3
13
14
21
17
15
1
22
35
23
28
5
34
3
15
23
16
3
13
29
20
17
35
5
33
8
31
18
11
6
30
20
5
21
8
36
34
2
25
32
10
7
23
19
2
20
21
2
13
3
10
8
23
32
29
2
9
31
34
26
19
15
1
12
30
9
7
17
30
6
16
15
17
25
17
36
32
33
12
10
4
19
11
20
5
31
16
2
34
25
15
27
20
11
13
4
17
7
10
0
20
32
11
27
25
10
32
22
32
0
22
13
18
13
16
23
9
26
17
0
1
