2
6
6
20
9
29
14
6
29
21
6
21
11
31
14
10
21
29
36
7
24
36
17
8
29
16
10
13
27
2
33
25
7
25
19
27
27
19
31
16
7
28
6
33
26
33
18
26
15
11
31
11
30
13
31
0
26
27
7
9
7
16
13
8
32
22
13
7
18
2
29
35
35
1
2
33
12
2
13
8
11
16
1
15
18
16
20
2
14
25
24
6
5
26
13
19
22
7
28
34
10
10
14
0
33
36
4
24
1
36
27
22
18
11
36
10
22
10
25
33
16
1
6
36
9
9
9
10
17
15
18
30
21
25
4
26
14
12
24
6
20
24
34
13
28
25
15
18
17
4
25
29
12
29
31
24
15
33
35
4
12
31
35
13
18
16
28
28
1
19
0
33
15
5
33
8
27
22
30
20
32
19
13
16
9
5
22
10
26
10
30
36
3
14
19
27
8
22
8
10
30
24
0
