25
5
27
22
23
18
7
30
30
34
28
2
2
21
35
4
20
16
17
3
20
34
2
17
25
34
7
35
14
36
35
22
10
2
32
21
21
36
29
18
15
15
21
2
25
25
18
36
20
27
31
23
35
2
1
28
27
0
30
9
1
11
9
19
19
21
25
29
31
13
11
1
11
22
10
1
36
14
36
21
22
14
3
9
7
30
25
1
22
7
34
14
17
3
23
33
13
36
27
26
24
20
14
22
14
7
14
36
9
4
27
15
22
19
17
7
34
5
7
35
36
28
27
6
18
5
13
2
28
20
3
28
10
15
20
33
20
11
16
31
1
15
13
8
31
8
32
16
24
27
19
25
31
8
1
0
12
18
32
9
3
9
17
1
12
13
24
10
10
5
2
26
8
26
29
29
1
5
18
18
4
12
27
36
24
21
27
21
11
15
28
21
25
8
22
12
29
1
