21
11
24
2
13
34
13
34
33
30
5
26
21
27
29
15
11
18
32
27
17
14
20
6
13
5
35
8
22
4
20
1
7
30
26
5
1
28
11
8
12
20
16
14
17
2
7
34
2
29
19
4
17
26
6
22
13
25
26
29
21
32
6
24
9
34
26
10
24
21
19
20
27
3
27
34
5
9
14
3
24
35
22
9
15
9
30
7
9
23
26
24
15
20
14
27
14
32
15
33
11
25
11
31
5
35
19
29
34
28
16
32
28
2
13
12
14
11
31
23
22
24
6
32
15
0
22
17
1
31
5
34
23
16
17
7
6
31
18
34
25
6
8
20
9
19
33
25
20
13
13
27
35
25
10
18
2
11
12
20
14
8
34
13
28
33
14
27
4
29
4
24
10
20
10
7
14
4
3
35
4
11
6
10
33
35
1
29
9
0
27
13
2
13
7
30
34
21
25
