12
2
30
8
16
10
18
17
5
12
10
4
14
17
6
0
2
30
36
33
22
7
9
30
4
8
5
14
1
22
36
32
20
26
33
15
7
35
5
2
28
34
31
26
36
31
31
21
17
16
15
24
7
19
30
7
35
3
32
17
0
22
3
10
6
30
22
22
25
36
8
20
27
19
21
0
0
34
0
20
4
20
36
30
7
28
17
15
25
29
23
8
28
4
33
30
28
7
2
3
24
31
30
30
30
1
27
35
32
30
9
28
28
3
32
18
30
32
29
18
22
5
12
10
11
8
34
18
11
29
20
11
9
12
29
0
11
8
6
27
30
22
20
11
3
27
36
12
7
35
30
31
24
26
16
31
6
29
22
2
9
35
3
3
14
30
10
33
9
29
35
4
21
12
35
10
10
22
7
5
31
8
27
34
32
13
23
0
5
25
17
29
28
35
6
33
15
2
