9
7
7
12
35
15
29
28
9
27
33
32
12
20
16
24
16
12
25
22
18
16
7
18
34
31
16
6
29
16
33
25
29
17
3
8
0
5
25
8
15
25
17
7
6
7
5
32
27
13
33
30
2
34
24
10
33
28
28
20
4
35
17
32
9
27
0
8
2
36
19
32
18
24
33
0
13
5
27
19
12
29
30
3
23
31
31
13
15
19
30
11
0
28
7
31
3
25
2
22
2
2
33
7
21
20
26
3
7
27
7
7
7
15
16
28
10
17
30
3
30
21
11
20
21
32
30
30
6
20
26
24
1
25
20
1
5
22
22
6
7
6
27
4
21
19
24
11
4
32
25
35
21
13
27
25
19
15
28
2
9
17
29
11
20
31
23
23
34
21
0
22
22
1
25
5
14
13
25
17
7
7
11
9
20
11
23
35
34
9
9
32
5
22
9
15
35
27
6
9
7
2
