32
9
24
11
10
19
6
26
24
29
33
7
35
28
13
33
34
19
35
29
15
31
20
21
11
18
5
24
16
12
25
15
19
26
23
36
13
18
17
17
12
8
4
24
11
31
14
10
16
11
7
29
19
26
24
2
23
29
17
35
31
4
12
33
2
6
34
5
11
25
0
26
22
35
26
1
3
8
18
4
5
12
16
35
14
6
2
19
10
19
16
36
20
1
8
26
8
24
32
5
33
17
7
19
24
36
26
11
1
7
21
11
33
22
2
27
2
14
2
19
28
20
23
34
28
21
7
3
11
19
32
5
9
22
17
20
6
21
14
17
27
4
11
29
26
12
26
33
30
23
16
3
20
1
18
4
31
21
24
36
16
11
10
20
26
5
22
13
34
32
10
28
17
34
1
13
5
11
17
20
23
34
20
2
5
27
13
35
22
36
30
11
32
29
26
1
35
18
