15
16
32
6
9
28
18
6
3
28
9
6
29
0
19
31
35
2
8
33
24
18
3
22
25
7
30
14
32
6
31
23
14
30
0
7
26
28
27
0
31
15
5
25
33
17
3
30
35
1
14
32
16
32
23
23
3
20
23
3
21
23
13
17
16
26
25
18
34
23
29
29
27
14
13
28
6
22
8
15
19
16
32
32
25
28
28
22
36
19
11
5
5
18
1
18
35
3
0
12
34
26
1
5
17
2
12
36
23
36
27
4
13
20
24
29
20
11
34
2
20
26
3
3
1
25
17
18
13
3
19
29
32
11
8
30
3
14
31
34
24
25
6
9
21
2
20
23
18
22
2
11
21
36
20
28
6
34
2
21
21
6
20
15
30
3
6
9
0
8
2
19
24
29
35
20
12
7
4
18
21
19
13
33
20
28
4
25
24
26
10
26
2
25
10
12
