9
27
23
2
18
25
12
30
18
22
17
26
27
16
27
7
36
3
35
33
36
5
32
5
4
7
15
25
22
23
9
0
6
13
18
6
25
13
4
32
0
5
4
29
24
25
14
9
8
23
26
29
36
7
6
36
31
12
31
14
16
6
34
1
13
28
23
7
21
15
16
15
17
3
15
12
5
33
33
7
0
11
28
5
31
35
27
34
7
20
35
8
17
26
4
19
36
11
32
2
35
16
11
33
28
31
9
19
30
14
30
6
1
12
3
4
32
4
28
19
3
0
11
7
2
34
4
15
35
1
6
28
9
25
18
9
29
13
26
18
36
25
15
6
13
31
2
4
4
3
31
32
10
2
32
17
19
6
14
3
4
21
1
13
8
30
20
17
29
32
20
22
12
1
5
2
29
33
9
23
7
0
19
19
10
25
24
15
22
5
15
0
28
35
4
22
