19
27
34
9
28
15
8
18
3
22
18
5
0
29
26
25
34
22
0
28
5
28
33
3
5
6
19
6
36
9
23
23
31
29
31
31
16
15
9
19
11
0
26
6
3
8
2
30
9
29
18
26
26
7
20
33
31
13
25
31
0
21
26
36
23
2
3
22
25
1
28
12
25
2
35
30
2
16
26
5
2
29
2
33
15
26
9
4
21
4
24
25
36
4
0
18
2
32
16
13
27
6
7
21
31
36
33
21
3
0
22
16
36
23
23
0
20
2
31
12
1
21
26
30
11
16
35
8
32
18
24
9
1
11
28
18
33
34
24
1
10
0
27
23
10
11
4
24
25
23
24
17
9
12
5
13
16
10
22
36
11
12
17
26
33
8
7
4
20
16
21
31
20
20
18
4
34
2
14
21
4
27
14
3
1
8
13
16
12
31
2
5
28
16
22
13
5
