16
14
26
29
21
20
11
20
2
30
18
14
31
19
8
8
1
34
30
11
34
15
1
15
8
20
17
4
15
8
14
34
30
24
30
1
5
9
33
5
34
15
32
19
32
1
7
20
20
14
29
13
14
11
27
14
20
24
24
17
36
27
35
9
32
4
4
13
29
8
31
29
6
25
22
27
34
2
32
2
32
31
12
13
25
27
28
1
12
2
2
24
23
5
17
29
24
31
15
7
6
6
15
26
22
7
2
21
7
12
29
25
25
22
1
2
34
0
13
21
28
21
10
11
26
5
11
21
35
14
12
9
0
31
3
2
26
2
16
3
21
8
6
23
35
5
31
15
35
16
25
32
15
9
25
10
1
33
31
11
4
24
32
30
8
16
19
29
28
5
26
11
2
35
6
17
28
10
10
16
22
29
27
19
26
26
17
1
24
32
12
29
34
30
23
9
7
