0
9
23
23
20
15
18
10
24
13
15
0
31
33
3
25
1
4
28
35
32
33
17
10
19
9
18
32
17
33
12
29
7
20
34
2
11
31
2
32
7
4
32
36
18
17
31
27
36
23
14
33
9
22
14
25
30
28
23
31
14
33
7
33
34
20
32
1
16
14
14
29
34
20
35
8
6
31
23
31
36
9
14
3
1
32
36
23
21
32
29
2
33
1
10
23
36
15
36
18
34
12
35
6
7
4
13
10
29
12
23
35
8
27
20
26
12
21
7
14
7
30
28
6
36
2
25
9
14
30
34
9
11
6
24
32
30
0
3
25
11
17
20
1
0
0
21
23
18
16
31
23
2
0
22
17
1
15
8
32
1
4
27
17
35
2
20
7
12
36
23
7
6
28
28
10
20
21
36
21
22
24
5
28
9
36
28
19
0
26
0
25
34
9
7
19
26
25
