12
3
12
22
27
22
18
18
8
34
1
3
0
7
12
24
21
22
9
18
36
32
14
31
22
20
28
8
14
36
24
21
27
28
5
26
10
30
19
16
11
22
12
30
32
15
9
32
10
7
36
36
29
36
10
13
13
11
22
26
31
28
2
29
26
25
33
34
33
2
6
23
28
1
18
16
35
25
34
8
23
12
21
0
16
35
26
5
31
7
33
5
11
15
26
17
30
10
30
32
1
0
32
29
3
9
32
19
10
5
36
30
15
22
7
6
36
16
36
27
13
31
20
10
16
15
0
8
20
10
3
20
35
0
19
30
36
16
12
2
3
4
26
34
8
16
19
35
10
15
11
27
12
34
8
1
24
31
18
32
35
13
26
9
25
1
0
31
23
6
16
24
34
0
28
5
36
27
19
36
2
31
31
4
17
5
26
1
22
5
4
35
17
29
22
36
