25
5
35
14
29
23
15
23
33
33
2
7
23
13
25
14
29
22
22
1
19
14
28
7
6
11
26
32
34
9
29
18
29
14
7
11
34
33
27
1
10
3
20
1
19
31
2
10
35
34
35
21
9
9
4
19
17
32
3
22
11
32
23
35
16
17
0
12
9
35
4
32
6
18
4
36
28
23
30
0
14
6
23
20
26
29
27
21
4
7
16
8
5
6
30
27
26
13
22
11
8
33
22
13
24
10
12
11
7
8
22
22
14
8
9
7
12
11
28
0
23
11
33
16
36
12
19
15
22
3
24
31
10
12
16
10
23
13
15
19
26
30
11
25
17
6
9
29
1
0
15
10
32
3
1
35
6
33
35
13
36
32
29
6
25
35
5
16
33
32
24
21
24
4
3
5
21
4
21
33
24
31
22
10
25
8
14
18
3
5
16
2
35
19
24
19
10
30
16
