25
26
6
2
33
34
35
22
21
7
10
29
19
13
26
15
22
30
24
24
27
29
25
28
18
22
24
15
10
10
29
32
5
18
2
12
24
32
28
21
16
36
9
20
19
2
26
11
5
34
32
25
31
24
1
6
14
16
10
34
4
1
24
31
31
13
33
6
35
27
10
12
0
24
12
36
4
35
2
22
10
31
30
4
2
29
11
17
30
12
26
17
33
28
34
2
34
3
27
22
18
30
16
9
18
30
22
13
22
28
8
21
17
11
34
31
12
26
2
24
0
0
11
7
17
6
33
3
29
7
35
18
15
6
3
31
19
4
4
6
1
11
1
6
6
14
29
17
6
13
13
27
29
6
27
33
19
31
21
10
30
10
32
26
36
25
7
2
36
35
4
24
15
24
28
7
15
7
12
30
16
5
26
2
28
26
8
33
15
1
33
20
9
24
8
3
20
25
12
19
27
