1
32
26
31
33
2
35
13
27
0
4
16
2
3
12
22
34
34
33
30
30
2
24
28
27
20
13
15
27
11
36
9
34
8
27
26
33
5
27
26
22
4
33
10
21
0
24
17
35
9
35
1
26
24
22
13
12
13
26
25
14
31
20
4
29
23
19
24
9
22
1
26
22
24
31
29
7
10
15
15
30
19
19
30
19
1
36
27
10
36
36
30
19
25
6
0
16
11
18
4
16
4
35
11
22
21
5
30
36
20
19
13
25
19
7
20
23
24
17
10
4
28
28
18
24
18
8
14
17
22
12
30
33
10
30
13
18
19
28
15
1
8
18
31
2
7
16
31
0
31
26
0
24
36
16
0
32
26
27
8
26
22
23
9
4
24
19
17
24
32
16
25
33
32
5
36
16
13
35
36
14
22
33
5
19
20
14
5
13
30
5
28
24
6
3
16
27
