28
33
13
23
15
8
6
23
8
19
35
35
31
19
23
18
33
30
20
3
18
17
26
0
34
24
9
19
9
31
18
8
35
16
5
1
31
2
30
31
15
31
5
1
18
35
19
10
15
6
23
4
22
36
18
10
23
24
14
14
26
14
32
16
11
21
7
17
21
32
18
17
25
5
30
4
15
6
29
27
24
30
9
24
19
2
23
28
1
36
5
34
16
33
11
28
17
3
36
5
15
13
31
20
31
15
12
30
19
35
17
19
27
31
33
3
3
25
19
31
27
2
20
36
29
20
20
8
24
12
7
36
27
20
1
8
18
21
12
3
27
35
8
7
24
11
30
24
36
33
0
26
23
36
3
30
4
34
34
11
27
0
35
2
5
19
21
17
21
21
9
6
18
32
33
34
29
4
29
5
14
31
28
24
8
11
33
34
17
31
18
36
2
35
4
24
7
31
30
11
21
9
13
