18
35
16
34
7
18
12
20
17
26
20
11
9
17
29
6
25
27
35
33
6
13
13
5
21
28
16
1
17
21
26
15
13
15
17
31
19
24
27
14
10
31
7
33
28
14
17
28
31
35
8
25
14
13
1
2
29
16
8
0
14
27
15
17
21
36
24
6
11
8
22
17
4
29
35
17
11
24
16
9
15
35
8
17
23
27
12
13
12
32
3
5
30
33
11
30
18
27
15
33
12
25
16
36
17
18
31
35
11
16
5
36
36
11
27
5
9
23
1
12
8
34
34
33
31
11
11
1
21
9
15
16
18
33
6
6
10
19
22
2
5
4
11
30
30
12
13
15
28
27
20
8
34
0
7
0
3
11
12
14
34
15
26
13
1
27
34
0
4
35
1
19
18
34
34
27
33
27
32
11
4
13
10
21
14
29
2
4
13
23
31
32
36
29
24
10
13
14
12
4
