19
17
6
27
18
24
5
20
15
7
26
20
30
4
16
36
5
10
31
34
31
22
26
4
36
27
19
26
17
27
7
4
12
12
5
20
24
10
36
13
33
36
2
13
12
23
7
7
11
31
31
25
30
34
35
6
10
32
28
13
30
22
22
14
10
36
24
34
36
15
29
24
30
36
33
2
0
17
9
31
34
14
19
14
29
7
17
2
8
6
15
11
2
2
18
6
6
8
34
28
4
3
20
12
9
8
23
26
28
16
2
29
29
27
11
22
3
16
24
24
24
1
8
0
16
20
28
28
3
28
30
23
13
24
15
4
27
13
12
4
31
5
22
16
28
13
4
4
27
24
26
15
30
11
1
26
25
19
9
31
36
5
27
32
28
11
34
18
6
30
24
30
4
6
1
30
11
16
24
1
14
0
0
21
7
6
23
6
35
35
15
5
2
23
4
20
19
13
25
24
3
