26
26
9
10
24
4
23
32
30
12
5
2
27
21
25
34
5
23
18
27
22
23
28
23
30
28
35
34
13
20
1
23
3
28
2
11
3
32
14
10
9
23
31
24
31
36
4
21
15
0
12
8
10
5
32
29
4
12
13
1
21
11
9
3
14
32
34
13
24
32
5
36
5
23
16
17
17
14
2
30
31
8
9
24
14
1
25
21
28
10
28
4
25
18
34
20
25
21
3
9
20
7
2
28
12
22
10
21
30
27
30
5
14
9
7
23
32
11
32
12
29
23
28
34
31
29
28
14
4
19
16
23
6
33
7
14
1
11
0
3
10
35
10
30
25
31
29
12
7
32
8
26
31
0
21
26
7
34
31
4
15
3
1
2
3
7
15
14
7
18
3
36
9
0
26
11
21
13
16
21
1
4
26
13
8
2
25
19
0
33
2
30
16
36
31
17
13
22
36
