7
31
24
33
8
7
16
20
20
16
33
23
26
0
25
31
8
25
29
18
13
3
28
29
28
22
13
1
24
34
7
36
22
21
19
31
19
14
7
21
25
22
0
14
24
17
5
35
20
34
32
0
15
36
26
13
15
30
23
25
1
17
35
31
10
9
33
28
35
3
19
21
24
17
34
11
18
20
0
15
22
33
7
24
36
0
30
31
24
0
25
35
26
12
18
25
28
32
22
6
3
10
1
27
25
22
36
33
32
23
8
16
27
35
2
18
23
23
34
1
19
16
11
10
5
9
13
18
22
36
30
10
15
35
8
35
5
5
10
13
3
13
30
14
9
24
24
24
29
5
9
6
21
7
8
35
21
9
13
8
13
13
24
8
23
17
24
21
32
28
18
15
1
16
12
33
28
34
29
35
28
9
20
9
6
29
32
9
13
2
29
32
12
5
5
22
36
14
20
