21
28
4
5
9
4
34
26
12
30
17
7
24
11
29
29
22
23
17
23
0
9
27
2
20
6
1
32
11
14
32
8
32
34
2
33
36
24
10
18
3
29
34
19
9
32
6
13
8
29
35
13
15
14
31
17
31
21
1
12
31
31
12
24
25
22
20
13
4
23
3
23
10
33
8
22
28
19
33
28
4
34
30
34
25
20
30
34
29
11
8
22
16
7
24
27
36
2
20
2
0
2
26
22
33
36
30
8
3
2
31
10
18
19
2
4
25
3
16
14
10
28
26
12
12
18
30
17
14
12
33
24
2
24
22
36
4
14
4
29
29
11
11
26
12
36
15
13
23
21
36
29
1
29
11
10
31
19
8
25
25
36
0
4
14
19
28
11
5
27
1
30
20
28
31
7
24
22
31
8
7
6
3
5
25
2
32
25
30
32
19
34
30
30
32
12
11
18
