35
28
22
12
16
23
4
14
33
4
7
8
21
17
25
31
9
6
22
4
4
28
13
10
18
35
0
29
15
11
1
16
29
15
6
15
33
9
32
17
20
31
32
29
20
12
12
12
32
5
36
11
22
1
13
7
1
12
4
13
3
27
35
10
7
15
35
18
7
21
17
33
12
19
2
30
24
10
30
11
33
2
15
13
3
25
5
35
31
9
35
17
19
31
6
23
9
6
21
21
32
0
22
24
4
3
3
16
0
30
10
17
25
15
18
19
17
13
4
30
8
4
28
15
24
12
26
29
8
32
14
33
14
19
29
15
22
5
26
25
28
24
4
23
12
36
20
7
36
14
16
9
11
17
19
16
23
34
21
5
34
23
11
0
21
20
33
15
3
13
25
16
0
21
11
30
20
35
33
25
32
7
36
30
18
24
34
31
22
4
18
3
21
8
27
4
12
