30
14
31
34
31
1
8
11
21
15
23
10
24
31
19
12
18
5
8
10
34
13
28
10
31
34
25
1
4
6
34
21
29
5
36
13
25
32
9
30
34
29
35
29
23
0
31
0
7
4
5
14
17
6
3
6
9
34
29
1
6
25
9
28
3
25
24
11
12
2
2
36
28
16
13
2
8
11
15
30
10
36
9
26
3
30
8
22
31
11
4
21
21
21
14
27
29
18
5
8
14
9
30
9
24
29
14
9
16
32
5
16
26
9
30
20
34
19
1
24
9
16
0
22
20
25
15
34
5
32
36
18
18
32
0
3
32
9
34
29
0
6
15
33
14
25
3
12
32
21
36
7
23
26
16
30
26
32
30
22
23
11
16
6
3
3
9
3
34
25
1
28
12
7
3
32
18
18
17
35
14
15
27
36
13
11
34
15
3
14
35
20
20
31
3
8
25
7
15
17