22
19
36
2
25
7
33
14
27
17
0
31
31
1
26
13
5
26
35
15
34
8
25
22
20
9
22
31
16
26
2
15
9
4
16
17
7
24
5
28
16
34
9
17
5
3
33
17
11
1
24
20
3
30
26
36
0
9
21
33
15
35
10
31
32
24
34
3
16
12
19
33
3
14
9
11
12
29
30
21
34
28
28
22
25
3
1
14
10
20
33
29
28
22
21
33
33
19
33
18
22
24
1
4
21
21
30
23
4
8
20
32
18
15
2
21
3
21
36
33
32
29
2
34
36
9
20
30
29
24
18
5
31
8
1
23
9
32
18
2
18
23
17
2
9
8
36
36
35
13
17
19
25
32
11
28
6
5
7
23
13
21
32
4
21
4
7
8
7
32
34
19
21
16
5
16
33
15
35
33
29
35
21
23
28
18
9
6
1
0
13
11
25
9
6
21
11
28
15
