9
36
25
31
18
28
28
31
36
21
22
2
12
29
30
31
19
30
22
25
33
34
18
29
26
2
21
17
16
23
3
36
6
1
0
20
15
29
3
29
31
15
35
20
19
2
11
21
32
2
34
30
24
15
15
18
13
3
17
15
23
16
8
14
4
19
11
5
26
14
36
12
14
5
5
17
21
30
9
23
9
17
15
36
9
6
7
29
14
19
21
3
7
5
11
29
1
10
10
16
13
31
6
9
14
6
35
27
18
7
23
5
25
36
36
11
9
7
35
16
0
33
31
31
5
6
23
20
27
15
5
3
5
0
33
18
17
4
6
15
15
0
1
35
3
8
6
18
10
0
23
12
2
9
33
34
28
23
7
4
33
35
3
31
7
9
20
28
13
13
12
26
15
10
24
10
13
10
28
11
12
9
19
12
6
1
3
2
15
20
12
3
29
29
7
4
32
