18
24
2
30
32
0
9
29
11
6
14
35
32
8
9
30
20
36
9
24
2
14
9
32
33
8
27
26
1
21
23
1
24
27
6
25
14
27
18
29
31
26
3
18
32
15
4
32
35
7
11
13
12
26
27
28
36
5
35
32
6
29
36
3
35
33
5
10
7
31
21
13
28
34
30
1
9
6
31
14
14
3
33
1
21
34
17
32
14
30
19
35
21
11
15
34
8
34
33
24
24
29
30
13
10
25
20
20
31
26
1
9
2
18
25
14
4
34
20
24
36
16
13
20
22
26
16
15
25
10
24
18
9
8
16
28
8
11
29
33
36
22
16
4
29
27
32
8
9
7
8
2
34
26
1
24
11
9
26
30
27
34
10
26
36
2
25
1
29
11
16
27
3
30
27
26
13
32
3
34
5
19
35
1
11
28
31
3
18
15
28
34
14
36
3
31
