21
2
23
13
23
26
30
36
9
24
25
14
6
11
24
16
1
10
2
9
4
6
23
23
5
3
27
8
12
36
36
30
27
32
13
21
35
30
17
12
36
26
2
7
34
33
12
14
11
7
19
30
27
7
2
3
20
36
12
19
36
12
13
6
14
30
33
24
25
25
4
22
6
10
30
4
11
35
20
33
4
3
12
28
31
36
32
35
29
24
23
23
34
18
20
7
5
16
33
0
7
6
28
24
22
1
36
8
22
1
31
18
27
29
12
15
8
6
15
36
16
10
27
0
20
22
9
17
3
26
16
23
4
31
15
27
14
34
16
27
14
15
1
31
18
22
3
31
8
26
1
23
32
0
8
18
22
18
36
18
12
28
14
10
12
14
31
23
9
4
14
9
31
10
31
34
23
6
27
1
0
14
34
22
34
8
13
30
24
28
17
32
20
24
24
2
24
14
