13
16
23
34
19
27
22
5
7
23
5
32
8
18
31
32
23
15
14
13
16
21
30
33
4
36
25
10
1
16
0
20
23
5
15
2
0
32
9
6
29
34
4
29
36
29
26
17
8
19
16
31
26
24
1
36
9
15
0
12
3
8
24
7
11
12
16
5
19
30
30
0
14
31
33
20
15
4
32
11
1
2
34
13
7
6
10
7
12
22
31
7
28
35
2
0
5
19
9
17
15
1
28
28
21
22
9
28
22
4
8
4
34
33
33
21
15
1
21
35
25
1
30
17
7
8
24
21
33
12
25
12
8
11
16
30
0
2
5
36
36
15
8
32
34
18
30
33
11
21
16
2
11
28
4
12
8
14
12
17
9
20
24
13
29
2
11
0
30
8
20
36
22
17
25
10
32
13
4
17
9
8
0
5
21
6
33
20
32
11
28
30
26
27
24
18
9
2
33
0
18
