4
5
30
9
9
17
17
27
31
18
15
2
19
8
13
29
36
27
36
32
34
36
1
28
14
31
31
30
26
19
20
11
28
12
3
17
4
29
13
25
14
33
21
30
5
13
0
17
8
20
20
12
13
18
15
31
6
16
13
6
20
36
5
10
8
35
27
36
9
34
16
30
29
28
28
24
30
10
21
0
17
13
32
23
4
14
25
18
16
34
32
3
34
33
23
6
29
4
25
36
31
15
29
32
2
10
29
23
35
21
12
31
11
12
10
12
17
18
4
11
9
34
27
28
27
28
8
5
29
10
22
28
27
26
15
25
3
26
36
20
30
2
3
34
10
21
19
35
24
25
36
26
12
5
20
4
23
14
23
18
13
12
35
17
13
23
32
17
19
16
29
8
17
34
19
27
1
17
5
35
28
12
34
20
2
17
27
32
20
5
35
19
12
29
22
36
2
30
27
