30
4
22
31
33
29
27
2
30
22
2
13
2
20
18
17
13
15
11
14
27
5
15
4
18
1
17
12
5
6
28
35
31
9
16
26
13
6
32
8
8
20
24
35
16
20
15
15
1
13
19
5
9
0
7
4
5
32
14
23
2
21
36
5
34
36
35
25
28
31
8
24
35
29
27
21
12
10
17
1
32
25
7
6
7
3
18
10
3
20
18
34
0
34
36
9
1
19
33
3
3
10
13
18
2
16
14
2
19
31
14
27
17
5
36
22
18
36
33
25
19
20
26
17
8
1
14
21
36
29
30
20
7
32
4
22
19
16
34
15
29
13
35
29
16
23
4
11
21
21
25
17
22
24
17
35
8
29
17
17
26
7
17
23
33
14
36
35
26
4
32
8
1
26
32
29
36
13
10
22
20
12
34
8
21
36
33
6
2
22
31
35
36
26
29
5
