2
13
4
6
31
24
1
17
2
19
36
8
27
4
27
17
32
23
15
4
18
19
9
13
3
17
14
18
20
8
21
36
32
27
13
7
33
25
34
26
9
17
25
21
15
3
24
26
35
29
23
27
33
13
31
31
21
10
12
25
23
22
12
35
30
34
6
22
15
23
25
11
19
33
10
13
16
27
31
0
7
7
30
35
36
31
11
19
19
18
15
16
12
29
14
31
23
21
5
20
31
35
32
4
33
36
22
28
8
12
19
36
5
5
14
20
18
25
22
24
6
18
18
33
23
36
30
34
4
27
26
17
19
33
28
18
2
16
29
19
13
27
2
14
2
20
28
32
18
21
35
14
0
23
10
14
30
9
5
6
33
23
0
29
7
18
20
3
23
8
12
3
14
30
9
18
8
5
8
16
13
15
16
28
34
33
5
2
6
28
29
3
35
29
8
22
15
5
16
15
36
21
