32
29
7
1
12
16
36
34
29
2
26
22
3
32
34
31
3
19
36
2
5
35
6
33
14
21
19
22
10
23
24
27
2
5
17
0
31
32
28
5
26
7
19
28
22
21
32
4
7
0
32
21
18
26
24
26
26
1
28
30
6
10
4
2
26
20
6
12
2
14
0
27
7
24
30
9
22
7
18
8
25
9
18
1
7
18
20
30
26
0
35
24
28
10
18
36
20
14
7
4
2
15
1
25
35
0
16
25
32
21
19
0
28
10
7
23
5
13
14
13
4
15
3
4
10
0
19
9
15
12
21
30
20
32
13
26
11
17
36
1
35
5
2
19
35
28
0
8
2
22
29
26
30
15
16
32
25
32
12
6
5
22
31
32
22
11
28
14
34
19
27
9
0
36
29
25
10
19
17
21
25
32
35
22
22
36
22
11
12
11
7
33
36
21
1
16
25
15
35
25
