10
30
3
32
24
36
4
31
29
12
27
22
14
15
14
30
17
10
4
7
22
30
33
31
13
21
22
35
21
4
27
5
28
26
32
6
22
34
24
18
13
15
14
9
9
23
7
31
11
28
12
34
29
0
9
17
22
27
25
4
9
30
15
27
31
10
6
20
10
14
36
6
33
19
32
20
28
24
18
2
33
30
12
31
27
16
17
6
12
0
4
15
4
11
31
15
17
26
15
19
8
8
0
13
35
27
31
11
23
33
22
3
5
32
1
7
6
34
16
0
15
20
21
28
18
14
26
10
34
13
4
22
33
19
15
12
24
17
24
8
21
33
22
25
26
11
0
1
0
6
19
12
11
2
25
34
21
14
15
13
18
7
24
6
32
36
33
11
16
35
10
0
6
35
36
1
27
1
7
21
35
8
18
6
18
20
28
32
3
11
9
28
29
14
33
7
11
22
35
36
0
