26
34
0
35
13
3
14
2
34
17
32
12
14
28
6
8
5
2
17
28
1
35
12
31
27
31
20
19
24
23
13
0
5
4
26
31
30
18
25
10
28
36
4
11
27
29
3
12
2
28
25
25
24
32
34
3
33
25
13
15
30
20
15
34
25
7
4
15
11
2
23
3
35
20
6
34
20
34
21
19
3
34
15
28
18
22
10
12
34
4
5
15
0
16
32
14
33
30
6
25
17
10
6
32
25
36
2
9
11
11
19
15
20
33
34
27
25
1
32
34
36
10
5
11
5
12
21
16
20
23
1
36
31
7
7
9
12
0
10
22
24
33
1
14
8
22
17
24
26
30
12
14
36
16
3
26
22
20
0
21
28
5
25
1
0
14
11
32
10
16
29
25
5
5
11
33
5
10
1
2
12
23
34
21
33
6
26
17
30
2
10
12
24
7
16
10
