12
16
12
1
30
17
15
4
36
32
30
7
17
18
25
35
0
17
30
26
36
9
17
6
35
24
0
19
35
18
25
10
20
17
13
9
34
10
26
25
12
26
20
11
20
5
21
19
17
26
33
35
18
16
27
34
7
35
14
36
9
16
5
10
14
1
19
35
28
16
12
10
11
13
17
26
10
33
32
12
32
1
34
7
17
27
7
1
14
22
31
4
23
11
17
17
8
7
1
30
5
22
13
36
17
18
2
12
3
1
9
21
33
7
35
7
6
18
31
14
13
11
5
6
6
13
20
35
24
5
32
0
4
14
27
29
7
22
14
11
13
23
7
8
10
5
12
18
18
32
9
18
12
28
20
5
16
14
10
6
33
18
29
20
7
9
27
28
7
22
10
26
1
1
24
34
18
0
31
11
35
31
4
3
9
18
36
36
26
25
33
24
36
4
24
5
21
0
9
