31
24
12
12
10
31
30
4
9
27
8
30
25
0
4
17
0
34
24
31
20
30
21
12
8
5
10
1
1
31
33
18
33
15
28
17
8
10
2
29
29
27
23
26
28
28
19
2
27
7
20
7
16
1
33
0
19
13
35
0
3
2
22
30
28
32
5
3
18
36
5
24
10
24
29
20
9
8
4
14
34
34
19
4
18
25
31
4
33
20
4
35
8
17
3
34
31
32
36
21
24
4
28
2
15
16
10
36
9
21
11
23
20
7
11
20
19
2
17
10
31
8
28
24
2
10
9
7
20
5
23
7
23
13
19
8
19
18
18
9
24
7
5
33
35
31
32
9
9
32
20
11
13
30
5
19
17
16
21
6
36
16
22
24
33
14
28
8
22
4
11
26
20
12
10
32
4
30
6
26
13
32
25
3
5
0
24
8
1
7
3
18
29
0
22
24
23
10
