20
3
35
14
3
31
27
35
29
28
5
6
30
13
9
32
2
4
17
18
18
3
18
25
19
5
9
17
4
30
29
25
20
29
23
27
10
24
6
3
15
36
35
35
35
18
4
25
10
32
8
1
21
33
10
9
23
17
4
7
19
26
34
11
16
33
31
32
2
33
15
1
24
10
9
16
4
3
2
34
4
33
0
1
28
33
15
7
34
15
21
12
12
20
27
13
25
5
6
21
2
10
24
4
0
16
28
23
21
12
7
4
22
15
33
31
28
23
12
0
12
21
36
14
4
28
34
36
16
4
10
26
1
28
35
17
4
14
0
35
33
26
20
16
26
5
15
18
36
25
11
29
17
12
29
4
22
16
16
7
10
15
25
2
27
2
32
26
6
23
32
11
29
20
36
3
24
15
25
33
31
15
28
27
23
9
15
26
14
36
26
7
3
24
20
0
6
16
22
16
