9
19
27
0
13
36
32
7
17
35
36
12
21
21
21
34
21
7
36
11
33
13
16
0
35
5
25
3
34
32
16
34
0
20
15
13
17
7
3
14
20
10
23
35
16
6
26
7
25
6
15
13
11
36
2
14
27
9
7
7
17
13
31
25
21
36
25
17
22
17
3
24
5
15
2
5
29
22
9
18
2
7
36
10
15
32
21
13
24
27
33
12
18
8
17
25
8
25
30
21
28
18
10
16
1
3
14
30
2
14
5
36
14
16
12
13
16
26
19
24
31
11
17
36
19
15
27
11
22
27
35
31
16
2
3
10
18
32
36
18
15
11
33
30
1
5
19
17
11
34
23
2
30
23
14
35
4
19
21
0
12
0
34
0
24
6
17
34
4
28
5
18
4
11
32
18
3
2
22
31
20
34
26
5
15
15
27
29
1
33
9
26
24
20
12
9
35
36
