13
13
35
27
4
14
9
4
22
29
32
8
3
35
10
6
4
7
6
20
6
20
13
3
1
30
2
21
19
17
15
7
27
3
7
21
24
20
18
16
30
4
27
9
4
31
24
13
17
36
34
2
8
12
3
26
19
19
5
28
4
15
14
34
20
25
27
12
10
23
18
10
14
11
23
25
4
6
18
29
23
28
0
2
35
8
4
33
3
5
31
30
6
10
7
12
36
18
33
15
18
25
36
36
23
9
16
26
35
4
15
2
26
32
31
10
11
11
0
8
32
36
21
34
30
5
5
27
28
27
25
11
34
11
14
29
10
34
2
30
6
28
18
3
14
1
26
9
14
28
35
36
36
22
11
34
34
7
9
29
11
21
32
22
18
27
36
4
8
4
26
22
22
12
23
4
27
22
36
10
29
22
20
36
25
26
33
1
27
9
19
26
13
33
15
28
15
