36
28
22
6
24
25
15
13
23
35
13
35
11
12
9
4
31
34
13
34
26
3
23
17
5
19
6
16
10
14
10
28
26
10
36
24
29
15
22
7
3
15
33
18
17
25
16
5
32
21
20
2
25
5
12
0
6
33
16
17
9
0
1
11
5
25
29
29
0
5
33
21
7
19
11
11
3
33
30
21
10
36
34
10
11
10
15
27
24
19
34
23
3
36
23
19
9
6
22
30
31
16
33
1
26
17
25
0
1
14
30
8
23
10
18
26
20
8
19
9
36
8
15
16
11
0
14
23
4
18
10
35
33
2
23
1
11
16
25
28
23
31
35
4
23
10
2
13
30
7
19
21
6
11
27
10
21
29
32
18
1
4
16
26
28
17
22
13
1
8
12
15
24
2
31
19
22
28
13
1
12
36
22
16
25
22
30
7
3
6
2
7
23
34
36
31
13
8
25
