14
23
14
36
8
5
30
4
30
26
35
1
11
6
34
3
24
1
11
11
18
36
23
16
20
5
12
22
35
17
1
20
14
15
13
33
10
14
17
31
36
4
9
16
32
14
15
0
23
9
21
34
7
26
16
19
17
2
14
20
11
14
11
32
14
36
26
1
3
1
16
17
27
11
27
2
14
4
23
33
34
32
13
21
12
30
6
22
8
15
6
4
5
31
28
8
25
34
19
3
20
8
11
4
22
19
9
20
9
12
24
20
0
16
26
7
6
20
25
27
7
18
6
29
35
34
16
34
32
5
20
27
20
22
19
3
28
31
30
28
11
17
33
24
10
11
15
25
12
31
9
27
10
25
22
17
23
11
29
25
14
0
21
9
22
15
20
3
22
28
10
15
26
15
5
18
16
33
16
24
22
19
14
18
3
14
19
20
25
6
0
24
4
32
9
24
5
32
7
