9
22
16
6
23
14
19
27
10
15
8
30
6
29
15
6
14
30
30
19
8
27
13
1
8
20
4
3
6
14
14
7
2
13
32
3
3
23
22
17
14
26
13
5
6
15
36
35
4
26
12
5
19
23
24
15
35
9
34
8
6
18
21
10
27
27
14
9
15
6
23
34
8
14
14
33
32
25
30
12
22
30
3
25
21
5
14
2
26
14
18
7
7
24
6
4
2
23
12
4
14
7
34
31
9
16
3
8
20
11
33
9
31
14
2
19
5
24
29
29
1
4
12
33
28
23
19
1
24
2
7
32
14
9
8
14
31
34
21
9
31
23
15
25
16
2
33
9
23
22
4
0
24
24
18
10
0
34
4
15
30
18
29
11
25
0
24
3
17
33
34
11
16
35
23
7
34
8
14
5
25
16
28
32
16
11
20
27
0
34
31
24
8
19
16
34
28
36
6
