13
29
18
26
13
18
5
34
15
33
1
4
7
25
20
20
25
25
2
11
12
9
17
34
1
35
29
9
28
11
32
1
28
22
29
1
5
27
4
29
14
15
7
14
29
22
19
19
20
11
16
26
29
26
34
29
33
33
4
32
31
2
11
12
29
15
10
15
12
9
22
6
34
2
23
17
26
8
27
21
24
5
5
12
28
24
36
25
16
7
35
19
2
36
28
5
12
13
5
8
14
11
17
8
4
25
31
17
3
19
0
14
35
32
27
19
30
18
15
23
33
17
24
11
33
31
29
17
34
29
5
24
2
35
26
26
26
21
0
25
32
34
5
6
22
17
26
28
30
23
13
6
2
18
33
36
23
24
13
16
13
12
31
6
35
3
28
13
26
26
14
9
36
2
2
15
6
28
24
2
1
20
29
1
36
21
34
2
20
8
1
8
33
2
7
24
23
22
