4
4
22
7
12
16
32
19
31
24
13
34
34
16
0
30
24
21
9
3
27
6
2
31
8
21
0
2
34
19
14
36
2
28
20
21
1
19
24
1
26
13
1
2
31
20
8
14
21
33
25
27
6
19
29
31
2
15
14
31
27
9
5
29
29
22
13
12
30
34
22
2
24
8
29
12
23
17
6
5
8
2
35
21
30
0
18
11
11
34
26
15
16
3
11
35
6
9
8
35
15
18
28
14
2
15
4
6
29
21
23
5
6
10
15
17
34
13
3
7
30
26
13
23
2
5
30
22
9
7
17
34
1
7
3
12
15
8
34
24
4
0
32
27
5
3
21
6
35
23
15
30
36
35
5
12
7
17
31
24
26
27
19
36
30
7
8
11
28
20
8
16
9
17
13
23
1
30
21
15
13
36
10
34
12
21
23
31
12
21
21
33
17
15
29
3
11
36
2
13
1
