31
14
18
31
28
3
31
28
27
5
1
2
9
17
10
18
29
20
32
0
27
28
25
4
23
15
20
32
0
33
4
13
18
31
20
35
23
5
35
19
4
28
13
31
24
10
19
34
18
8
32
28
19
30
18
16
13
31
21
22
15
8
12
15
12
3
10
19
0
17
35
22
8
30
16
18
28
33
23
3
36
12
35
27
2
7
7
4
36
27
2
29
5
34
30
30
16
12
32
26
15
23
15
10
19
29
18
23
7
34
26
11
2
7
30
2
29
11
22
5
5
33
14
13
17
22
5
29
6
15
20
5
7
34
16
5
24
17
20
18
35
9
21
19
15
0
34
29
32
33
29
34
9
27
18
29
25
18
35
17
20
5
24
9
35
20
24
1
22
2
26
2
13
30
2
15
23
20
31
6
24
15
14
2
8
0
32
18
19
32
15
30
6
33
13
10
1
