7
15
5
33
3
32
27
29
4
27
31
19
24
35
36
36
4
18
35
15
4
36
32
21
19
29
35
10
29
24
30
3
28
3
24
25
33
0
8
15
28
18
5
9
17
17
6
14
29
33
31
32
31
26
18
23
15
20
2
1
0
9
10
13
26
3
30
0
29
8
12
31
2
36
20
29
14
36
9
4
16
2
18
6
0
9
16
15
23
3
36
28
18
35
2
29
26
4
14
1
27
31
10
29
16
29
11
12
11
0
0
23
21
23
22
35
4
13
1
8
30
14
21
9
6
7
26
10
32
21
18
8
31
25
19
35
13
27
24
7
9
7
18
11
31
26
31
17
22
0
35
24
30
23
25
6
22
36
2
1
10
30
34
3
10
23
1
33
32
7
29
14
23
22
15
17
28
9
25
24
30
6
36
32
1
25
24
13
27
14
33
6
28
8
29
19
26
0
33
27
