18
29
31
13
1
2
18
28
18
25
3
15
1
9
22
20
29
6
2
34
16
17
18
31
2
23
1
34
13
4
23
3
13
16
6
3
3
31
10
19
12
1
0
26
6
26
12
18
19
21
6
20
24
12
30
34
11
6
6
20
0
35
29
19
5
15
10
21
20
36
23
2
26
26
6
33
34
0
5
27
30
12
20
34
13
23
18
35
3
25
14
17
33
35
33
25
28
27
9
33
36
3
3
34
6
24
31
33
31
27
22
12
15
23
35
27
28
5
1
33
23
33
24
35
7
14
6
18
26
10
0
21
22
19
0
36
17
19
3
30
21
27
0
33
29
35
32
8
36
16
30
12
27
10
15
36
3
33
0
21
18
22
28
29
16
22
21
23
28
28
26
10
30
27
5
2
13
30
7
13
4
33
7
17
22
2
22
1
20
12
33
29
15
9
2
24
22
21
19
34
19
