10
9
13
26
7
20
32
1
15
1
20
0
8
24
7
34
14
26
32
13
29
11
32
1
10
22
2
5
25
16
30
27
13
12
16
29
14
20
26
13
9
20
29
15
12
13
17
29
12
19
35
24
32
7
15
21
36
13
5
12
6
29
29
28
30
16
34
3
31
14
17
15
1
7
21
33
15
8
9
36
13
11
0
5
19
30
4
16
5
12
3
28
1
35
29
19
7
6
33
10
10
13
3
18
5
24
3
36
2
32
4
6
25
11
8
5
1
25
14
10
35
12
32
3
23
8
4
24
27
20
1
2
18
26
35
33
10
8
3
22
16
8
7
21
22
27
28
0
31
28
35
3
3
34
31
16
30
0
26
28
32
0
15
21
12
25
36
16
2
21
4
10
13
18
16
28
19
26
36
0
19
34
9
28
4
33
20
30
21
13
10
5
24
3
28
21
26
29
2
21
10
