7
29
31
13
9
2
30
23
29
0
20
21
18
30
35
20
14
17
14
8
1
31
35
8
26
28
24
0
1
21
1
17
4
20
30
26
34
9
34
18
4
19
21
4
23
25
17
17
2
28
18
3
10
14
7
26
20
18
9
34
34
2
18
32
3
28
9
7
9
9
27
14
0
21
30
15
3
34
12
16
34
24
28
27
0
35
20
17
0
32
21
29
31
9
33
36
13
6
26
1
32
10
15
22
36
35
20
17
28
7
21
36
19
15
26
20
13
5
32
2
8
15
19
10
7
4
22
16
6
1
36
32
34
26
33
29
15
33
7
24
1
24
28
26
5
24
14
20
19
12
23
18
29
5
3
7
1
22
36
25
19
28
36
34
31
37
19
14
26
19
21
9
23
12
22
8
31
31
35
29
14
36
26
25
28
27
1
17
35
26
1
36
13
4
20
13
2
26
36
