21
34
6
23
21
14
34
15
28
33
20
28
0
33
26
31
26
22
12
3
20
16
5
32
4
22
34
27
17
34
17
1
12
3
8
8
0
8
18
28
32
26
19
34
0
19
1
3
36
1
1
32
11
3
1
34
18
33
8
21
35
29
14
15
4
36
4
0
30
17
7
16
29
6
19
33
11
10
16
24
35
33
3
18
9
19
31
33
13
20
19
30
33
10
2
16
3
9
20
10
26
13
16
9
22
7
8
14
8
7
10
12
16
27
32
12
29
14
24
27
5
5
20
29
35
10
7
22
10
28
11
1
19
26
5
25
26
29
36
26
28
28
9
6
27
8
28
34
35
11
13
22
4
36
0
14
7
20
36
23
22
5
2
12
5
21
22
17
2
23
14
5
6
36
32
8
13
32
3
23
14
9
27
22
29
36
12
24
19
6
15
29
33
16
32
1
22
12
26
