26
17
21
22
25
14
18
8
29
31
31
18
35
19
11
35
19
19
36
10
26
26
1
8
33
30
20
36
12
25
13
23
13
19
29
2
18
18
18
6
12
12
34
17
27
9
15
0
13
13
4
9
20
17
2
19
12
13
33
27
10
24
21
36
1
8
32
18
31
2
15
21
0
5
15
10
18
10
4
30
9
25
5
6
22
28
21
7
0
23
6
34
21
29
27
36
34
6
13
28
2
10
35
19
10
16
34
27
26
10
27
20
15
4
10
32
2
36
23
1
3
11
8
30
33
15
10
16
4
3
1
4
18
10
12
3
12
13
23
2
6
25
5
28
22
11
1
29
12
12
11
15
31
24
28
4
27
17
3
23
33
18
3
17
13
33
11
11
22
3
12
34
7
26
20
8
18
25
24
5
1
27
35
34
34
28
24
25
11
5
15
32
6
7
23
4
