30
26
10
6
25
33
10
2
18
36
14
23
29
20
28
12
30
0
14
33
1
26
12
1
8
15
34
19
21
3
5
17
27
1
19
34
26
6
11
16
7
12
19
6
32
14
25
0
11
6
32
30
17
36
11
2
27
28
19
28
31
22
31
0
21
9
18
1
10
16
29
6
17
35
36
34
2
17
32
1
22
34
32
26
22
5
11
10
35
13
15
26
21
29
29
13
8
4
18
34
16
22
3
35
32
3
34
33
18
17
21
21
2
10
25
35
0
10
14
34
25
34
21
6
34
26
34
2
7
16
24
34
3
18
4
30
22
26
25
6
36
13
3
20
3
0
29
20
20
31
5
3
29
6
30
22
16
18
31
33
18
4
34
22
15
22
6
11
33
13
26
28
31
14
30
25
26
15
1
2
4
5
21
25
27
33
34
32
12
22
17
21
19
8
19
23
