2
16
13
13
29
17
29
30
10
6
32
28
12
1
34
9
36
35
3
27
25
36
21
26
6
36
34
18
12
32
13
4
35
13
27
13
18
22
34
25
3
25
21
28
32
30
7
34
20
20
26
21
35
26
4
26
19
23
33
12
33
18
5
17
23
30
29
20
22
25
11
8
3
19
24
13
22
0
7
3
21
26
5
3
5
17
23
28
32
34
20
7
17
26
5
20
30
8
2
17
12
21
18
24
21
31
31
2
4
7
22
15
10
19
11
9
19
22
10
36
31
21
25
10
33
2
36
12
16
18
35
11
32
2
9
12
14
0
33
14
0
14
29
29
35
11
27
34
27
19
21
9
29
27
33
31
27
3
13
3
26
13
9
9
32
24
4
9
20
35
35
16
0
31
27
0
0
18
12
22
15
30
1
9
16
0
24
9
5
18
19
34
28
29
29
26
0
20
