1
17
19
7
20
17
27
21
7
12
8
24
4
29
19
10
15
8
6
28
13
15
0
28
2
12
22
35
6
30
25
6
36
22
32
33
3
22
35
9
26
26
1
35
22
32
9
10
22
36
18
3
18
13
5
11
19
18
14
2
14
32
13
0
25
2
20
22
8
2
25
19
16
29
34
10
28
18
23
10
6
11
18
19
8
35
15
1
36
20
8
30
3
3
31
13
17
16
20
32
15
17
23
34
5
29
8
7
12
11
9
35
10
34
23
11
14
7
17
24
6
27
27
27
4
15
16
13
26
17
36
5
1
20
36
31
18
8
6
9
32
13
34
13
2
34
15
34
8
5
36
31
1
14
33
2
30
22
8
26
9
12
4
11
34
16
30
31
9
6
3
26
3
21
1
22
11
7
18
28
6
26
35
7
36
30
18
17
5
27
18
30
15
26
30
23
11
28
