26
4
33
27
12
29
25
22
34
9
30
14
10
28
32
32
11
26
19
2
7
13
17
6
4
15
33
9
11
7
9
23
0
18
34
21
33
14
17
32
11
27
32
28
1
25
5
0
24
21
19
36
18
35
5
2
18
16
35
28
19
4
18
27
5
5
20
29
0
19
25
6
10
17
28
29
33
35
15
4
25
15
3
0
6
19
33
19
10
34
20
2
6
4
20
12
2
20
15
33
13
34
28
36
4
28
26
20
3
27
36
24
21
6
36
3
12
26
13
5
21
23
2
17
10
22
34
28
9
12
31
3
14
6
13
4
28
27
4
5
5
9
31
28
13
1
9
25
15
7
5
22
11
24
16
27
31
19
25
26
18
29
28
32
24
27
31
31
11
21
36
9
6
16
9
33
17
9
16
2
21
26
33
30
27
15
32
23
34
16
36
4
4
1
23
28
30
36
27
15
7
32
