17
11
9
19
34
6
0
5
34
2
33
14
31
22
0
35
12
26
20
33
35
33
28
17
19
25
16
10
29
16
13
29
16
4
15
36
12
3
19
31
31
13
23
31
12
25
12
3
26
0
11
13
10
8
30
22
18
23
36
6
15
36
20
25
27
14
21
25
8
16
6
26
11
28
7
19
13
0
11
10
4
27
25
25
32
6
21
25
5
0
4
26
20
12
4
13
3
20
5
26
31
5
17
30
7
17
27
7
32
12
22
34
20
30
0
18
16
3
4
12
7
8
11
2
12
29
32
18
19
13
17
30
9
36
26
5
27
7
36
24
25
0
21
1
29
18
16
6
7
29
33
26
30
27
7
7
0
31
12
16
11
35
18
33
36
6
2
20
25
26
24
35
13
27
8
22
29
28
2
14
30
14
34
11
4
19
14
1
31
1
27
34
26
6
19
22
24
22
