7
16
23
11
22
13
28
3
26
8
16
24
5
22
1
15
35
17
25
29
20
14
11
17
24
6
0
0
29
11
19
32
32
34
12
14
18
29
2
5
18
24
0
22
25
19
23
28
29
28
5
14
5
12
9
31
25
26
15
26
27
34
0
0
5
36
36
8
15
10
14
17
15
8
22
28
32
30
18
27
4
24
34
24
16
13
11
3
36
21
26
5
36
15
29
9
31
17
5
11
28
9
12
25
23
16
13
18
30
16
1
36
29
20
23
20
10
20
3
27
34
32
10
25
35
20
34
28
16
27
8
9
35
10
27
20
31
10
2
20
12
16
7
23
28
4
31
36
20
11
25
1
10
4
16
25
26
15
28
16
6
35
29
34
14
21
32
18
35
12
11
25
9
36
8
13
22
19
36
1
17
31
28
1
9
17
11
19
8
29
7
9
26
19
14
24
5
8
36
