30
25
6
15
12
25
33
25
10
1
22
2
1
32
20
4
12
33
5
10
21
13
13
3
2
26
27
22
17
30
5
7
3
16
12
25
12
15
9
0
28
17
10
27
24
10
16
3
24
9
16
10
34
7
23
20
26
9
2
5
0
27
24
11
5
8
24
24
25
4
4
34
28
11
5
7
4
0
16
3
17
22
0
36
20
33
5
28
30
13
4
0
14
36
6
14
1
29
34
16
2
36
11
23
15
30
20
35
29
6
25
24
29
35
26
22
25
28
0
1
6
4
31
1
19
22
16
14
25
0
20
17
36
12
23
26
18
20
10
19
11
7
1
1
15
35
22
29
23
0
9
18
35
28
23
24
36
33
2
33
9
8
6
7
29
23
22
13
24
26
11
11
10
7
27
35
12
18
5
14
23
3
28
22
6
27
32
33
21
14
33
30
30
16
27
33
23
