33
24
22
9
30
24
25
8
33
2
8
3
8
21
8
32
21
27
18
18
31
3
35
10
30
11
2
35
31
31
31
20
9
14
4
14
14
30
20
10
23
25
29
20
10
7
16
9
36
22
6
28
22
9
26
8
35
28
36
24
9
17
10
36
19
29
20
12
33
34
20
5
24
33
10
11
7
13
14
7
35
24
13
33
8
2
14
9
9
32
3
33
28
23
22
29
34
22
1
31
35
36
34
7
25
4
19
8
7
15
25
0
11
2
3
35
20
4
5
14
20
34
18
17
23
25
2
8
23
32
32
10
30
1
35
22
19
3
33
13
35
17
30
4
17
17
27
29
15
9
35
31
12
27
11
15
36
0
36
32
26
32
4
35
34
31
4
4
2
5
8
23
5
32
0
34
3
34
28
8
30
5
2
28
16
30
31
27
8
24
25
2
9
21
28
5
8
8
26
10
9
