20
7
21
36
12
18
4
10
5
13
1
33
28
1
33
23
6
0
32
31
0
34
4
4
12
6
35
4
32
33
21
24
31
17
1
22
9
20
6
33
34
34
12
0
10
36
8
2
16
13
13
21
28
10
24
31
10
15
30
33
14
22
3
1
21
18
10
4
22
21
27
9
3
5
21
21
27
3
23
18
18
26
23
0
25
20
9
19
11
11
11
19
1
20
15
29
15
4
27
12
29
31
1
2
29
23
14
4
20
28
28
10
27
27
20
11
7
16
4
16
2
35
27
23
33
22
17
6
32
16
2
34
16
2
4
32
17
8
15
33
24
22
1
18
24
36
20
2
2
2
14
29
4
1
34
2
6
4
16
21
33
25
14
34
13
31
16
19
26
2
22
32
3
9
13
30
27
20
29
1
7
8
24
27
15
24
4
14
10
24
25
17
12
13
10
12
16
6
3
22
