17
27
27
11
9
25
8
9
24
32
22
24
25
24
2
4
9
15
17
30
6
2
22
30
2
15
5
0
10
6
25
10
6
18
24
34
33
36
34
3
14
7
32
9
19
20
3
34
18
30
8
24
25
5
1
24
7
20
12
19
16
25
2
4
29
0
11
4
15
5
29
2
24
0
2
10
25
10
35
30
27
20
34
23
35
32
5
23
9
0
13
11
6
29
3
4
36
5
2
7
3
32
21
9
3
9
19
4
3
34
4
0
26
0
30
25
16
28
25
3
17
21
14
7
30
12
5
33
25
2
5
27
17
31
6
3
7
8
10
15
26
22
28
33
5
19
32
16
4
14
1
33
7
22
14
21
12
35
24
22
34
34
24
7
12
25
31
26
17
30
35
23
12
27
13
2
34
32
10
14
9
9
33
2
24
17
15
26
11
1
14
3
25
36
33
4
20
