9
0
20
15
14
12
17
28
20
5
10
1
17
30
26
35
29
35
21
19
7
12
24
15
26
32
7
13
10
0
21
11
5
3
27
10
22
12
18
33
12
18
7
8
18
21
10
17
24
0
34
2
36
29
10
9
9
36
22
23
33
25
6
14
10
11
8
34
16
4
8
32
25
22
22
23
3
21
6
15
12
35
16
30
18
17
12
3
8
34
24
32
27
5
3
24
35
29
27
1
35
33
12
1
21
28
19
16
1
24
6
29
28
33
28
18
17
6
11
4
20
36
31
26
10
36
22
21
11
33
7
16
33
14
10
25
34
23
17
15
11
15
4
5
25
30
26
23
5
28
23
2
8
5
20
27
17
23
19
10
28
26
29
4
9
20
22
33
17
13
11
16
23
21
20
3
15
34
31
33
29
36
17
9
13
1
10
28
25
13
0
30
16
5
32
6
3
8
13
16
