17
26
30
34
2
31
20
25
28
11
3
21
3
34
28
28
3
27
29
9
18
24
4
11
28
36
21
25
36
19
23
25
31
24
7
0
18
13
30
5
33
23
15
11
27
0
0
8
17
0
12
16
7
28
11
21
5
21
20
18
28
36
17
2
17
32
30
27
20
6
10
34
20
9
34
4
24
8
2
31
4
29
30
17
33
19
33
8
18
36
6
2
22
0
30
16
8
16
1
10
6
24
30
23
7
7
33
3
26
20
30
23
15
14
22
7
34
21
34
19
2
8
8
24
9
30
35
8
8
10
26
13
31
24
33
4
1
5
9
29
25
12
1
26
36
0
29
12
3
21
21
7
11
4
25
26
18
33
12
8
26
36
1
29
30
34
31
15
18
29
0
17
33
19
13
33
10
19
28
33
1
15
18
35
15
8
4
29
11
17
19
5
16
23
21
0
19
5
24
