33
6
6
15
16
12
1
5
11
18
17
21
26
30
4
19
29
9
19
2
22
17
20
28
9
25
18
20
0
7
13
31
22
3
17
16
13
11
12
8
32
28
19
16
23
22
31
14
26
18
0
5
13
33
36
27
20
6
27
6
20
18
35
25
20
8
4
5
28
9
11
30
16
1
1
32
19
20
36
23
1
14
36
14
7
36
17
31
29
7
29
21
18
15
32
31
0
21
1
20
23
19
14
27
14
28
23
18
21
30
34
30
17
23
18
26
7
23
7
1
15
27
19
34
3
35
6
15
22
28
13
20
9
17
9
32
20
1
30
7
31
9
31
3
7
36
1
23
7
31
13
28
17
12
5
26
13
25
21
1
3
10
27
2
25
9
3
35
10
13
27
32
28
33
18
33
19
22
3
35
16
12
6
36
0
26
9
29
5
32
18
24
29
29
29
22
23
2
