0
16
22
8
7
11
22
36
1
32
1
12
10
26
16
4
29
27
7
8
10
1
17
14
10
33
33
10
26
32
19
24
31
9
14
4
3
14
28
3
24
34
17
3
19
17
26
3
30
36
35
32
4
22
6
13
26
35
26
10
36
31
0
16
22
32
30
0
34
26
10
6
19
30
32
3
10
15
16
23
34
28
8
4
30
23
5
23
19
21
21
32
15
10
30
24
1
8
30
3
33
30
36
2
4
8
15
24
31
32
18
36
2
31
11
33
11
11
5
32
9
15
33
12
15
25
18
29
16
17
33
19
10
30
28
30
22
10
6
13
15
29
33
29
4
14
8
3
7
8
18
20
28
3
25
11
2
19
35
19
8
23
4
23
1
35
32
34
34
32
35
36
14
35
32
11
14
19
17
9
34
6
21
16
31
29
35
12
15
11
9
13
15
15
10
18
20
2
24
