13
16
4
16
4
11
12
33
22
11
30
19
15
17
11
25
31
6
15
23
35
12
9
26
6
30
18
13
17
26
18
36
36
20
8
28
35
0
3
15
35
21
11
25
28
19
14
3
23
7
28
3
33
25
23
23
33
4
8
6
0
20
7
29
17
3
34
22
18
8
8
11
0
35
4
7
13
32
12
12
29
20
8
12
16
0
7
12
27
2
4
9
16
16
27
11
18
13
32
0
22
9
2
27
4
8
5
13
19
14
4
29
17
14
14
8
33
0
17
3
16
3
13
10
33
35
11
31
19
28
18
1
27
0
32
31
13
30
9
0
4
2
12
32
30
29
29
26
31
13
17
14
8
29
14
8
1
6
30
18
10
0
13
1
34
22
22
32
24
27
16
24
15
28
16
21
4
26
7
11
1
24
20
29
32
17
16
16
3
25
20
31
28
13
20
34
33
