22
32
1
2
36
1
21
0
14
3
33
0
12
20
13
20
34
15
4
10
6
22
32
14
29
32
12
35
4
6
4
13
20
27
2
34
8
21
13
0
36
12
11
35
23
22
0
36
24
32
18
1
11
18
36
12
10
35
8
1
30
26
9
1
16
18
16
8
8
9
1
2
14
33
14
20
29
31
9
30
0
26
33
14
25
28
1
35
1
6
4
31
10
20
2
16
17
21
32
3
32
23
1
9
24
18
6
32
4
17
9
19
34
27
11
5
23
2
30
26
22
4
27
32
32
24
33
21
35
19
26
36
1
10
26
5
9
20
28
0
32
32
27
27
16
15
20
35
10
9
33
2
9
22
0
11
18
24
25
13
13
8
36
15
4
30
32
13
32
14
15
34
10
7
9
5
3
26
6
35
23
19
35
23
29
8
6
27
7
9
9
7
22
5
12
28
9
19
