27
6
12
35
11
34
19
12
7
18
33
27
12
29
29
21
25
12
13
36
29
19
15
21
4
33
33
19
15
22
3
11
26
29
18
8
23
33
2
28
25
7
25
23
19
11
12
12
3
19
18
14
35
36
31
7
12
8
26
11
32
21
35
29
15
28
27
7
11
25
18
12
4
7
20
33
23
6
17
24
34
5
20
28
20
13
27
3
24
28
10
35
26
7
14
4
8
8
34
17
27
6
2
16
13
16
17
5
28
5
12
34
28
29
20
6
15
6
10
14
6
5
15
24
34
20
4
1
26
3
31
23
26
23
19
33
6
21
17
25
26
33
16
23
7
10
24
18
18
2
26
28
27
2
1
2
3
5
11
2
3
36
34
8
23
20
14
30
32
8
36
17
31
5
30
17
16
26
21
21
21
33
32
13
31
26
28
8
2
33
12
23
5
14
20
20
8
