6
9
9
17
7
21
5
36
1
19
12
16
6
27
5
18
34
5
16
34
14
13
35
16
27
10
0
8
23
28
11
30
21
12
15
6
20
5
27
34
17
28
36
23
3
33
30
6
23
23
6
5
10
33
24
13
15
5
27
7
34
19
24
29
32
32
10
34
33
24
6
12
14
25
36
14
24
14
35
2
30
9
23
2
30
14
20
36
2
28
6
34
7
6
26
21
13
17
22
33
4
34
2
23
8
0
29
16
19
4
22
27
5
6
14
2
18
1
33
33
15
16
31
17
19
34
7
17
34
25
21
11
2
24
25
22
7
23
17
2
16
0
25
11
10
17
32
22
10
35
0
32
14
35
24
0
6
27
21
14
25
23
24
33
25
0
1
18
10
35
30
22
7
15
22
27
33
11
30
18
13
15
2
35
13
22
33
14
29
4
18
4
33
28
2
1
3
34
