19
21
26
8
8
9
13
32
15
33
21
16
15
23
17
10
5
9
12
16
7
15
17
5
2
18
3
15
25
16
1
27
25
31
14
21
31
12
21
36
12
17
1
1
9
7
33
1
2
31
25
22
30
26
19
15
4
20
29
32
3
3
27
0
16
23
35
20
33
16
36
36
8
18
6
13
31
11
31
9
34
17
19
19
9
36
12
16
25
35
19
12
22
17
0
30
32
25
27
1
34
8
20
19
32
23
19
8
23
31
25
14
10
36
16
5
36
26
28
33
13
23
17
23
29
24
15
18
24
26
21
29
17
28
17
8
27
16
14
23
20
24
19
6
11
29
29
28
27
22
36
2
23
2
22
28
34
29
34
28
36
8
12
29
7
8
1
3
7
18
7
4
34
18
11
17
6
12
30
13
14
3
16
27
24
33
17
35
24
0
35
26
13
10
21
1
26
7
11
33
