17
1
31
2
6
23
17
13
30
34
34
2
11
12
24
6
22
14
23
14
32
34
21
7
16
9
23
17
3
13
36
13
15
23
1
9
1
11
19
7
9
27
26
11
15
4
9
33
9
3
24
36
26
16
16
4
22
5
0
29
32
31
30
16
23
19
36
25
13
7
27
30
27
5
36
25
35
1
22
4
32
5
30
26
14
9
20
10
19
29
24
4
21
31
16
14
32
32
32
7
4
3
33
22
25
20
22
27
0
16
8
29
14
36
7
32
20
10
16
34
8
25
22
0
26
16
4
19
36
0
3
27
0
3
26
11
17
8
34
12
23
21
11
1
4
11
7
3
26
21
12
22
16
26
15
6
34
3
24
27
20
0
16
27
24
7
12
20
16
12
21
3
8
34
27
8
29
1
4
22
13
1
7
12
8
6
13
2
32
20
35
0
1
32
27
19
11
19
18
35
