20
12
32
31
36
30
16
20
34
19
5
5
23
26
29
12
8
24
20
16
7
34
22
16
0
31
12
4
28
22
33
17
18
24
10
11
28
27
4
35
9
30
29
0
9
10
2
36
13
25
4
28
31
15
19
36
23
20
35
20
30
7
20
6
11
7
2
18
30
31
26
1
23
32
3
14
30
11
12
11
20
36
8
33
29
4
7
25
36
17
29
11
35
22
6
23
8
15
20
14
26
5
22
18
24
1
27
34
19
2
19
25
17
21
6
31
9
20
1
0
10
24
28
26
34
6
13
14
10
35
4
8
6
35
29
17
17
29
7
25
18
34
36
31
18
35
19
8
33
8
14
30
31
23
35
31
25
26
2
33
27
5
30
28
33
23
12
12
36
15
33
15
13
20
29
31
35
16
4
0
8
29
9
26
35
29
8
2
25
23
17
5
14
20
30
18
29
17
29
