6
16
34
36
12
15
24
19
0
0
8
28
7
8
3
31
14
20
19
9
24
2
5
26
36
7
31
10
28
24
23
31
20
14
28
10
10
31
33
16
13
33
30
36
19
15
15
6
26
34
18
16
24
17
7
35
29
1
6
30
11
13
24
13
14
21
0
15
31
12
9
35
36
21
15
4
9
21
14
35
1
27
15
8
33
30
3
25
0
25
19
35
20
29
24
23
19
15
33
21
18
28
29
22
0
29
23
2
36
7
31
17
19
13
5
23
20
12
10
24
34
35
2
19
1
18
4
6
9
4
27
4
8
11
13
18
28
6
25
30
9
7
1
7
28
17
16
4
11
15
33
1
23
21
2
32
23
16
17
30
27
11
28
24
31
32
30
18
14
17
22
28
23
14
15
35
25
12
36
12
11
18
23
2
12
7
9
9
20
35
9
17
13
29
16
27
32
16
35
31
17
