33
33
2
23
21
4
27
5
2
5
5
22
9
29
20
5
18
32
16
3
20
14
11
32
31
20
27
28
20
36
27
0
17
21
32
27
24
8
36
27
6
1
14
18
21
4
22
13
16
18
24
35
1
0
14
24
7
31
4
16
26
25
1
21
8
12
34
4
12
14
35
4
16
19
35
24
12
24
10
5
0
15
33
15
4
35
0
26
27
36
8
2
30
7
12
6
22
22
10
32
16
18
1
0
34
17
31
12
33
28
21
34
16
16
23
9
28
2
9
27
2
25
22
28
29
29
36
17
25
27
27
2
27
36
11
5
4
6
36
0
36
27
30
6
1
23
1
16
2
28
34
36
13
9
15
32
1
11
5
4
23
10
27
30
15
34
35
17
2
4
26
23
30
22
8
26
22
19
3
9
21
29
33
34
0
35
13
21
19
4
2
22
17
31
16
29
15
