18
20
21
6
2
10
30
12
11
8
20
15
1
7
0
8
1
26
20
4
29
0
10
25
20
33
15
25
11
16
10
13
0
5
14
18
0
6
33
1
6
19
21
23
15
5
20
13
36
4
9
20
30
6
2
6
16
12
18
11
31
20
15
36
7
26
28
4
26
17
26
16
31
9
33
4
15
18
27
9
12
33
18
19
33
21
5
28
32
8
15
34
10
22
4
16
11
30
33
33
11
30
27
26
29
14
24
36
23
26
3
23
32
26
19
5
35
31
2
20
35
27
19
25
33
26
17
0
34
23
33
29
16
7
2
17
7
21
3
0
34
18
0
6
24
33
27
13
22
19
10
27
16
7
34
23
15
3
6
36
5
7
25
5
18
30
23
18
32
35
10
25
21
12
10
18
12
23
11
32
17
17
35
16
35
13
11
36
22
22
29
23
26
7
35
30
30
23
