26
12
3
7
27
1
36
13
34
5
12
8
0
2
26
8
21
23
21
5
3
17
22
17
24
12
11
7
3
34
32
14
7
6
35
31
8
19
13
4
10
0
13
19
11
7
31
29
0
7
27
33
16
31
25
6
30
15
18
23
17
17
18
34
31
12
32
13
27
17
14
6
25
20
36
20
15
4
2
10
36
14
30
11
25
1
19
6
5
29
16
22
2
18
23
3
3
23
2
11
13
18
27
17
21
6
34
6
10
2
20
36
31
1
30
4
25
24
3
35
32
17
9
17
30
30
36
27
19
7
28
3
17
10
32
29
32
5
28
10
13
25
25
17
4
12
5
5
12
6
29
22
11
20
20
33
28
25
16
3
32
25
36
5
12
25
36
25
34
7
6
14
10
15
11
15
28
29
6
24
16
3
0
3
6
10
25
28
27
9
33
0
20
3
31
4
25
21
34
