17
24
28
0
19
34
6
30
16
0
16
5
26
34
32
7
24
26
26
30
23
32
18
8
25
18
26
16
1
12
32
23
3
25
20
36
16
22
12
5
36
30
7
36
22
27
25
28
22
18
30
24
21
25
18
11
32
7
6
19
35
12
8
23
29
3
24
9
23
4
14
3
32
16
29
17
33
7
23
22
3
26
10
6
28
25
24
21
31
22
3
4
20
2
26
18
29
0
2
27
2
19
13
9
28
20
35
25
5
27
10
2
8
32
35
11
8
35
12
27
19
32
29
6
6
14
6
14
13
18
4
6
14
0
1
6
12
29
9
17
23
24
28
3
36
35
8
6
30
35
11
3
28
24
16
0
2
14
16
34
20
14
29
12
8
35
25
27
27
10
11
35
9
9
19
15
19
9
11
14
14
6
10
12
31
22
3
28
33
11
23
22
36
1
31
11
32
23
