35
5
6
31
36
31
11
4
7
32
33
21
28
1
33
6
18
0
3
24
15
0
29
21
1
8
17
33
8
2
21
23
5
27
17
8
16
4
13
4
25
4
0
33
5
16
27
26
12
27
9
29
4
5
5
10
20
13
7
11
2
26
19
15
11
10
19
21
9
25
24
22
28
20
3
18
34
28
27
8
13
24
27
4
0
0
0
1
29
27
26
16
27
6
35
26
0
18
12
22
7
25
6
10
23
11
4
34
36
27
27
30
4
2
26
33
8
0
21
0
7
35
16
21
33
31
22
0
30
15
32
6
6
26
27
19
0
18
25
30
15
31
0
22
0
14
12
25
21
33
23
5
12
15
15
16
10
7
14
2
1
6
8
12
20
26
6
10
4
22
5
12
17
1
17
15
1
31
32
20
34
2
15
20
3
30
29
4
33
17
16
0
5
0
14
26
9
24
7
23
0
7
4
