9
23
27
15
9
32
21
35
1
14
35
23
4
35
13
14
27
34
32
16
32
26
2
4
9
36
16
4
23
18
9
29
8
11
10
10
15
16
30
4
7
30
24
12
11
20
1
16
33
14
14
35
6
0
22
28
16
18
27
6
13
21
15
5
25
3
18
6
25
25
36
17
23
15
0
34
1
35
15
26
23
19
9
22
3
9
0
11
3
29
25
2
6
30
5
32
14
22
31
26
1
28
32
6
30
7
19
26
25
27
28
16
18
16
29
9
32
23
20
28
35
36
19
20
24
17
2
15
9
15
13
35
5
4
20
7
28
7
19
14
28
1
11
4
36
15
25
25
28
25
28
35
27
34
29
20
23
18
11
36
15
13
2
1
2
20
31
33
15
24
4
9
13
7
7
6
33
21
31
32
22
16
21
28
18
16
13
36
3
1
3
34
14
9
34
1
