12
8
7
35
10
33
31
27
12
6
9
13
22
18
28
30
9
10
16
32
36
28
27
21
28
28
0
24
14
32
31
20
32
3
8
29
6
33
30
7
7
32
3
36
15
29
12
30
20
21
34
8
18
18
12
21
1
28
20
35
29
28
9
5
17
19
33
3
20
4
34
27
1
15
22
4
33
5
29
23
20
8
33
20
3
14
12
22
15
16
13
8
16
12
29
15
23
13
3
11
25
10
25
33
11
3
32
15
2
16
25
5
21
31
10
32
21
30
31
30
6
24
5
13
16
4
36
7
36
2
23
30
33
22
6
8
5
31
31
11
29
19
22
18
35
31
16
13
29
22
7
23
28
5
23
4
9
8
14
19
11
35
8
13
30
21
16
17
33
20
2
21
0
9
5
6
24
20
29
30
21
3
15
0
20
2
24
17
7
23
9
0
13
27
7
3
