0
21
6
22
27
25
12
35
23
0
33
17
9
26
3
25
32
6
34
34
1
0
10
9
14
8
15
27
5
16
29
16
6
33
29
19
16
34
10
18
34
26
28
27
24
31
25
12
14
25
10
6
15
1
26
36
3
35
11
33
7
26
32
34
9
21
36
12
17
27
1
11
0
30
1
19
30
34
27
14
7
32
4
29
14
4
27
6
4
10
25
30
17
16
11
30
25
8
18
29
22
18
28
4
10
0
13
3
9
29
13
16
26
30
35
29
25
26
20
12
23
14
29
5
33
30
5
20
29
29
34
30
0
10
4
30
8
24
31
18
25
2
20
15
36
36
4
34
19
16
18
20
14
6
32
29
31
16
36
26
4
11
33
8
27
32
2
28
1
3
9
27
36
33
14
16
17
27
21
3
29
30
24
21
27
28
6
17
33
29
10
14
14
29
16
33
10
19
13
