8
17
32
13
18
0
21
11
18
23
35
36
25
24
3
18
21
11
2
0
33
22
28
8
26
16
27
26
6
14
16
10
11
6
8
6
29
19
0
25
25
32
23
8
23
20
25
31
5
28
3
32
36
29
25
32
3
16
28
32
9
6
3
21
4
17
6
34
21
5
11
18
13
2
33
24
34
6
3
33
35
34
14
34
33
31
26
18
7
16
1
17
18
33
14
17
29
33
5
34
5
35
15
4
24
4
29
8
11
19
16
10
23
21
8
31
0
1
32
32
17
3
18
11
16
32
10
11
3
34
25
18
4
35
14
9
2
36
8
13
9
24
33
17
9
7
36
26
1
26
15
35
32
29
35
12
17
19
30
22
23
23
17
0
28
33
7
20
14
20
34
9
0
35
6
25
25
21
20
27
36
5
22
34
22
24
3
8
8
7
7
12
30
36
33
7
22
32
