25
7
18
31
30
12
18
19
8
14
14
8
0
16
8
27
28
10
28
18
16
20
3
4
11
0
3
22
26
7
34
36
29
3
27
25
16
19
6
34
9
3
22
2
18
15
5
4
21
27
15
28
34
31
35
27
8
16
20
18
11
16
14
6
35
26
24
17
13
5
17
5
20
28
25
29
10
3
6
17
28
9
1
35
5
32
5
7
15
7
9
11
12
24
5
1
33
29
1
19
17
3
36
14
21
2
4
5
6
19
1
33
32
32
1
26
22
10
6
5
28
7
29
29
11
33
30
19
9
5
28
13
22
32
14
25
0
4
25
17
22
16
34
4
26
10
29
8
14
23
17
31
11
10
34
3
19
24
24
34
22
25
5
16
11
16
7
30
36
19
25
30
35
10
20
12
32
19
34
9
7
17
22
11
0
35
10
33
14
28
7
16
22
26
36
29
19
0
1
0
6
33
26
