5
5
22
9
23
34
11
20
13
11
5
32
5
11
0
3
14
25
35
21
10
34
3
4
19
10
10
10
11
9
2
35
24
36
22
35
23
34
16
32
7
11
24
2
17
5
15
35
36
21
7
30
2
13
13
2
18
15
35
32
29
3
7
29
22
16
5
7
14
36
13
11
17
29
33
28
17
6
19
12
4
29
9
13
29
23
10
32
33
35
31
1
0
26
23
32
9
25
10
24
17
11
31
20
12
22
24
24
17
6
8
4
17
27
16
10
8
3
11
8
35
22
34
35
34
16
2
3
26
13
35
11
3
18
32
36
20
35
30
36
18
30
34
25
20
6
13
14
4
34
3
18
33
12
2
2
5
25
7
14
26
12
21
31
28
0
0
5
13
4
20
14
22
30
10
6
29
14
30
4
31
7
23
16
1
8
34
22
25
22
5
14
10
30
10
9
10
6
