7
28
17
15
22
34
10
23
15
1
32
31
20
28
31
1
23
29
33
0
27
35
34
11
7
36
20
5
25
34
23
7
6
12
12
0
19
27
4
13
30
10
10
26
0
19
23
36
29
16
35
10
18
21
27
14
8
2
31
28
24
13
29
9
30
20
8
34
27
4
30
34
2
16
7
20
31
29
25
35
16
5
31
2
18
36
27
34
22
26
4
22
0
21
35
12
29
22
10
12
0
5
16
2
8
22
29
10
27
12
36
6
0
17
1
18
29
5
7
32
0
35
8
25
34
26
12
34
29
14
8
7
21
28
31
17
8
23
18
36
27
18
4
29
11
33
28
20
23
11
9
14
2
12
5
8
23
11
32
0
13
5
16
26
17
34
13
4
4
31
4
25
2
11
28
17
32
33
6
1
30
12
33
20
19
4
33
22
19
3
12
22
18
21
16
11
21
