36
22
36
5
34
19
15
12
20
26
18
4
1
13
24
21
14
13
33
2
20
4
15
13
24
15
24
32
5
23
26
26
12
28
23
9
19
29
14
19
11
26
3
20
11
27
10
25
26
17
13
18
3
9
25
14
36
0
22
29
25
22
0
12
27
3
25
17
6
25
18
31
13
5
30
36
7
5
3
4
18
4
6
22
15
5
20
30
29
6
29
11
31
32
23
3
23
25
14
3
32
9
29
21
36
14
26
21
3
7
26
1
1
22
31
5
11
12
14
1
18
8
30
29
27
6
15
30
24
23
34
35
11
22
23
12
21
8
36
17
12
19
10
6
34
21
32
13
12
12
12
26
21
25
29
30
36
2
30
20
2
28
23
23
11
26
24
19
25
0
34
19
31
25
31
18
7
16
32
30
0
33
22
5
9
20
15
0
28
30
36
14
12
24
16
6
2
31
