37
32
24
2
30
19
3
1
6
33
5
13
18
15
35
20
31
4
30
10
26
35
14
35
1
14
32
24
4
11
1
29
19
15
9
2
32
32
4
0
31
12
24
17
0
20
12
5
32
19
33
13
5
23
23
8
10
16
34
24
16
27
25
30
32
0
7
2
11
5
4
1
8
31
16
17
30
4
9
25
20
30
26
36
26
34
28
17
27
5
29
29
32
6
7
27
31
12
5
13
13
11
6
0
28
4
10
12
18
5
8
9
33
12
5
28
22
28
10
35
8
31
12
12
21
15
1
11
3
32
13
34
14
1
0
26
19
12
3
3
10
7
35
16
35
18
35
5
8
10
3
27
3
3
5
27
25
30
20
22
25
15
6
35
30
16
23
26
0
17
10
33
30
30
25
27
25
35
17
27
22
11
26
25
22
28
31
29
16
20
1
28
27
31
15
14
8
22
