4
32
26
11
23
35
15
24
19
32
36
31
26
33
11
6
26
6
8
5
25
11
30
7
6
28
10
13
26
10
23
23
33
2
32
8
22
0
24
0
14
34
36
3
15
20
2
0
26
1
6
11
5
24
6
35
3
35
25
9
17
8
32
23
1
6
34
34
22
26
26
29
27
31
2
11
10
30
22
1
35
9
2
1
0
31
33
21
35
4
0
16
26
3
17
18
33
7
25
15
22
12
24
32
15
34
18
21
23
28
2
28
28
2
22
1
7
13
17
35
11
35
30
23
5
13
9
0
0
3
16
12
23
26
26
23
27
9
35
7
4
22
27
29
29
29
0
34
22
10
36
36
29
9
7
6
32
7
36
34
13
5
17
23
31
32
25
9
6
21
10
24
20
21
18
9
3
14
31
13
7
8
25
17
10
18
11
33
36
23
11
11
15
28
20
15
27
7
14
