28
23
2
3
26
24
18
18
4
4
28
35
0
26
20
4
23
32
33
28
1
9
23
11
20
0
20
18
25
27
34
23
17
24
31
36
14
7
14
7
28
0
34
36
36
12
15
36
34
2
26
34
10
4
5
27
18
12
14
23
19
18
28
33
3
13
10
35
24
26
16
28
0
13
5
11
11
11
16
2
32
24
8
23
32
2
34
11
15
18
33
12
28
22
0
24
25
6
4
6
35
16
9
13
5
15
3
16
18
29
30
24
20
14
17
8
3
2
3
16
30
10
36
19
10
21
5
29
12
35
11
5
36
2
31
36
35
11
37
11
7
33
30
19
34
15
31
27
14
3
21
12
11
1
11
7
7
12
14
13
34
6
9
5
8
35
22
1
27
28
7
12
33
25
20
24
5
3
15
20
25
30
28
18
5
0
32
31
28
0
10
7
0
4
5
22
3
1
