19
27
29
8
22
12
18
30
9
23
12
16
10
23
25
23
4
36
26
32
15
31
33
4
35
8
21
20
20
20
4
29
0
35
26
9
33
29
4
28
11
29
30
6
33
24
17
36
33
34
15
5
4
27
28
25
31
27
34
30
6
33
27
28
15
30
3
12
21
21
16
15
31
24
32
11
27
29
24
6
3
12
27
11
25
16
33
28
6
24
28
29
10
17
1
10
27
32
29
33
22
27
20
34
21
13
12
7
33
19
14
9
31
12
19
24
18
7
22
19
35
4
16
8
31
13
23
36
12
5
5
8
4
17
26
30
8
7
16
34
15
32
17
20
24
35
34
32
33
28
13
6
33
36
32
27
20
9
9
8
17
32
15
31
36
15
25
4
14
20
16
23
9
15
18
35
14
36
18
18
4
9
36
5
31
16
10
4
14
0
25
33
24
5
32
10
29
19
