25
17
10
35
6
16
35
12
24
14
34
12
13
23
8
36
0
13
6
24
5
4
34
24
30
35
18
25
31
6
18
13
3
5
7
17
24
36
29
30
1
0
33
32
27
4
35
28
19
12
25
31
31
3
26
16
19
27
12
1
12
10
13
18
26
11
16
25
34
3
19
34
0
29
2
29
27
3
19
24
19
33
24
26
13
27
11
18
2
35
12
6
34
32
14
29
4
34
9
27
22
0
35
26
20
28
10
9
31
2
34
31
1
17
13
25
4
6
18
5
1
11
7
20
2
15
8
36
29
4
20
2
12
4
24
21
35
27
32
21
7
35
12
15
23
3
24
35
29
25
18
20
6
21
2
10
16
12
20
19
0
8
1
7
14
3
25
17
27
36
27
13
17
24
15
18
17
21
18
36
11
3
6
7
5
15
24
34
6
3
30
26
0
25
0
9
35
10
24
