3
31
26
36
28
33
16
35
4
20
9
23
8
36
30
10
7
34
35
35
8
8
12
9
13
11
16
31
33
6
15
4
15
0
36
34
0
6
6
5
12
32
5
24
35
3
26
1
2
2
19
9
20
4
23
15
4
19
6
7
35
22
2
12
19
15
25
14
25
20
19
31
11
5
12
27
18
23
14
36
2
32
34
33
22
25
35
31
34
32
8
0
7
33
34
1
15
30
14
34
2
29
36
1
15
1
26
7
8
10
21
34
36
8
36
13
6
32
21
5
13
5
16
28
19
33
10
31
12
27
25
31
22
29
23
22
28
1
26
20
18
5
25
22
12
23
10
23
19
8
31
3
1
27
2
10
17
29
8
11
21
31
19
29
8
9
13
32
14
27
4
26
4
6
21
14
15
33
27
34
30
16
15
3
1
18
6
22
0
30
3
1
11
17
16
28
26
11
1
16
