17
0
18
3
0
33
13
6
17
27
13
27
31
2
3
29
2
22
27
33
11
26
29
11
12
18
31
28
3
1
32
18
18
3
7
7
14
15
3
4
22
27
34
16
23
1
32
30
25
25
30
13
33
8
16
22
9
34
28
6
16
17
7
28
19
27
15
19
34
8
23
14
30
19
32
27
31
6
16
9
19
35
21
20
10
32
29
7
4
33
7
23
11
2
21
10
32
19
4
36
31
1
1
5
18
17
13
23
35
3
28
25
36
32
32
36
34
13
18
11
27
0
14
28
11
9
14
6
27
29
14
10
36
35
15
33
27
35
34
25
18
35
19
5
25
24
17
28
21
10
26
8
7
22
14
15
28
0
4
32
22
27
22
3
36
6
35
14
8
21
29
18
13
31
34
22
0
36
17
14
19
20
7
10
14
3
28
35
11
0
15
6
20
36
6
33
28
6
