20
10
20
14
3
6
11
9
2
22
7
8
34
12
15
17
14
9
24
25
25
7
18
33
31
11
36
12
4
10
0
35
24
28
6
4
3
23
14
33
11
32
25
0
34
25
30
33
20
27
29
35
16
25
34
23
2
13
10
5
0
0
20
28
10
12
33
2
15
2
22
4
0
3
30
35
8
2
8
7
31
3
25
12
23
32
23
14
16
18
9
33
27
25
5
19
3
33
24
7
1
35
1
29
26
5
0
18
3
34
21
17
16
27
6
3
6
25
12
0
35
30
10
18
23
22
15
23
10
3
33
12
32
30
29
36
10
9
25
26
24
8
8
1
2
8
30
27
26
11
24
30
12
1
1
29
24
0
12
14
20
31
24
16
31
13
0
32
5
15
13
33
3
12
13
31
14
6
20
28
15
14
32
33
31
24
28
5
5
6
8
12
18
20
23
16
15
18
