28
24
11
32
9
8
19
18
35
36
34
10
29
8
29
7
14
12
21
14
34
26
22
27
7
6
17
27
4
5
8
34
25
24
7
14
34
33
3
2
29
34
34
22
23
20
18
1
20
1
7
18
30
10
34
12
15
0
6
36
26
29
10
16
2
9
19
34
4
27
17
23
28
19
28
17
14
31
14
26
6
34
18
34
9
17
14
7
7
8
11
15
13
36
32
2
30
13
28
29
26
5
11
6
11
27
21
32
12
15
16
29
1
8
26
32
27
20
23
0
12
28
28
28
11
33
27
9
9
16
33
36
21
14
31
31
31
9
31
7
7
0
12
2
26
12
12
33
8
6
22
32
31
6
32
4
33
1
22
24
35
35
35
13
10
4
27
10
11
8
22
32
10
20
29
8
19
31
31
12
23
26
9
26
0
17
25
0
12
23
4
4
16
14
32
12
4
