18
0
10
24
6
2
36
29
17
28
0
28
14
18
11
23
9
0
25
15
35
23
5
22
16
19
20
24
26
36
15
1
25
23
17
25
25
0
3
31
0
15
0
17
8
25
35
34
36
18
28
1
32
22
11
5
14
9
21
6
16
6
15
35
9
23
23
16
21
24
25
33
34
25
20
21
22
9
17
23
35
9
5
23
6
19
17
0
27
11
27
26
15
27
33
1
28
15
14
20
14
22
25
29
25
32
6
20
25
11
17
10
17
27
5
24
15
30
6
12
12
33
12
26
32
12
30
2
19
6
3
34
34
35
25
32
10
12
16
31
20
28
6
26
0
30
19
24
30
27
0
13
16
7
2
7
33
34
30
18
35
35
25
4
3
19
8
30
17
23
3
35
18
32
24
0
3
9
7
21
33
0
17
25
27
30
26
20
29
4
36
4
33
8
35
7
22
10
20
6
