28
22
2
34
28
18
8
14
29
17
29
35
32
29
34
20
28
9
16
11
2
29
24
33
19
7
18
36
26
20
36
0
21
28
2
16
5
35
20
23
18
29
11
33
36
7
8
5
10
30
23
33
35
27
17
15
5
3
14
32
24
11
24
16
33
5
33
24
15
8
32
35
3
9
33
34
6
12
9
3
19
9
35
21
11
17
10
5
15
8
7
8
22
15
1
18
11
9
26
28
0
4
12
20
22
11
8
36
19
13
22
11
34
24
11
13
2
24
2
34
7
0
15
3
26
18
29
8
20
13
11
33
21
20
19
9
32
21
22
7
36
27
14
16
31
28
33
25
30
1
34
23
24
30
0
21
12
7
36
5
27
14
32
17
23
10
13
33
26
20
4
6
30
9
7
5
28
13
0
16
5
2
3
5
2
0
16
13
27
35
22
15
3
5
11
18
23
5
