34
15
12
14
5
26
3
7
9
33
31
11
8
30
25
34
27
33
8
36
15
31
36
29
5
27
4
14
2
24
21
29
10
22
21
15
5
2
34
35
25
26
17
13
29
31
6
32
19
1
1
13
10
18
21
16
5
28
12
21
15
34
20
26
29
22
12
8
33
34
3
0
14
31
15
11
4
3
25
27
26
4
5
14
1
6
22
25
29
11
10
20
8
20
15
15
20
23
19
26
16
18
8
20
32
28
29
5
30
21
18
16
21
33
3
12
31
13
26
22
15
11
35
13
16
34
36
10
19
29
10
16
6
29
2
1
5
30
35
4
24
27
25
33
24
28
31
33
4
13
34
26
1
28
0
1
29
31
19
34
28
30
11
25
26
18
16
0
33
25
1
4
27
11
31
22
11
18
13
5
6
23
31
31
27
4
21
32
8
23
6
13
4
28
17
6
24
