10
32
21
9
6
35
11
6
20
25
17
6
10
9
32
15
4
11
7
31
10
33
22
1
25
9
26
20
8
27
11
20
15
4
9
14
3
10
8
23
4
0
22
0
4
18
6
5
10
26
27
36
4
27
30
2
31
21
34
29
4
0
20
4
33
36
11
20
1
26
29
18
0
23
22
32
22
27
1
20
25
22
17
25
2
29
28
25
12
30
16
27
5
29
31
5
34
17
27
30
1
3
32
14
16
21
27
35
24
5
6
7
9
5
27
6
6
33
0
29
3
11
18
13
11
20
3
32
10
30
2
28
9
0
20
16
18
13
25
28
30
25
34
20
35
9
28
23
1
18
13
8
29
3
14
34
4
29
6
35
14
28
26
9
28
11
31
16
2
18
18
6
36
2
27
2
26
33
10
3
30
34
19
3
4
3
33
17
24
35
9
0
12
28
11
3
25
