7
7
19
12
24
4
11
4
2
0
36
9
33
27
3
7
23
12
27
22
7
35
26
26
20
36
18
27
0
36
9
1
19
8
10
34
7
24
33
1
15
5
8
5
7
1
30
35
29
2
5
5
11
31
1
27
30
23
10
10
14
20
23
25
31
15
6
35
22
28
10
5
28
6
23
12
29
17
2
15
1
24
18
29
13
22
30
12
20
35
29
24
28
32
17
28
5
17
3
26
21
23
29
3
1
16
17
15
9
33
17
17
21
22
4
33
2
1
7
22
9
7
8
1
12
12
30
32
28
5
23
15
5
8
30
4
34
24
15
14
7
23
24
13
35
16
5
8
8
2
3
7
29
32
0
27
24
29
1
35
1
35
23
16
11
11
10
24
3
11
29
10
28
32
14
2
24
21
24
17
2
16
36
27
23
32
11
35
18
2
8
21
25
17
19
30
3
24
20
