37
16
15
35
3
29
27
24
9
26
16
20
1
10
34
20
9
24
29
0
20
25
11
3
21
31
31
29
5
25
0
17
20
21
36
29
10
33
31
0
3
35
21
18
1
16
21
6
13
5
28
16
0
29
0
27
11
22
21
20
9
32
26
5
11
27
28
24
22
19
18
18
8
26
15
33
8
6
17
31
23
5
22
17
20
13
25
15
3
11
5
30
11
33
34
34
26
13
31
10
26
32
31
31
12
24
19
16
29
8
0
18
8
29
8
17
5
31
3
10
28
3
17
12
10
5
31
22
3
10
35
11
25
7
21
4
6
15
35
27
31
1
2
16
22
31
29
21
17
33
20
1
28
22
1
10
24
20
16
0
8
14
33
21
18
12
31
32
9
31
33
4
36
8
11
17
27
18
27
27
28
35
2
23
28
32
8
13
12
14
24
28
33
4
26
23
7
6
