10
0
34
35
29
29
13
16
9
13
13
10
10
19
32
5
4
24
20
27
14
20
6
20
4
16
24
24
9
29
24
5
1
5
8
26
21
14
19
16
36
0
27
36
18
2
16
32
0
3
20
32
12
25
0
21
9
16
17
35
22
18
29
34
3
24
11
26
1
36
9
27
22
12
11
25
21
20
15
0
13
13
18
36
3
8
32
4
7
33
0
25
23
32
21
20
30
23
35
26
36
30
31
20
27
2
4
34
26
35
3
27
30
29
4
19
31
6
15
20
22
34
7
10
22
31
7
31
32
26
7
14
35
10
26
32
13
27
7
35
18
11
17
1
2
2
32
1
34
27
20
10
10
3
31
12
30
29
10
13
12
23
8
6
3
27
8
31
0
6
28
33
2
12
1
19
30
7
19
10
6
29
35
24
30
3
3
36
30
12
16
3
9
4
22
33
17
17
9
25
23
