0
26
21
4
29
14
30
10
17
28
29
30
15
12
25
7
21
10
3
12
14
30
30
1
32
31
13
34
3
35
16
15
26
13
34
1
23
21
19
28
17
8
28
19
31
1
33
10
35
22
32
6
17
34
11
22
7
24
35
30
21
21
16
1
20
13
14
16
17
29
20
34
16
14
8
28
15
10
4
10
35
26
24
33
33
28
11
32
1
1
20
30
15
19
11
12
9
32
3
17
26
32
29
19
29
11
30
12
3
27
9
23
26
15
18
26
25
25
18
36
4
8
8
23
14
10
12
4
13
25
35
1
19
19
25
28
4
13
28
18
32
26
3
12
4
36
20
10
35
23
2
35
36
34
23
32
26
10
16
12
7
6
34
32
27
10
13
19
12
14
24
32
19
5
24
0
29
11
17
5
8
0
21
20
28
19
26
30
5
10
15
2
1
12
9
27
6
26
19
34
13
3
26
