11
21
11
20
29
20
33
4
25
11
5
27
35
23
21
22
28
22
35
8
14
4
11
18
21
12
21
26
13
15
4
16
19
31
1
13
26
33
32
26
22
14
17
8
27
34
20
23
6
8
34
17
28
27
34
26
28
30
22
13
11
32
1
4
9
8
9
16
1
21
31
6
18
27
36
14
13
33
12
31
8
22
36
1
5
36
2
17
18
8
2
34
12
26
27
28
11
29
8
27
3
33
15
10
4
24
22
33
21
5
9
18
9
17
32
12
30
14
1
10
28
1
10
30
4
36
20
33
24
1
11
36
7
32
33
29
12
27
2
7
17
18
28
8
8
19
36
31
10
23
29
16
35
15
23
29
26
10
28
20
1
25
4
19
35
27
18
34
1
33
27
33
13
18
17
36
31
25
11
10
20
35
33
25
29
30
20
9
27
5
36
12
16
30
20
19
1
18
13
