7
4
36
16
2
21
22
11
24
30
19
28
32
19
33
1
2
17
26
2
21
19
31
25
8
8
1
14
9
33
32
13
8
16
5
20
31
33
28
3
4
9
35
7
7
36
24
2
0
25
3
31
30
4
34
16
21
27
22
7
26
1
35
9
13
30
32
7
0
20
12
28
20
11
29
18
2
19
15
23
29
27
28
5
7
35
17
7
6
34
8
33
18
21
21
0
23
33
4
27
14
28
1
31
3
25
25
10
8
21
5
18
14
0
17
20
0
29
2
22
4
21
5
16
0
24
4
33
22
25
2
4
32
9
12
35
23
27
22
13
3
23
24
31
12
7
10
34
32
14
29
27
12
13
17
10
8
1
22
15
32
17
35
27
16
29
7
35
17
3
18
23
36
32
2
24
25
17
25
29
2
32
33
32
25
14
18
35
20
31
27
35
35
24
31
5
21
