27
14
15
1
13
15
36
7
7
34
5
25
21
14
16
13
18
22
9
15
36
4
12
8
23
12
16
18
34
3
27
36
11
24
26
13
11
4
29
11
26
7
35
31
31
10
2
6
28
36
36
16
8
34
22
32
25
25
24
6
5
10
28
2
24
34
17
35
6
30
0
34
32
7
15
8
8
31
18
32
25
32
19
29
31
4
14
25
4
36
4
19
7
29
22
24
2
31
17
8
26
27
11
29
9
1
3
8
4
31
4
15
16
4
10
36
12
28
31
11
30
16
2
21
15
10
16
21
22
17
15
26
2
23
32
22
7
32
29
19
32
15
24
25
14
27
35
29
27
30
30
35
15
8
27
18
14
4
36
34
34
14
17
35
36
9
20
15
12
30
31
32
26
27
29
25
14
3
0
18
3
9
19
9
2
29
17
11
7
8
11
9
6
35
19
12
17
8
1
