10
33
6
6
35
15
27
21
17
34
22
20
19
21
30
19
7
26
22
5
17
0
12
23
20
30
14
8
1
26
9
34
14
10
26
35
10
31
23
9
30
3
20
28
15
23
14
16
34
22
29
33
18
17
36
8
1
18
17
26
31
15
7
11
35
31
4
16
19
11
29
20
19
8
35
34
3
36
36
0
16
10
25
27
14
36
4
23
14
27
28
7
24
20
24
4
35
7
20
1
1
1
36
3
10
5
9
6
7
23
33
19
16
4
15
26
9
9
20
24
11
4
13
13
26
8
33
1
31
30
27
27
2
23
33
29
8
29
35
29
22
7
34
10
20
26
33
34
8
20
14
10
36
15
13
27
22
33
25
36
8
22
12
2
2
18
14
6
15
14
36
29
0
33
15
15
7
22
25
33
6
8
17
29
2
13
10
9
17
3
22
27
5
4
4
5
33
19
4
2
31
36
