22
1
19
22
0
31
11
15
9
26
26
4
14
27
15
33
19
21
3
2
33
4
1
13
13
33
29
31
17
34
23
10
6
7
27
30
32
16
10
19
22
16
5
31
20
0
11
25
26
12
1
18
19
13
3
2
15
12
24
26
11
1
26
20
19
10
26
3
29
31
0
2
5
27
34
12
23
17
11
26
2
33
17
36
23
29
1
15
25
0
30
8
6
21
15
23
33
5
22
35
13
36
9
6
9
8
8
23
18
11
30
26
25
11
8
13
0
9
20
27
31
28
2
11
17
21
22
11
35
23
13
8
9
21
4
14
2
34
20
21
16
33
12
18
2
28
16
15
28
34
20
34
34
30
28
12
12
30
9
16
8
12
22
23
14
4
2
20
4
30
6
6
9
6
20
36
17
28
1
24
32
24
26
23
14
22
8
32
6
33
36
21
24
24
35
14
5
