10
8
19
36
29
13
1
32
4
15
1
33
20
22
32
13
12
21
9
32
36
35
20
35
2
24
23
28
28
35
29
6
16
0
29
11
13
8
35
33
18
28
24
26
24
28
15
20
16
8
22
13
13
11
7
5
27
6
4
3
4
35
18
3
32
5
20
7
20
18
13
4
35
18
36
13
5
4
2
33
22
17
21
4
22
27
22
20
14
3
32
21
11
6
36
6
1
30
18
1
13
1
17
32
8
6
5
14
0
9
16
32
33
33
1
23
25
31
26
2
3
32
9
36
17
19
17
7
15
30
9
33
8
19
32
36
29
28
12
20
12
17
0
34
14
36
0
17
20
25
35
21
33
27
28
19
17
0
10
12
14
14
27
5
17
32
18
11
30
3
20
27
1
1
20
25
21
6
3
4
14
16
8
10
20
17
29
21
16
23
18
0
16
30
12
26
