35
24
22
7
21
0
4
16
16
24
14
14
16
36
11
18
29
10
27
2
26
34
8
11
10
24
13
12
20
4
35
20
0
24
24
0
12
3
4
27
30
35
22
21
30
32
21
0
29
11
12
27
25
5
3
14
22
25
0
0
14
28
19
16
16
4
23
14
9
34
5
25
0
13
17
32
12
3
10
22
4
27
5
17
4
17
13
32
15
10
31
19
32
32
34
29
29
17
13
16
8
24
15
13
25
3
10
20
31
9
10
16
27
19
22
11
34
1
23
30
12
14
25
34
10
5
10
33
3
14
13
16
19
17
6
3
4
1
11
10
2
5
24
8
29
33
33
7
24
24
35
0
6
15
17
9
33
33
23
12
28
28
16
29
6
31
24
1
18
7
32
15
31
27
9
20
7
6
0
9
25
3
36
11
29
1
3
15
15
30
13
16
34
8
9
17
