15
32
13
25
20
6
10
6
14
6
9
28
13
10
0
31
11
33
2
33
0
5
29
2
34
9
31
34
7
28
31
1
5
31
31
23
33
23
31
10
3
26
23
36
12
23
5
8
6
34
32
6
10
22
27
9
9
11
28
19
25
6
11
27
22
23
1
12
15
27
11
11
26
25
29
17
2
31
15
8
33
28
23
11
32
30
16
29
30
18
22
27
7
16
18
13
34
2
29
18
1
35
2
32
27
10
11
10
21
22
18
28
32
2
3
35
22
9
31
29
4
25
4
25
3
16
7
9
6
27
11
35
34
30
17
34
11
15
36
14
17
15
30
25
4
7
30
30
19
25
7
3
27
29
17
18
21
24
35
1
34
14
0
4
2
32
30
20
29
4
24
18
26
18
32
36
13
11
7
29
31
16
24
30
34
2
4
26
7
10
31
0
19
11
29
22
