32
9
13
16
10
1
25
7
16
15
3
8
31
23
8
28
14
13
3
3
3
10
27
0
0
23
23
33
33
16
13
23
15
30
22
6
29
31
25
13
28
0
36
8
21
12
10
31
0
24
25
21
18
36
18
25
36
7
9
34
14
21
12
32
10
16
21
20
4
24
12
11
13
21
10
4
14
18
36
26
11
28
15
12
11
31
2
21
12
31
11
24
11
4
2
28
24
20
35
4
24
7
25
3
17
10
36
9
20
10
6
13
35
20
24
25
35
35
16
12
1
34
14
15
13
9
11
16
36
12
13
13
34
11
5
28
34
25
7
18
3
12
26
35
14
34
36
13
33
35
14
25
14
21
17
29
22
16
24
21
15
9
2
26
11
1
14
26
35
20
27
10
23
9
28
35
30
18
12
23
0
5
30
12
6
8
12
16
35
5
18
5
0
36
6
4
27
32
8
