17
22
6
34
24
9
20
3
9
33
16
35
5
30
34
3
8
20
18
21
24
17
34
33
12
16
2
6
29
3
15
12
7
15
9
32
19
13
16
33
27
22
7
15
28
10
33
13
22
32
20
15
17
6
24
15
29
25
27
24
33
33
32
0
27
14
25
6
35
13
1
5
14
6
2
0
24
6
3
8
7
25
10
27
17
6
34
1
12
36
18
25
30
20
26
2
34
23
16
9
17
28
3
28
9
25
30
19
7
18
3
35
25
0
2
10
20
29
3
1
36
35
9
9
27
8
8
32
24
35
35
36
13
10
36
10
13
30
23
29
2
21
31
9
24
26
8
1
14
34
1
28
7
11
26
5
18
21
6
9
17
2
4
27
5
36
34
20
16
25
2
3
8
7
3
24
13
8
24
34
32
16
36
4
28
29
35
33
0
16
36
0
23
24
28
17
20
9
31
17
