13
1
18
6
30
0
11
7
34
0
25
8
27
31
22
32
35
14
15
18
11
16
29
19
19
13
9
1
9
4
26
34
25
22
7
10
25
14
31
28
16
23
14
0
29
36
9
26
14
36
8
33
13
34
34
7
16
29
8
8
2
7
35
28
20
28
20
33
26
17
24
24
13
33
25
13
33
12
22
25
28
34
0
36
0
0
1
0
5
23
35
32
17
26
32
6
8
32
9
1
2
0
7
30
4
20
33
36
16
4
5
30
12
20
21
31
9
2
5
32
21
15
29
0
10
36
27
23
25
10
15
7
20
17
34
27
21
0
19
15
28
23
25
31
22
32
5
36
28
35
22
19
8
0
6
10
13
9
27
27
12
29
17
12
15
19
23
2
14
9
25
26
7
3
14
9
27
33
27
6
30
24
31
30
25
7
7
5
19
24
36
27
35
5
17
15
3
