17
30
21
0
22
36
36
32
16
1
14
35
28
24
32
0
2
10
22
23
25
18
25
5
22
4
13
24
15
13
20
34
9
4
5
3
6
24
13
1
25
14
5
16
35
18
33
26
14
29
24
22
23
31
15
2
10
5
28
0
29
21
35
24
29
30
18
14
1
23
5
13
27
35
18
4
5
24
3
9
7
21
1
35
33
13
28
2
14
23
25
35
13
32
16
35
33
37
3
34
16
33
28
11
24
1
7
4
33
1
10
13
18
31
6
15
28
18
0
7
23
5
5
20
24
29
10
6
21
27
26
25
35
22
11
35
18
16
8
35
21
18
9
27
25
14
27
25
4
10
0
26
21
31
28
0
21
4
24
34
18
5
25
14
13
30
30
28
34
28
2
19
24
21
6
5
26
26
17
6
23
34
30
16
5
28
13
7
5
18
13
26
9
5
23
35
6
31
22
