30
14
23
33
16
26
4
3
32
16
16
33
13
4
4
5
31
34
18
27
24
15
26
2
18
25
5
13
9
28
2
25
25
32
29
33
33
32
24
11
0
1
2
25
1
6
19
10
21
4
7
29
13
7
31
24
4
7
14
8
31
11
17
17
20
2
8
9
17
3
0
19
23
11
23
7
13
15
17
6
11
20
21
24
8
14
10
17
2
15
33
13
14
13
3
36
19
11
1
32
26
27
28
22
15
22
35
26
24
17
26
33
15
8
32
0
29
34
5
9
32
33
10
36
15
0
21
32
11
10
16
1
8
22
3
30
34
31
33
33
19
14
18
4
10
2
17
3
4
1
22
32
15
2
12
5
12
19
31
1
19
30
12
4
2
7
13
34
14
34
10
27
32
15
21
33
3
17
22
9
22
21
3
31
28
20
36
31
22
7
14
19
13
32
24
12
6
6
29
