4
4
30
26
12
31
20
10
7
5
4
7
0
23
31
23
24
29
36
24
33
3
7
30
24
30
12
10
33
14
13
12
26
36
5
24
18
3
12
33
25
23
0
29
19
7
28
26
22
27
28
12
22
11
13
26
2
22
35
16
3
25
16
35
12
23
32
17
8
23
3
35
14
1
3
14
1
18
21
21
14
28
35
27
33
7
13
24
2
28
17
11
3
4
15
36
28
22
16
19
30
25
0
11
1
36
16
19
26
29
9
20
13
4
32
9
35
30
4
6
35
21
17
1
30
9
3
32
22
19
23
19
0
17
17
25
22
8
5
20
5
13
2
0
36
28
18
9
21
7
15
17
21
33
6
21
36
20
4
33
35
5
17
17
28
16
11
35
31
26
22
25
9
13
29
17
6
36
29
23
29
10
17
34
21
28
0
35
25
26
33
4
17
24
13
33
