1
19
8
25
24
14
28
14
7
12
9
18
18
10
12
28
14
27
20
12
8
17
16
20
36
28
15
19
12
12
8
27
17
33
5
32
0
35
1
5
35
27
18
35
33
12
27
17
26
30
13
32
29
19
9
25
5
26
31
6
24
29
7
23
1
24
5
20
11
17
31
9
5
16
3
28
24
10
9
10
33
1
17
14
22
26
12
27
25
0
21
4
10
0
34
35
22
5
7
34
10
3
19
35
11
14
21
33
4
6
22
19
29
27
33
27
11
26
10
7
33
12
22
9
2
11
6
10
19
14
19
18
22
14
5
35
10
5
29
2
7
23
6
27
16
29
13
1
10
7
25
16
35
0
3
18
23
8
19
24
8
25
7
16
18
20
5
36
1
25
9
32
14
13
4
6
4
9
2
28
23
8
23
12
35
28
16
21
6
29
20
26
31
3
6
16
18
28
