11
1
17
34
2
14
10
4
23
17
11
4
6
22
31
13
21
28
35
11
3
7
23
30
14
28
29
20
6
20
31
28
7
18
15
12
35
0
11
25
22
33
26
28
25
1
12
30
21
29
15
16
29
14
32
15
24
25
5
5
14
12
23
20
17
12
15
33
33
19
16
19
3
23
35
15
20
1
13
18
14
21
23
16
7
4
27
21
26
12
22
27
3
33
12
4
27
2
22
14
4
5
3
7
24
16
27
10
15
25
12
28
36
18
36
10
25
22
29
14
13
30
5
25
11
1
19
28
17
1
1
12
2
31
26
24
32
29
8
15
2
32
23
8
22
10
26
10
5
17
21
3
19
30
8
0
20
28
7
23
28
1
22
24
14
23
30
6
29
12
23
11
14
34
27
1
25
1
13
16
9
23
3
35
11
23
31
4
33
21
23
12
2
29
12
17
29
34
28
34
