9
22
26
21
8
26
23
25
21
31
25
8
35
14
20
22
25
35
5
24
27
32
25
10
8
16
8
14
16
20
4
31
22
32
18
13
28
4
23
30
11
31
25
29
28
30
30
11
13
12
17
32
3
1
32
17
32
36
29
25
11
13
18
29
36
24
33
6
6
5
5
26
24
21
0
12
20
35
36
10
20
3
11
8
19
0
1
28
5
36
10
20
1
6
5
5
24
11
24
3
26
25
17
1
18
8
0
12
7
31
17
12
12
29
10
36
16
21
22
14
15
33
30
10
12
33
29
33
29
11
22
27
26
16
15
11
20
15
36
32
18
22
3
24
20
24
16
33
10
22
26
4
5
28
25
15
22
7
13
15
3
27
3
8
32
32
19
24
24
1
16
17
22
23
18
20
29
7
6
24
35
13
27
1
28
6
25
0
28
22
11
15
21
0
20
31
31
12
1
