19
2
2
25
26
31
10
10
13
4
26
16
6
19
20
26
16
21
17
3
4
31
30
35
35
36
36
8
29
0
17
7
25
19
26
9
0
14
30
12
29
30
8
28
9
16
32
10
29
2
17
29
7
12
21
19
12
5
30
35
23
22
10
23
13
1
12
20
21
9
19
1
17
12
3
23
16
11
35
3
31
0
30
13
13
36
30
11
28
27
21
11
31
27
10
21
19
29
24
34
5
31
4
15
17
8
0
5
5
23
4
11
0
14
5
31
11
2
30
26
28
15
20
1
14
35
28
3
1
24
12
15
35
14
8
9
13
1
25
19
34
18
1
14
28
21
4
15
11
16
29
28
9
25
11
9
31
36
28
33
9
16
28
10
6
6
0
21
22
4
12
13
26
27
2
18
32
23
1
31
13
24
29
27
18
21
4
18
31
27
10
5
34
23
14
24
13
