35
13
3
14
20
6
28
31
0
9
33
22
23
19
4
23
36
25
5
18
14
26
36
9
31
3
12
16
32
28
2
19
20
7
22
26
26
36
35
6
21
24
5
16
16
29
32
9
8
6
14
4
15
30
18
8
20
6
32
28
31
31
19
29
1
34
15
25
1
36
7
16
36
21
7
31
21
27
22
3
11
5
28
27
3
10
10
18
21
18
18
19
36
16
23
35
32
25
29
28
25
33
36
32
18
16
11
12
6
9
19
17
1
34
31
9
23
25
11
4
36
33
22
5
10
27
36
15
18
0
6
19
6
24
18
16
27
27
17
14
20
16
35
0
10
19
8
10
11
33
33
36
27
23
3
18
8
19
28
25
34
11
19
26
16
34
3
8
18
11
19
13
1
27
10
27
31
11
19
5
6
14
25
12
29
6
21
9
29
24
14
17
24
34
7
18
27
24
