3
35
36
4
14
6
32
26
25
32
26
0
23
1
30
32
34
33
3
10
22
15
24
0
23
33
4
31
6
1
4
16
26
21
28
12
1
20
5
9
35
34
5
27
22
12
33
17
17
17
9
27
0
32
27
35
24
14
9
24
32
8
5
1
6
19
20
9
18
36
2
32
3
9
33
7
17
17
36
13
0
15
26
11
22
31
8
24
31
36
23
10
2
34
29
1
1
7
25
12
34
4
8
4
34
19
0
7
9
17
23
32
27
21
25
16
1
30
2
0
33
18
2
18
12
13
1
28
0
35
1
36
32
15
34
11
30
0
3
4
34
17
22
34
8
15
8
20
3
29
30
36
33
31
25
3
30
30
9
5
30
15
4
2
18
10
30
25
15
28
35
32
13
8
33
4
26
19
3
3
25
4
31
34
11
13
1
25
18
4
12
34
31
29
19
32
16
12
14
