6
24
7
31
2
13
8
24
35
14
22
19
20
25
12
4
28
17
35
15
15
30
19
8
30
26
20
1
9
25
7
26
24
19
17
26
10
32
25
13
9
23
29
1
25
3
20
0
13
13
31
8
9
21
0
29
24
36
32
30
6
24
36
6
21
30
27
8
29
28
9
8
25
3
30
22
27
27
36
32
0
5
24
16
4
24
15
17
18
33
19
16
6
3
22
5
18
35
33
35
16
34
24
11
7
7
3
0
4
21
24
0
24
15
16
5
34
31
8
30
8
28
26
21
18
26
29
16
24
5
23
20
11
19
21
16
30
20
26
27
20
8
5
6
1
6
2
7
10
5
8
21
10
24
3
26
19
5
24
25
15
11
27
21
8
2
4
5
2
4
1
17
3
9
19
11
7
3
35
31
32
5
23
10
28
8
9
15
35
16
17
36
4
5
10
24
2
16
9
7
33
