1
3
16
12
28
18
10
27
13
28
11
28
0
12
34
2
3
19
24
4
11
35
12
11
34
14
6
2
1
36
9
32
12
35
18
22
16
4
21
9
34
8
28
18
0
5
30
13
29
30
18
19
23
0
16
11
20
8
2
29
21
0
15
18
10
32
1
5
12
24
23
25
2
6
2
26
10
14
20
4
29
29
10
1
24
2
21
27
16
23
36
15
7
35
15
35
15
13
12
2
25
34
28
3
32
29
4
36
26
15
2
5
21
18
35
29
27
22
30
9
11
9
25
12
33
17
17
3
17
23
29
9
28
35
33
23
0
3
1
22
30
16
2
17
27
11
17
2
34
32
16
9
26
6
20
17
27
1
9
30
35
31
33
9
33
23
28
36
32
19
16
31
22
19
15
11
6
7
1
12
34
3
18
29
3
34
33
5
18
8
28
21
0
12
35
2
35
11
