1
36
17
14
13
26
14
3
35
34
9
19
26
9
10
24
15
14
31
14
26
31
34
5
6
2
32
16
21
27
4
25
6
18
12
34
11
11
10
29
20
21
11
32
1
8
29
23
25
0
28
26
6
2
18
19
20
9
28
10
24
21
20
12
34
16
5
8
30
11
6
21
5
31
22
24
31
20
36
18
35
29
32
5
15
3
18
30
11
30
21
35
22
31
31
21
27
5
19
3
17
11
35
11
21
19
14
20
8
2
2
15
26
27
32
9
18
6
29
0
33
33
25
14
33
13
7
2
33
30
31
9
16
27
16
32
0
36
3
15
16
8
26
24
27
28
34
30
5
9
0
2
34
13
19
29
20
25
20
30
9
17
31
32
2
18
36
34
19
29
2
31
29
30
32
36
3
18
0
4
6
5
25
6
22
0
14
15
35
33
11
26
26
34
33
3
8
1
17
