7
6
14
8
29
30
10
5
31
23
2
27
13
8
29
30
25
1
14
8
36
19
32
14
10
7
6
3
22
22
36
19
10
26
6
23
35
2
3
7
27
33
0
6
36
17
32
6
25
9
7
10
35
6
0
11
34
14
36
18
21
12
30
4
2
4
33
7
29
9
22
26
6
20
12
17
24
10
22
24
30
0
31
2
23
19
27
30
36
6
24
12
7
23
9
26
31
20
17
14
22
33
17
14
27
2
27
29
1
1
13
22
33
20
7
9
16
17
28
32
1
32
25
29
0
15
32
8
33
4
34
36
3
1
27
19
36
29
7
6
23
13
14
14
24
15
14
16
10
11
21
7
11
17
4
25
2
36
15
9
24
11
12
8
32
1
15
27
7
12
14
4
3
11
3
22
29
28
21
34
11
16
0
14
10
20
21
25
21
0
31
21
6
25
20
16
13
21
5
