5
19
17
7
24
3
33
24
7
17
11
35
10
20
2
9
15
10
14
11
1
17
18
7
19
12
29
19
35
8
1
12
26
23
29
19
23
23
26
17
34
9
16
17
5
10
0
6
8
4
12
19
13
18
21
28
34
0
12
4
3
12
28
35
26
23
3
27
16
30
13
0
32
31
29
32
18
14
2
21
33
22
21
28
8
29
31
9
4
11
26
2
0
29
9
32
14
2
30
12
12
24
36
7
5
10
12
36
5
19
9
31
12
10
22
31
11
10
17
18
31
14
8
24
10
0
24
4
24
33
32
18
33
4
8
33
10
35
3
10
23
19
5
31
9
16
15
25
29
23
3
35
0
14
13
14
29
10
26
16
28
31
16
36
4
32
15
16
22
33
7
9
0
36
11
11
34
14
34
5
29
21
30
23
33
28
32
17
22
19
10
17
36
1
2
20
33
0
