0
14
36
18
30
28
36
10
16
19
13
24
20
13
1
27
28
7
0
8
20
0
17
7
35
33
13
23
27
8
20
29
5
3
15
22
24
2
29
18
7
36
14
33
24
7
25
32
16
16
10
14
15
19
0
16
14
18
5
12
0
13
10
31
4
5
30
29
5
32
6
1
20
31
11
26
27
0
4
11
3
19
30
30
23
22
27
26
21
3
34
35
7
11
2
13
14
8
34
31
20
7
20
6
27
4
22
29
36
17
12
2
13
19
9
19
2
22
27
9
27
13
7
29
2
24
2
28
11
3
24
12
4
17
35
12
20
25
19
6
21
7
15
2
36
16
2
23
4
34
11
1
16
3
1
36
26
36
7
12
34
22
32
5
34
20
5
6
4
2
1
8
34
23
4
23
8
1
25
23
28
4
36
23
8
36
4
26
35
3
24
27
12
19
13
26
25
9
7
17
18
