18
23
4
5
3
26
15
18
36
0
9
4
36
21
12
20
8
25
1
26
8
25
14
4
34
7
29
7
33
35
9
31
31
9
13
24
8
15
23
2
35
7
31
19
4
1
7
15
15
4
8
6
10
28
21
0
10
31
4
9
26
28
32
27
5
6
15
28
26
33
5
7
0
12
15
8
36
5
4
10
27
31
2
22
35
2
20
13
9
5
27
1
24
19
2
5
12
7
36
35
5
34
11
12
8
22
0
10
11
30
6
32
3
19
9
20
21
8
14
18
20
21
27
1
18
5
15
12
23
3
29
9
9
29
0
22
28
1
29
23
28
19
16
33
25
6
16
24
29
19
11
5
33
28
31
5
1
12
34
17
4
0
33
14
0
31
14
17
7
0
16
8
36
12
6
27
22
9
27
3
29
2
32
10
30
24
5
22
15
9
36
16
36
22
20
35
5
24
21
36
30
23
