23
26
30
9
23
30
27
15
13
4
21
7
6
24
13
29
26
22
9
12
13
32
30
25
36
15
0
29
12
2
29
12
23
0
16
15
35
15
4
31
16
35
30
28
12
33
6
16
13
12
7
23
19
33
27
7
36
34
26
13
23
13
18
3
21
30
31
0
27
29
31
31
15
28
4
24
22
16
32
3
16
21
35
35
14
15
26
9
21
9
14
5
8
12
23
13
22
0
6
20
17
22
4
10
10
30
28
13
36
18
11
24
7
31
4
13
36
10
35
32
6
8
10
29
3
14
36
30
33
25
13
14
34
25
2
6
5
0
11
10
3
0
3
24
16
25
0
1
19
15
11
25
7
6
12
11
21
31
35
35
35
25
29
6
4
29
34
31
36
3
19
9
5
19
7
3
10
4
11
5
15
19
15
3
2
7
12
17
33
24
3
3
6
4
28
12
22
4
14
