24
19
21
11
1
20
23
8
1
20
27
33
25
7
12
33
33
29
20
17
31
15
3
12
23
36
21
32
6
22
9
3
32
12
7
21
23
11
2
24
21
13
4
10
31
35
23
10
16
32
22
34
9
35
1
26
31
8
27
31
36
32
7
32
17
15
23
1
4
1
13
35
17
28
34
17
5
0
8
19
10
34
14
4
34
25
18
25
22
34
26
15
10
5
4
13
27
32
24
13
17
26
14
36
19
4
27
17
10
3
15
1
5
14
5
4
4
7
15
31
29
10
23
21
17
24
12
1
24
13
5
17
35
14
9
30
14
20
13
6
20
15
25
9
35
5
6
23
23
9
6
23
17
34
5
3
6
13
28
0
8
9
1
12
18
19
27
9
33
5
10
11
36
34
35
9
1
36
20
28
31
27
14
29
12
3
15
11
30
0
31
5
35
2
1
1
15
