8
14
11
18
14
15
26
32
29
32
17
27
23
36
30
7
2
14
16
4
23
35
17
15
25
13
28
15
5
26
25
24
4
18
5
28
19
1
10
30
29
11
14
0
36
9
19
34
3
24
35
30
1
0
34
23
11
7
6
6
27
16
25
27
6
18
10
36
16
24
33
0
24
3
15
7
23
12
30
10
20
19
12
22
31
9
31
1
30
17
11
4
25
1
17
11
25
4
35
22
32
35
7
5
5
9
22
18
19
1
14
29
24
11
3
14
32
0
30
36
12
18
21
4
15
23
10
17
10
5
17
5
7
26
3
17
32
27
15
33
1
36
24
31
29
13
16
36
12
4
33
12
36
2
18
1
35
15
10
28
15
34
17
16
3
24
2
11
8
28
17
19
25
22
29
31
31
15
29
12
34
27
19
36
14
28
26
13
18
0
35
9
15
36
6
4
19
0
