9
6
12
9
4
2
36
4
33
36
26
30
10
20
5
21
28
0
26
26
28
20
14
31
28
9
32
30
4
15
31
30
30
18
9
30
1
0
35
29
1
12
14
27
5
14
8
30
22
4
6
15
3
32
4
2
8
7
6
28
4
8
2
1
27
35
26
29
27
3
17
24
12
13
7
33
31
10
13
4
7
33
12
22
36
20
20
7
2
27
16
32
31
25
2
27
15
12
1
29
28
12
23
15
28
6
15
12
11
31
31
34
10
24
0
0
19
24
30
15
25
30
17
3
31
22
16
4
18
4
29
4
11
26
30
2
25
12
0
36
5
10
2
29
11
19
20
18
25
16
0
7
33
18
18
27
34
5
35
8
28
36
21
22
34
0
24
33
12
23
11
22
31
10
2
15
22
21
4
10
3
1
31
26
27
1
13
7
6
26
31
12
17
15
3
25
12
17
12
