36
16
35
28
5
9
29
3
31
9
28
35
12
27
14
22
20
9
14
5
32
19
2
2
9
21
4
0
26
31
13
30
17
24
7
31
19
19
12
20
25
13
14
7
16
26
20
36
29
19
34
18
18
35
16
12
26
13
10
26
14
35
35
25
34
0
16
29
8
15
23
21
0
27
22
29
30
12
7
25
24
14
11
15
13
12
26
10
8
33
30
35
7
29
16
15
26
17
33
0
18
32
0
0
17
20
14
22
19
35
34
18
7
25
25
4
17
20
16
36
7
16
0
29
36
32
26
27
10
10
26
21
0
4
2
19
12
33
1
20
27
30
13
36
19
20
29
4
11
5
0
30
27
19
13
1
9
21
22
1
36
35
25
36
3
16
16
17
17
8
22
11
30
36
34
30
1
15
28
28
11
20
21
24
24
23
0
9
31
6
13
8
25
24
22
9
13
18
29
23
0
0
