13
5
6
35
14
1
31
31
28
30
7
2
19
35
12
0
30
0
5
34
20
13
16
10
9
7
8
1
6
29
8
6
3
21
15
10
29
24
17
3
25
31
6
16
5
22
34
20
24
8
23
3
11
24
24
20
19
29
0
32
36
24
18
11
34
16
11
12
19
29
18
27
27
26
28
8
33
28
16
36
21
20
10
32
33
27
4
34
0
22
11
8
15
20
3
31
23
18
6
21
25
6
4
17
32
36
33
7
28
7
32
9
27
11
15
33
3
16
28
27
2
13
13
29
24
19
28
7
31
7
23
4
3
12
0
27
18
12
9
18
23
25
16
0
20
14
22
30
30
25
15
13
21
16
0
17
12
9
4
33
16
22
4
2
15
31
34
27
17
9
35
18
27
15
30
27
35
10
0
28
31
2
29
4
15
2
24
3
19
17
23
35
6
5
13
7
28
2
22
2
15
