33
26
14
1
27
6
25
1
24
6
24
28
2
0
18
10
3
31
20
17
3
11
36
6
9
16
34
35
7
18
0
16
34
12
21
7
16
35
23
34
15
17
24
27
6
10
8
26
9
10
16
9
1
32
22
6
35
3
20
6
2
18
16
26
35
18
15
18
10
9
25
13
1
24
20
34
26
10
23
3
36
15
18
14
19
16
0
10
7
31
6
4
26
18
14
21
33
16
15
0
31
21
28
16
28
25
26
13
34
10
17
16
35
33
17
36
8
13
2
21
36
18
33
8
36
2
11
35
26
10
16
16
8
23
16
27
9
9
25
33
10
22
4
15
12
14
6
36
30
12
33
18
15
35
18
21
18
1
30
23
35
5
12
1
8
17
31
17
7
13
10
22
23
1
1
17
2
9
7
17
27
4
7
17
36
9
12
19
23
32
4
34
20
12
24
5
6
30
