17
28
6
22
21
17
12
1
6
19
25
16
32
12
31
16
19
14
8
24
5
6
27
6
3
16
33
14
2
21
26
32
8
24
31
30
19
20
35
19
12
36
30
17
4
5
27
34
24
8
15
34
28
26
23
26
17
35
23
6
35
18
15
19
32
19
30
33
23
19
20
25
23
23
21
33
24
25
14
12
21
1
30
2
19
25
35
30
12
35
20
18
14
28
5
0
5
19
9
36
17
35
9
35
9
23
26
12
32
19
14
29
25
33
19
30
20
24
0
3
16
6
32
28
29
21
16
12
26
25
25
20
11
9
15
25
17
31
7
19
1
9
19
4
30
26
13
23
35
18
25
11
11
34
21
26
25
10
17
33
27
30
13
5
35
22
1
8
33
34
17
22
18
20
27
8
31
19
7
26
6
7
23
28
0
32
34
11
12
5
35
23
36
3
15
30
26
12
21
1
