6
13
9
32
8
21
7
26
2
25
16
36
31
32
1
19
26
36
11
30
16
32
11
2
8
20
22
11
7
15
4
13
21
16
34
1
30
31
18
16
17
36
29
10
13
3
10
6
29
32
20
14
0
24
22
28
17
16
31
21
2
20
9
6
27
8
30
29
5
23
12
23
29
30
12
0
0
0
22
26
25
19
36
26
33
5
30
35
15
0
35
29
11
31
22
21
18
19
26
3
2
15
7
1
24
10
29
15
10
34
0
18
17
3
24
8
7
9
25
19
1
1
28
19
26
10
21
15
9
31
12
15
10
24
32
11
3
30
16
35
0
28
4
7
25
7
12
8
30
21
29
8
1
2
11
20
0
5
19
19
20
29
30
24
28
16
5
21
11
4
18
15
6
1
7
2
33
33
31
34
33
29
32
16
1
34
18
18
32
28
19
22
18
9
13
19
16
35
