8
7
2
3
36
24
27
30
23
8
10
15
9
30
24
0
21
0
2
17
24
8
1
19
17
19
19
24
22
23
33
24
24
4
8
36
23
4
28
30
4
19
20
13
14
10
35
21
10
10
8
14
15
11
1
4
20
12
9
1
30
25
9
21
20
20
22
26
20
33
25
11
7
32
0
4
29
36
22
0
33
35
22
9
8
17
6
5
20
23
24
26
13
17
24
25
32
18
15
1
32
18
33
23
16
17
18
12
29
25
35
27
1
22
14
13
11
31
5
20
15
36
13
22
23
35
10
33
18
34
24
28
10
16
33
16
36
21
10
17
19
12
11
19
24
28
17
8
2
8
4
36
9
35
16
35
7
3
29
33
13
33
23
25
2
17
4
29
35
2
12
29
0
7
6
2
33
12
17
30
15
3
13
31
0
2
5
9
33
24
31
13
17
13
12
3
11
