14
3
31
0
18
8
9
15
27
33
27
29
5
15
27
27
24
1
26
4
33
4
13
21
28
4
22
17
36
7
8
4
34
26
34
14
1
24
34
34
16
32
12
32
8
28
2
6
24
6
20
26
2
14
29
23
5
14
22
23
15
34
29
21
20
30
28
2
19
21
26
29
28
2
14
35
18
7
28
2
20
33
8
25
6
14
27
30
18
13
5
28
36
18
19
34
3
7
9
26
20
18
11
11
5
10
5
35
15
14
34
28
6
36
9
35
19
27
23
11
4
34
23
12
16
7
24
21
26
28
21
5
28
30
31
21
26
22
10
26
28
7
36
2
20
5
23
12
5
9
20
35
12
33
33
23
7
6
21
7
24
11
33
23
25
4
21
23
26
11
15
15
21
8
6
8
27
9
13
20
15
36
17
11
26
18
13
25
6
28
23
1
28
7
25
10
28
17
