19
20
35
35
15
5
6
25
7
18
23
24
1
20
21
31
18
14
21
33
34
3
25
20
5
18
17
25
2
1
18
29
26
2
35
10
0
6
21
23
8
21
30
7
15
4
10
27
33
35
15
33
19
25
23
9
17
22
22
4
6
9
2
29
3
18
1
2
5
0
13
13
13
22
15
35
8
33
19
13
24
31
5
27
5
26
20
36
0
20
33
16
27
13
13
13
34
25
33
2
6
28
13
1
33
0
9
18
7
16
23
18
18
17
16
8
17
28
27
23
18
2
26
35
23
23
30
7
3
14
14
36
21
28
17
19
3
28
3
30
29
3
24
11
5
14
12
24
32
26
24
24
17
32
15
2
12
11
24
27
6
32
32
5
18
27
4
28
6
7
25
35
10
31
28
32
5
14
15
15
29
4
5
17
14
17
35
11
34
22
16
1
20
17
26
0
