14
27
36
26
7
19
26
36
4
32
6
3
27
36
25
33
22
7
11
14
24
19
22
28
26
4
24
15
18
15
16
15
20
12
4
6
3
18
15
35
13
14
18
20
9
1
34
34
29
24
23
3
9
27
6
30
31
12
30
21
2
13
30
16
34
37
37
30
34
5
31
29
17
5
34
14
11
6
9
14
19
33
30
18
19
33
0
7
37
37
0
35
14
23
5
19
33
33
9
7
26
18
11
26
10
18
14
26
18
17
24
0
20
3
31
34
8
10
6
34
5
26
1
36
8
1
20
31
20
9
11
16
33
11
9
31
7
8
25
6
29
8
12
6
21
4
32
24
3
7
9
6
17
27
22
6
32
5
25
12
1
2
24
21
35
29
23
8
17
32
6
28
21
6
18
11
31
21
18
2
18
14
18
7
25
16
7
3
12
8
6
17
3
16
5
22
6
