29
16
24
19
30
20
7
32
4
23
31
5
24
7
28
1
17
30
2
35
28
6
23
20
13
16
23
13
8
12
30
33
32
25
0
1
18
0
14
18
11
34
24
9
3
18
34
17
26
10
13
20
18
13
27
32
14
4
7
27
4
3
24
20
27
1
4
14
16
3
31
35
21
11
30
21
35
2
23
6
23
4
27
14
20
33
25
35
27
30
30
11
4
19
35
36
32
32
34
27
19
1
28
1
11
6
14
30
20
24
3
26
5
20
19
7
30
2
36
26
17
12
36
23
30
25
8
29
11
1
31
24
11
33
23
8
0
25
35
2
36
36
1
8
25
15
8
5
13
21
1
28
6
2
31
29
5
33
27
19
32
10
9
8
6
32
21
3
34
30
24
2
10
26
7
26
30
32
12
23
3
11
31
16
6
14
20
26
34
7
1
21
0
21
23
30
20
19
