26
7
16
31
34
34
10
22
12
2
16
28
18
2
11
4
33
7
27
16
16
29
23
30
24
19
16
18
33
13
4
6
22
29
35
14
24
35
14
5
19
21
32
7
21
32
12
35
28
3
28
25
4
0
34
37
13
5
6
0
4
4
16
6
32
16
13
3
9
19
34
28
3
26
23
4
33
18
17
18
22
5
10
5
20
15
6
17
11
24
11
14
5
21
8
5
0
4
21
28
4
9
6
21
34
11
19
36
4
8
36
27
4
34
36
35
27
22
7
24
21
15
9
31
22
19
34
17
31
31
35
19
30
29
32
23
4
23
1
30
29
14
4
15
6
20
30
27
7
23
13
12
22
16
7
31
24
15
20
2
20
9
20
13
17
19
33
1
23
34
9
0
7
5
13
17
6
14
33
2
30
4
27
27
23
21
18
34
4
17
18
12
11
5
7
36
0
35
18
