0
20
24
33
33
12
13
1
29
14
18
25
31
4
29
26
28
19
10
23
27
0
16
28
7
9
18
21
22
33
1
34
6
8
8
16
25
33
19
12
30
17
7
29
4
11
33
17
15
36
1
17
15
20
31
31
20
8
26
34
27
8
21
17
32
17
6
30
30
15
20
36
18
19
13
26
5
34
30
6
17
18
16
22
28
13
2
23
19
1
8
22
22
2
23
30
1
11
3
28
11
21
24
35
5
8
26
3
15
18
30
34
2
3
0
27
8
28
6
0
29
22
10
21
16
2
18
35
28
20
25
34
7
0
19
15
14
7
14
14
5
6
9
5
1
5
30
35
26
24
36
27
6
0
20
24
19
14
1
0
18
20
29
3
22
35
25
21
12
31
32
35
21
5
21
36
0
30
10
20
2
1
1
23
30
6
3
26
10
18
18
15
6
32
13
12
27
28
