3
35
7
26
21
4
0
24
32
1
27
12
7
6
35
9
8
35
26
24
22
14
31
15
9
4
17
8
33
4
21
36
24
23
22
35
32
5
5
3
27
11
22
21
27
17
14
8
21
26
1
18
13
12
28
31
6
36
17
17
5
34
27
2
22
14
9
32
25
21
29
24
25
20
16
37
37
16
21
28
22
24
25
11
7
11
31
25
32
1
15
28
30
30
34
17
20
4
35
5
0
29
31
0
28
15
3
15
31
14
1
24
9
29
13
15
4
21
30
34
23
25
30
10
28
3
10
19
28
6
1
9
28
16
27
25
33
18
2
13
30
35
35
11
29
4
30
26
5
6
26
0
21
8
15
13
2
27
30
18
6
19
18
14
12
31
26
8
27
2
28
29
28
26
5
27
30
9
1
6
18
31
22
20
12
31
10
23
31
10
5
3
11
27
19
24
12
