19
28
27
6
10
7
27
35
15
37
23
3
2
24
35
24
3
22
13
4
23
23
26
5
4
25
21
1
13
28
6
19
18
24
20
9
32
10
10
28
31
6
7
11
14
9
35
14
14
32
8
6
7
3
16
8
25
11
3
25
30
12
30
27
33
0
13
37
30
34
6
27
33
6
14
11
9
26
22
5
3
3
32
36
10
29
18
30
9
26
25
0
31
1
28
36
9
6
33
15
0
0
33
17
27
17
13
4
4
25
31
31
32
32
5
33
35
24
30
24
17
6
7
33
16
7
36
29
5
0
19
14
29
25
36
17
0
0
14
16
32
23
6
13
31
10
25
26
11
26
25
11
14
4
17
18
31
31
26
16
6
31
21
9
36
14
0
22
35
23
4
25
11
27
16
26
29
8
3
21
23
36
9
18
15
4
5
21
31
12
6
35
6
29
19
7
32
