17
5
27
25
1
0
19
34
11
35
17
19
19
28
10
20
10
26
12
3
23
0
36
31
11
6
34
35
18
26
28
4
33
23
25
19
17
1
19
7
27
20
9
7
11
16
23
34
14
21
1
18
15
1
33
27
17
7
1
34
25
27
18
14
23
36
16
3
36
33
15
21
36
24
32
3
31
34
3
0
15
27
4
10
4
24
13
21
27
7
26
2
29
18
29
35
26
0
21
14
34
14
11
3
20
26
19
16
8
35
18
32
10
29
23
10
27
17
36
31
2
24
3
14
32
33
24
17
25
16
17
5
14
3
33
25
16
15
9
14
27
5
23
32
35
20
14
25
20
2
28
27
34
7
35
21
34
22
16
34
34
3
9
16
7
3
36
0
2
31
1
29
17
26
10
21
29
29
35
34
23
11
15
9
14
11
26
17
8
3
16
8
21
33
17
15
8
20
28
26
