33
6
23
5
5
18
28
28
8
16
26
26
24
13
13
1
36
31
33
27
35
21
13
3
29
21
22
7
20
30
2
24
36
31
16
31
19
24
35
31
17
20
12
3
33
10
16
10
36
17
36
15
2
24
30
9
13
13
17
20
19
11
35
18
13
10
16
14
26
34
33
6
30
7
22
4
35
26
12
19
0
27
24
2
24
6
29
26
33
11
16
11
0
4
30
24
18
27
35
18
26
3
15
0
27
13
16
34
1
2
11
6
15
12
15
4
1
18
2
28
20
16
15
36
3
22
10
1
4
19
3
26
36
24
36
22
22
36
2
11
31
12
13
25
29
2
23
13
24
33
36
28
36
5
22
8
25
7
25
17
10
29
3
18
0
7
25
6
4
18
25
0
36
5
24
0
4
7
2
27
13
2
12
12
5
21
20
33
4
16
21
6
15
8
17
10
32
1
14
11
