34
21
17
24
5
18
15
33
31
27
15
15
14
6
4
35
21
15
1
5
18
19
27
14
10
1
28
33
10
22
16
16
9
5
32
10
34
31
18
1
4
20
36
16
36
11
27
19
11
35
29
26
1
6
34
33
22
33
1
23
30
10
7
16
7
25
28
26
16
2
24
31
33
12
11
14
17
7
4
2
14
6
19
17
9
13
20
17
33
19
34
3
18
34
6
5
1
16
2
4
32
3
6
16
0
25
14
12
14
18
30
0
33
20
30
25
16
25
20
34
10
27
16
6
8
19
4
29
14
25
28
22
33
35
16
3
0
17
29
34
10
17
9
12
27
36
31
6
19
14
36
25
16
20
19
23
9
1
35
23
35
34
17
12
26
3
23
8
19
14
36
8
9
16
29
7
6
24
17
22
9
23
28
35
13
1
26
15
2
6
36
6
3
25
9
33
19
27
