2
13
1
24
19
35
3
10
4
16
36
10
3
20
37
37
33
30
9
26
9
29
4
8
29
32
12
18
4
7
35
30
10
21
0
4
0
10
23
29
33
27
20
35
17
2
15
35
31
29
15
18
12
30
8
34
29
1
36
6
12
6
7
28
26
13
6
9
17
29
34
32
10
3
31
28
34
20
19
24
31
0
1
14
7
9
16
13
18
2
12
17
4
23
33
27
7
0
17
8
19
12
26
28
7
22
29
29
1
12
31
9
27
36
24
27
28
27
9
11
19
1
0
19
22
16
15
5
36
10
30
16
22
1
18
8
26
2
10
30
10
20
30
26
28
0
20
0
6
23
35
9
29
15
16
6
18
12
35
16
14
23
34
18
11
2
32
19
29
33
4
21
2
35
14
16
18
7
0
15
10
31
29
9
29
