26
25
36
1
28
25
31
7
37
16
28
0
31
14
2
5
0
17
13
31
33
3
22
19
22
3
21
0
17
37
37
35
3
19
29
30
21
7
2
15
2
35
1
8
22
27
37
31
14
25
4
11
3
18
11
5
30
4
19
2
14
14
8
17
35
18
23
25
29
30
25
15
11
31
26
17
34
24
36
31
13
11
12
22
27
9
26
26
28
31
7
15
28
33
21
3
36
32
16
25
26
2
13
9
4
22
10
17
7
21
7
14
9
18
2
23
35
2
7
11
6
15
35
25
15
14
15
9
7
16
20
10
15
35
15
22
2
22
29
33
26
22
7
10
33
12
17
7
33
14
26
2
35
26
30
25
24
4
0
13
36
5
15
15
2
22
19
36
32
5
29
12
19
19
4
15
23
18
32
35
29
1
36
19
18
15
25
18
17
6
35
17
8
1
35
16
1
36
9
0
33
