27
27
9
35
28
10
11
0
20
37
15
33
13
18
35
13
1
25
4
13
8
23
17
2
2
10
35
33
19
35
14
22
29
34
20
12
25
31
28
7
28
25
35
31
8
18
15
32
3
7
24
15
14
30
32
16
7
4
6
13
32
7
9
13
36
34
34
14
22
10
18
9
28
20
32
1
4
35
34
6
5
29
6
34
36
30
14
11
3
16
16
30
14
9
21
13
27
28
11
25
10
4
30
35
7
15
6
31
17
4
14
28
26
12
25
34
33
35
30
19
5
3
27
27
20
33
19
18
35
20
36
23
10
36
0
21
13
27
17
20
20
25
2
2
10
8
15
18
20
4
9
34
30
27
6
26
16
3
21
28
27
14
0
25
4
10
5
14
31
33
12
10
18
6
29
19
25
16
15
7
8
14
36
0
16
29
19
30
21
10
7
13
29
12
24
20
32
24
