11
2
13
34
1
4
16
3
34
26
24
11
36
4
27
16
17
13
35
25
29
3
28
11
13
2
13
13
30
27
23
17
13
4
17
18
24
14
32
30
4
18
3
16
13
3
14
20
11
15
5
33
11
24
23
36
26
2
11
32
26
1
19
24
34
12
30
2
25
9
35
14
28
26
20
13
10
6
18
14
31
3
32
26
20
36
13
9
36
11
7
7
22
35
8
10
13
17
14
13
19
23
28
23
35
35
35
11
14
18
12
10
34
8
31
18
29
17
10
0
37
3
34
2
4
16
4
36
2
26
7
0
0
19
5
6
29
20
12
19
22
12
5
2
26
3
19
5
16
34
18
21
0
5
14
24
5
13
20
13
4
25
13
0
10
35
28
3
27
27
8
17
33
15
30
9
19
24
25
35
24
2
10
22
1
6
14
28
30
2
26
5
7
9
21
19
9
25
25
0
