24
32
4
17
6
15
1
35
8
9
4
10
5
13
33
11
14
28
32
1
27
4
14
35
17
4
0
7
37
10
32
8
4
21
23
7
5
25
30
36
7
0
12
22
22
26
8
23
34
2
19
26
34
19
11
26
16
35
26
18
22
13
4
0
15
33
31
4
20
33
30
14
15
15
32
7
29
21
8
22
2
36
5
16
29
13
21
24
26
32
32
27
36
27
25
5
2
33
31
17
35
34
10
25
8
11
31
27
32
20
1
28
23
10
10
21
10
17
1
32
10
29
27
20
22
21
36
3
35
5
4
3
29
14
33
2
30
27
14
20
20
30
14
23
19
13
18
33
29
22
30
7
30
22
6
12
8
10
28
16
1
31
28
19
18
2
4
30
34
2
34
28
8
36
32
27
29
16
13
19
36
0
36
26
1
9
20
17
24
29
23
9
3
22
22
31
33
9
19
25
