30
6
35
18
30
13
28
37
37
10
2
12
21
11
9
19
15
28
27
20
7
21
14
16
6
11
12
10
35
8
5
31
20
34
36
5
34
23
22
33
9
7
21
31
1
4
1
9
28
23
12
13
35
22
35
23
8
7
17
26
19
35
13
24
26
11
2
10
36
3
12
20
19
2
4
31
35
23
13
11
31
31
36
5
1
21
33
9
20
18
1
18
30
30
3
7
33
23
1
34
36
32
12
23
4
4
22
31
6
25
31
31
13
29
13
14
21
19
6
7
5
12
10
13
22
9
21
4
29
21
25
6
14
1
13
1
16
11
7
36
27
15
20
9
8
14
2
18
34
19
25
31
22
21
28
4
36
4
25
26
24
16
35
11
33
30
15
18
14
8
3
9
20
36
35
12
24
21
17
4
21
29
5
0
15
27
6
3
8
24
18
29
10
1
18
16
18
13
