21
33
9
5
36
31
23
3
27
0
29
30
15
13
28
27
21
17
17
31
23
8
35
32
2
1
4
2
7
0
3
14
31
15
2
9
9
14
16
24
19
7
17
21
19
9
37
35
28
23
5
7
27
2
3
32
11
17
7
33
36
3
11
16
21
15
18
4
19
21
16
8
8
13
31
20
1
21
0
23
18
18
31
5
7
33
12
8
36
27
1
16
27
30
3
15
28
3
20
32
19
36
22
2
22
32
0
23
19
13
26
21
10
30
9
37
2
34
0
15
6
13
5
22
0
17
25
2
30
23
9
17
9
8
3
2
27
3
12
31
11
11
19
34
5
32
5
27
15
2
9
8
0
16
0
16
25
25
14
32
28
21
15
28
34
9
37
31
8
23
32
10
0
18
3
6
15
1
31
11
28
13
32
29
7
11
7
25
5
28
28
22
35
7
3
12
17
