22
30
1
35
26
22
13
23
20
6
25
4
7
24
33
23
33
10
34
3
13
25
9
31
21
24
23
35
5
20
34
14
17
18
23
29
16
5
34
16
1
21
35
14
25
33
5
15
10
34
7
33
18
3
27
11
17
28
9
28
12
7
29
17
13
2
5
29
9
29
28
22
10
35
22
11
5
17
9
3
12
36
15
2
8
26
1
11
27
6
0
14
32
10
23
31
5
23
24
9
25
12
36
14
2
2
1
36
21
10
28
2
23
30
27
35
32
18
32
11
34
28
25
34
6
15
2
13
3
27
9
30
21
35
28
17
19
10
3
2
10
17
14
1
27
20
15
0
25
12
13
16
12
11
33
4
31
4
32
9
23
29
29
22
14
3
17
15
27
3
18
0
5
29
27
7
30
19
7
26
29
24
5
10
0
13
28
33
31
31
27
6
18
22
31
5
36
5
23
3
