11
23
27
1
36
18
24
4
21
14
17
14
1
12
33
20
27
20
27
3
25
8
3
11
3
28
8
16
7
29
29
29
23
3
11
27
20
33
30
4
2
16
3
26
13
0
17
34
10
17
29
24
22
25
9
9
24
19
0
33
18
20
16
18
20
21
13
35
6
15
21
36
21
30
35
28
30
30
17
29
25
13
30
34
21
30
13
30
2
24
24
15
35
15
10
26
19
12
3
14
18
25
2
9
26
36
32
11
10
12
36
13
11
15
4
26
0
25
2
4
34
25
26
32
9
8
2
3
5
18
14
3
15
7
27
19
18
24
18
24
3
1
24
8
26
35
30
17
11
22
17
19
21
33
7
36
36
23
9
20
34
12
30
33
6
19
36
6
13
23
4
3
12
23
15
2
10
33
16
9
23
2
26
10
0
9
33
18
27
36
22
15
9
21
8
9
28
7
