33
6
27
13
23
29
2
14
6
3
19
36
34
2
15
15
0
24
15
17
36
5
5
25
32
31
31
10
23
19
33
13
36
36
17
29
20
6
1
17
32
2
33
12
14
8
20
17
26
20
19
22
21
9
13
9
33
10
35
19
14
8
20
9
23
14
11
6
11
20
16
2
36
32
23
29
28
1
21
13
7
0
5
16
22
0
24
5
20
4
16
36
5
15
2
31
33
26
6
11
17
0
21
10
26
24
7
4
15
2
16
20
26
35
29
4
8
19
23
28
25
22
23
30
5
10
22
0
4
27
33
3
11
8
29
16
22
23
6
26
32
30
1
31
10
15
14
5
25
36
2
17
18
36
10
13
7
36
13
23
17
11
20
5
25
9
32
30
4
9
20
2
22
36
8
10
5
19
33
23
32
22
15
28
33
10
2
23
26
23
14
8
22
35
24
33
22
26
17
4
