33
26
13
24
18
22
3
23
21
25
1
11
36
4
17
26
30
1
27
27
11
33
19
0
27
6
6
22
8
5
6
0
15
34
24
35
30
34
10
33
31
15
36
29
6
28
16
10
10
35
18
11
27
35
4
31
6
2
27
4
30
9
24
12
9
30
8
22
14
27
23
23
21
31
15
9
32
13
15
29
33
10
3
16
17
35
16
21
13
19
16
29
19
27
31
3
0
10
36
17
21
22
14
1
30
25
18
8
30
2
33
35
9
21
20
12
22
9
2
35
36
15
13
33
8
19
36
6
0
32
3
15
4
35
15
31
11
5
1
28
9
36
16
26
1
27
19
2
11
14
36
12
21
16
23
11
28
29
30
16
9
7
30
10
31
27
6
10
12
6
12
13
31
2
7
34
28
36
6
17
18
33
36
6
34
34
18
21
29
31
20
32
8
14
8
4
27
