17
3
16
12
10
18
11
8
1
30
8
16
16
31
9
23
34
25
15
21
15
29
27
13
3
13
7
27
25
22
27
31
25
36
26
25
8
19
2
12
13
36
24
28
10
5
33
28
18
23
12
7
10
19
29
24
32
20
17
35
23
28
16
14
33
6
29
22
22
35
13
24
0
13
5
35
28
17
13
14
13
27
23
3
11
19
26
1
32
36
7
18
8
36
30
31
0
33
25
13
1
31
22
5
10
22
25
31
0
15
17
10
10
14
1
11
6
5
33
22
16
32
33
22
16
31
12
29
22
12
28
36
18
21
0
37
37
16
1
36
21
33
20
8
16
1
13
18
20
3
4
12
16
14
22
7
0
7
36
0
15
9
10
33
19
36
12
13
16
18
36
29
31
26
16
33
5
15
34
35
15
30
33
31
16
30
5
9
25
24
28
9
5
5
22
12
13
11
8
9
5
