36
22
25
6
23
17
31
1
14
4
31
10
31
23
8
16
3
12
26
25
34
28
10
32
10
1
12
6
14
4
7
15
31
21
24
19
12
30
22
9
6
6
17
23
32
34
21
9
6
9
28
1
35
35
13
7
29
1
12
27
30
32
13
10
20
22
11
21
19
20
2
5
2
32
12
19
8
20
12
31
12
23
16
34
2
24
1
21
17
31
3
36
3
1
31
2
33
36
25
6
10
35
30
23
19
31
36
23
10
20
14
34
24
28
21
27
15
20
20
0
11
18
7
25
18
16
16
23
25
12
16
26
6
36
36
30
9
32
35
25
10
10
31
18
5
26
9
8
30
11
21
12
22
27
21
33
7
24
6
18
3
19
34
10
25
17
7
21
25
26
28
1
22
20
1
10
11
8
7
10
4
25
17
30
13
36
21
33
6
33
31
3
11
34
3
30
0
17
