20
2
8
10
9
17
19
0
2
36
4
14
15
27
5
19
1
6
32
22
33
26
33
23
22
23
31
9
30
34
6
35
14
26
31
1
16
9
30
30
6
3
32
6
7
33
24
26
24
17
0
30
11
9
8
18
8
9
0
13
35
24
36
3
21
24
21
25
19
1
8
10
20
15
2
6
5
20
34
29
18
24
29
12
32
14
6
21
15
1
17
26
1
23
28
3
19
1
23
11
6
0
3
4
28
32
21
28
12
28
4
13
9
13
11
2
2
7
13
2
11
36
26
34
29
32
30
26
29
14
24
17
1
35
1
17
32
13
24
18
0
21
36
16
12
9
24
29
2
4
31
9
3
9
17
10
8
5
17
1
32
32
8
35
3
14
20
22
3
32
19
9
30
9
8
17
36
35
36
7
33
22
12
19
0
7
36
14
26
29
35
5
10
34
27
3
26
27
29
13
1
24
6
