23
36
3
24
31
20
30
2
28
1
30
16
26
16
4
32
26
21
1
4
17
14
33
7
26
34
24
21
0
34
36
21
30
15
0
18
30
34
28
33
25
24
33
23
6
7
0
36
10
12
19
24
30
32
2
5
0
24
9
6
23
9
3
11
17
4
2
35
1
17
17
9
23
14
11
35
24
17
17
25
31
23
34
0
31
33
19
27
32
3
23
25
15
2
33
25
4
24
12
33
11
11
15
1
7
31
21
24
25
8
32
8
12
3
34
11
1
36
36
25
33
28
3
23
21
19
14
36
27
9
36
17
23
15
15
15
1
26
10
28
23
19
27
1
17
34
31
9
12
30
6
29
18
17
0
26
12
7
33
3
20
7
0
22
18
4
5
31
13
17
30
19
4
4
32
33
36
33
4
17
11
15
26
21
36
10
35
36
35
14
23
20
25
33
17
10
27
6
