8
6
1
17
35
11
36
2
0
23
8
33
12
36
10
13
7
16
26
26
22
24
15
34
33
12
5
23
21
1
26
21
34
27
13
22
16
30
4
12
11
1
23
12
16
31
22
28
32
22
25
31
8
19
36
0
13
21
4
3
25
1
23
9
20
28
31
29
25
2
17
9
6
35
21
28
12
23
36
33
1
9
35
20
29
16
20
12
13
26
30
27
18
15
36
16
1
13
31
11
36
24
8
9
19
32
21
8
24
35
22
19
18
6
19
31
29
25
23
32
17
36
15
18
21
8
11
22
14
36
31
34
36
25
20
35
22
23
29
26
5
29
0
18
30
31
20
24
36
24
32
29
16
35
30
3
34
29
27
29
2
29
9
22
9
4
11
9
10
8
32
18
34
12
24
3
9
3
34
5
19
9
17
10
10
0
28
28
4
35
23
25
10
11
13
30
3
23
