33
30
24
25
23
7
2
15
15
25
31
4
20
10
27
31
26
3
24
6
0
4
4
28
19
20
24
15
15
19
1
21
12
35
23
14
19
30
21
23
18
29
4
24
10
26
17
11
15
11
1
13
21
26
22
16
4
6
19
13
24
17
32
10
21
23
34
15
2
23
32
22
5
21
30
36
18
31
27
28
31
31
9
7
21
1
22
3
23
26
15
35
18
2
32
16
5
5
4
0
0
15
19
1
22
24
19
0
25
22
2
34
34
15
23
6
13
15
10
1
36
36
27
10
27
24
1
13
4
25
19
8
19
6
26
35
32
35
27
7
18
29
2
7
21
1
12
0
24
33
14
29
3
23
30
8
5
10
4
0
11
36
20
33
2
29
14
27
19
26
33
22
9
35
31
20
11
14
36
16
6
12
17
2
13
32
31
15
5
4
28
2
28
5
8
9
8
