13
6
12
8
0
28
29
6
10
24
6
1
33
34
9
17
14
23
27
9
35
30
11
34
7
13
32
17
20
14
11
3
33
32
32
4
30
10
25
12
15
14
35
1
5
32
35
22
2
15
0
22
2
28
2
26
16
15
32
20
25
18
23
25
29
33
12
21
26
10
14
8
29
21
15
19
8
24
23
27
15
14
30
22
32
30
14
24
11
33
19
10
8
19
30
5
11
3
10
29
36
16
11
7
5
21
33
20
32
36
22
0
3
12
2
34
3
16
21
33
7
25
28
31
22
26
19
1
17
16
25
23
36
36
27
35
10
24
33
2
32
7
16
28
4
29
32
22
34
16
32
30
34
32
2
33
2
33
20
19
35
18
5
2
28
2
21
23
18
30
1
13
25
2
13
33
27
6
18
35
11
3
16
18
13
2
3
18
30
3
36
31
36
0
18
14
3
7
18
