8
9
7
15
22
31
4
4
33
21
20
23
20
13
17
33
9
30
36
23
31
20
7
18
27
5
31
11
35
22
1
8
2
4
11
14
32
26
7
2
17
23
27
15
28
23
0
8
36
21
32
2
9
17
30
27
23
13
15
28
5
1
10
29
28
27
3
5
33
16
22
19
15
31
0
24
20
20
35
11
33
28
33
3
7
33
30
14
9
15
34
11
8
12
23
29
17
36
5
23
21
31
25
0
0
28
14
6
14
5
21
10
29
19
11
4
8
33
14
17
25
6
23
35
14
10
7
25
2
32
5
11
12
26
11
23
19
31
0
20
34
18
10
17
15
0
36
7
8
12
30
7
30
36
22
13
23
10
18
18
31
13
3
22
2
7
12
2
20
7
35
8
8
16
20
10
14
1
14
17
34
34
16
24
30
15
29
0
2
5
19
2
30
24
17
4
4
