21
12
28
34
23
17
26
9
30
18
6
22
20
9
17
35
20
16
25
24
6
15
27
6
14
9
35
30
31
14
29
21
31
4
26
14
22
14
11
9
0
3
25
14
0
21
35
27
24
17
21
21
31
24
24
11
32
27
18
33
21
26
23
7
25
9
21
3
21
32
25
0
9
2
3
30
30
25
14
27
10
5
0
20
14
20
30
5
3
32
12
22
8
2
5
0
16
3
8
27
15
30
22
14
20
36
6
2
10
33
34
8
22
0
34
24
7
31
36
4
28
0
12
12
2
28
12
33
3
30
33
4
24
2
9
4
10
22
23
4
13
8
6
3
17
27
5
17
12
5
21
3
8
3
25
35
3
17
2
24
1
6
28
22
32
14
22
10
24
33
9
24
10
12
13
22
31
10
36
24
27
15
23
15
27
13
28
17
14
1
15
36
32
20
30
14
1
35
20
