11
13
31
14
29
32
30
23
21
30
23
1
23
1
11
21
9
16
6
11
4
15
13
26
17
36
6
1
11
11
26
29
3
13
14
15
29
18
33
3
2
31
36
14
36
1
5
26
20
9
32
24
26
26
21
14
7
28
24
36
0
2
22
18
19
13
20
15
8
20
27
15
33
24
20
20
28
31
5
19
26
36
16
2
18
30
27
21
26
36
2
27
22
7
2
4
12
9
12
32
8
21
0
26
21
13
25
30
13
32
36
29
10
33
25
22
7
34
26
26
13
22
30
16
18
5
6
12
18
3
4
17
31
34
30
0
27
17
12
10
16
19
6
19
35
5
35
18
27
6
4
22
29
29
19
5
5
25
30
26
8
2
18
1
18
25
14
10
5
2
30
36
3
0
12
34
6
12
21
24
35
30
7
32
25
8
19
26
12
34
24
26
36
25
9
14
0
27
12
29
