29
17
32
22
9
3
13
7
34
7
31
5
26
12
24
32
18
8
28
28
10
6
16
11
2
11
4
35
6
35
8
17
19
0
13
27
5
33
29
22
12
30
32
33
15
24
23
22
35
10
36
9
9
36
17
23
10
29
35
9
30
21
33
24
12
34
15
22
7
24
16
3
6
30
3
0
1
19
27
25
5
9
17
2
32
21
12
9
24
23
2
4
25
20
11
10
36
18
35
32
34
2
16
16
21
12
11
19
14
15
35
31
20
29
1
18
8
3
12
29
3
23
14
24
12
9
24
9
16
16
4
22
7
36
22
15
35
23
25
7
27
5
8
29
0
36
4
4
35
1
25
16
32
31
36
9
15
18
23
28
7
35
32
26
27
26
27
34
25
20
27
33
8
19
19
3
19
24
9
27
2
12
30
10
18
15
17
9
33
8
28
7
30
5
5
32
31
14
4
30
19
