18
21
14
18
28
36
13
30
33
34
16
19
1
5
28
1
3
0
9
10
22
11
27
27
1
30
30
21
29
31
6
22
28
18
14
36
2
29
15
21
17
4
5
3
33
4
16
7
10
20
1
30
20
2
15
6
25
0
18
18
21
5
27
14
4
22
36
17
18
35
30
14
28
11
30
18
1
22
7
22
5
27
14
3
26
26
14
30
30
20
28
34
23
17
16
18
35
11
12
0
7
24
9
19
21
16
19
8
16
0
10
25
5
11
36
30
11
31
20
0
11
5
36
13
36
36
16
31
19
35
6
6
36
1
16
8
6
13
24
7
5
31
1
27
31
1
7
8
34
3
24
14
4
27
6
15
3
10
31
8
8
24
1
1
6
30
23
6
28
2
5
6
22
6
34
20
1
11
17
33
33
29
30
19
36
35
26
8
21
23
0
29
29
0
23
20
3
21
7
