14
25
33
31
32
25
8
29
22
21
5
16
36
11
4
27
31
23
0
19
34
19
10
12
29
34
29
24
25
17
33
5
13
8
0
30
4
25
34
29
16
22
36
25
24
34
9
13
32
32
11
1
35
14
14
28
8
15
0
22
1
3
4
11
18
21
30
32
10
33
11
11
21
36
33
32
34
8
13
33
17
17
3
13
2
35
20
15
11
7
18
15
20
1
4
23
22
11
28
8
23
0
7
12
24
8
9
32
22
31
3
28
12
7
27
22
36
0
6
7
13
28
22
19
35
23
4
21
34
23
23
33
17
16
35
10
31
21
2
25
28
22
18
7
34
10
4
24
14
27
10
30
22
29
32
11
15
10
23
19
17
9
13
17
19
20
30
34
25
13
25
16
30
5
15
20
14
18
6
22
14
8
18
6
19
15
35
31
25
10
17
1
31
26
15
30
10
4
