21
6
1
20
14
27
25
16
33
25
17
28
32
10
32
27
14
23
26
1
4
7
16
32
30
32
3
15
15
12
27
3
13
31
4
32
32
18
14
31
32
33
8
18
14
29
26
10
36
26
31
1
9
4
34
35
8
28
22
31
22
25
4
32
16
15
8
19
35
28
25
15
15
6
22
34
18
30
0
20
19
26
14
17
7
36
3
30
16
36
7
17
17
12
20
18
30
1
6
9
21
6
30
7
4
34
24
0
13
13
8
6
3
6
14
5
23
0
7
34
34
3
22
10
19
5
15
18
28
1
22
16
18
8
16
20
18
8
28
25
31
2
27
1
12
29
0
14
2
18
34
6
2
29
8
3
1
11
7
4
1
33
11
1
36
27
7
1
26
21
15
13
23
22
2
36
25
19
13
0
1
32
0
22
33
9
0
6
16
2
1
25
10
16
34
25
18
15
15
30
22
