37
28
36
4
20
33
34
31
16
18
24
24
30
28
5
31
21
22
36
19
13
16
27
21
3
6
32
4
26
33
32
33
27
16
20
21
8
24
2
6
5
21
29
9
11
6
24
35
22
2
0
26
11
32
4
29
35
17
29
31
2
7
13
31
32
27
3
11
27
19
24
28
33
20
10
18
26
28
23
21
11
13
31
34
31
3
20
20
24
18
27
24
2
26
32
32
2
19
34
27
5
10
24
35
12
36
32
0
1
14
12
24
22
11
34
3
22
34
34
30
29
4
26
33
25
28
8
24
18
4
16
14
10
2
2
35
9
8
34
20
34
18
5
2
35
20
14
17
34
26
22
27
17
12
29
30
31
24
16
29
9
24
5
22
19
35
11
33
0
20
36
3
27
6
19
26
7
29
2
22
11
2
29
7
22
14
28
23
8
18
27
23
15
13
13
3
0
16
20
9
