2
12
1
9
5
10
26
21
17
34
34
9
31
33
32
29
22
20
33
13
12
36
12
11
33
15
15
4
7
15
10
6
35
28
28
5
20
8
12
16
12
16
20
6
2
15
14
19
27
33
23
36
34
26
7
5
29
17
24
12
16
21
6
36
9
18
8
29
32
1
18
19
9
4
16
32
3
26
24
5
0
28
28
4
5
9
36
0
26
17
28
0
31
4
26
27
12
17
25
35
17
12
33
6
33
25
25
31
32
34
28
19
1
15
1
33
26
22
26
27
6
26
15
34
31
18
21
30
25
27
17
6
22
27
35
21
15
21
33
15
16
8
0
2
10
27
1
26
2
15
10
15
27
15
13
22
30
16
9
7
0
27
12
7
0
14
11
7
2
36
26
4
8
14
3
6
10
25
2
30
16
0
15
27
11
25
30
8
35
17
4
29
21
10
4
10
22
21
