14
2
36
2
6
9
2
35
26
20
2
20
21
29
21
24
14
35
32
6
19
23
26
30
16
36
15
30
6
17
19
6
27
10
29
15
7
1
9
33
15
4
4
19
12
34
21
24
30
3
29
10
25
30
1
1
27
4
21
30
16
26
3
22
31
2
22
9
23
31
31
8
16
14
20
23
13
3
27
30
10
18
33
21
10
7
33
16
18
24
1
35
16
22
36
27
6
21
25
35
13
11
31
28
35
14
4
21
16
6
9
33
15
20
26
10
9
18
11
31
15
35
27
29
7
30
8
16
19
30
18
9
3
27
26
34
21
9
0
26
20
31
13
32
24
25
27
28
24
34
20
14
17
27
8
27
2
28
35
21
34
19
6
29
0
32
7
17
8
25
29
9
18
32
25
13
19
4
16
8
32
19
5
5
0
3
22
11
27
10
13
33
34
12
26
0
26
4
23
25
16
