4
29
32
17
0
13
11
29
11
31
22
15
24
27
2
13
31
35
5
30
5
5
21
17
7
31
16
34
1
22
32
1
3
34
17
6
19
2
22
12
7
29
30
24
3
20
10
24
25
16
34
20
6
27
9
35
4
24
5
36
13
26
22
17
14
18
32
6
13
13
11
21
1
0
36
2
15
3
25
14
10
36
4
33
34
1
19
2
10
21
33
15
6
8
31
25
22
25
22
5
13
2
21
30
7
25
4
5
27
19
16
5
14
16
19
14
19
31
31
34
25
33
6
35
11
23
16
3
5
35
1
25
16
34
22
9
2
23
21
14
2
14
27
20
36
7
32
0
21
25
31
8
35
27
26
26
28
17
3
17
22
10
33
7
7
17
20
30
9
10
1
28
29
24
18
35
32
17
17
12
35
29
18
15
33
34
2
12
18
21
23
35
35
18
16
0
22
4
16
11
