15
31
25
23
32
11
27
35
16
33
23
2
4
2
28
30
19
18
7
30
17
19
13
33
13
12
11
27
33
28
2
11
4
18
19
27
20
15
34
35
34
17
36
0
24
8
25
30
20
29
28
27
23
14
4
35
36
0
8
11
11
36
16
22
34
3
30
22
1
2
30
33
10
7
28
3
3
2
18
27
8
14
12
5
1
14
19
7
13
21
34
6
0
17
13
31
36
21
35
16
4
3
22
33
8
21
23
9
16
17
10
2
13
7
0
30
13
30
30
29
13
25
14
33
30
14
1
12
27
36
16
2
17
36
22
29
17
8
25
28
18
11
12
27
11
13
30
9
35
18
30
5
26
13
14
2
13
25
8
13
7
33
24
8
18
21
22
17
26
29
20
18
23
36
14
16
16
15
14
23
35
28
8
4
26
4
14
4
34
4
5
25
15
10
28
36
