31
32
32
25
26
0
27
16
20
36
2
15
10
10
18
16
22
27
19
24
31
14
10
18
19
27
1
9
4
20
24
31
2
34
26
36
16
22
5
11
28
5
24
18
34
27
32
2
5
28
28
9
31
24
17
26
19
5
31
11
26
9
11
12
32
28
29
0
24
15
31
32
6
6
36
24
34
0
26
36
23
7
17
4
1
1
8
27
3
7
14
29
13
32
16
17
25
28
29
16
8
7
31
21
17
33
12
8
29
15
25
21
33
0
26
23
9
20
0
30
11
21
32
12
34
12
13
8
27
9
4
6
33
12
17
8
0
25
22
29
15
26
17
29
4
30
19
25
20
12
35
36
8
30
15
21
23
14
28
12
16
8
4
7
14
29
30
6
23
35
29
10
12
9
10
23
11
11
26
5
14
24
19
12
16
19
25
2
3
28
5
14
15
9
26
25
5
11
11
28
3
22
