21
22
8
35
14
32
1
15
36
10
10
16
12
20
28
2
36
21
11
2
15
9
30
19
24
27
33
6
34
31
5
17
18
1
27
6
27
1
11
12
2
16
24
18
35
20
35
36
35
8
10
6
6
28
36
18
27
1
10
23
12
11
23
32
13
32
4
3
8
30
29
13
16
17
17
32
12
13
9
33
35
6
34
12
5
3
25
32
25
7
33
2
23
12
6
20
9
23
5
1
30
15
36
27
30
18
36
34
22
21
29
36
35
0
2
30
21
5
34
30
36
23
4
14
8
18
12
6
26
29
26
11
21
18
30
29
13
11
13
33
32
26
5
35
25
7
29
22
30
7
10
23
0
0
9
15
16
2
35
23
7
1
10
28
26
19
28
27
18
35
32
23
10
5
28
21
8
18
5
27
9
34
1
8
34
11
36
8
34
22
18
17
12
15
22
16
0
12
