7
15
13
11
22
15
14
25
25
10
21
12
19
9
29
34
22
22
34
24
25
20
26
34
7
19
11
13
13
9
12
31
21
7
15
5
33
35
32
6
6
0
16
20
7
18
16
35
16
36
1
8
5
23
25
24
4
12
15
28
0
25
17
24
22
35
21
18
31
23
30
22
0
26
20
11
8
17
11
15
27
9
17
9
0
12
15
18
32
20
33
30
35
7
0
26
13
15
21
9
0
12
36
15
5
14
19
26
23
29
34
22
8
36
29
33
6
20
35
19
23
1
14
26
6
5
31
28
33
8
24
26
5
21
16
35
10
31
9
7
35
28
7
29
26
17
2
30
35
15
28
10
3
13
29
35
7
28
9
6
31
21
29
12
31
26
14
18
8
19
13
23
34
18
4
25
23
13
14
28
28
32
9
14
22
7
4
36
29
4
2
30
18
16
21
29
