12
0
26
30
30
13
36
9
15
2
13
29
17
29
17
13
16
32
26
12
27
2
28
17
13
5
32
21
14
16
23
23
6
25
16
25
15
28
11
27
8
10
15
6
6
12
14
10
36
33
15
22
35
36
4
28
22
28
35
29
5
5
28
7
31
17
29
0
1
24
17
15
1
19
36
6
5
7
18
27
28
32
31
3
9
16
6
0
30
20
30
25
10
12
35
13
26
27
31
12
10
30
19
15
14
15
21
24
31
10
8
4
25
7
23
18
29
8
16
26
10
26
32
12
30
17
18
7
30
31
20
28
2
2
36
28
23
34
13
22
5
4
12
36
35
29
4
5
26
16
34
7
31
19
8
9
25
18
19
21
23
27
12
8
12
17
14
29
3
2
11
35
3
29
4
14
17
18
32
28
3
2
5
4
5
4
31
36
12
19
16
28
34
30
18
24
2
11
33
