33
27
21
5
29
16
29
13
10
34
15
24
7
26
8
5
5
33
13
33
3
13
16
26
0
2
28
25
12
21
16
6
17
25
14
27
4
15
27
33
32
11
31
26
4
9
34
36
3
14
12
34
5
33
11
19
11
32
13
31
35
22
7
5
30
14
4
28
15
6
10
13
17
17
8
27
34
5
10
15
33
20
32
19
2
8
12
32
6
10
30
26
15
35
36
3
35
25
9
26
1
17
24
1
20
2
31
7
24
9
19
1
36
16
14
19
31
12
35
27
16
5
29
14
1
32
4
3
24
26
12
23
20
18
12
7
19
15
19
19
13
35
3
13
10
30
28
5
12
24
27
12
3
5
21
23
27
15
10
3
25
33
15
25
1
16
33
0
15
21
11
0
18
29
33
20
25
21
19
13
11
0
14
19
27
7
22
13
30
15
0
28
1
33
0
26
24
3
