10
21
28
5
33
14
7
26
19
11
32
19
0
24
12
34
3
16
19
18
15
26
34
23
33
22
19
9
23
24
33
8
9
8
15
22
15
13
8
5
18
1
6
17
23
6
13
13
5
34
35
13
8
19
1
11
22
8
0
19
10
18
18
23
5
10
6
27
19
29
0
15
19
3
18
11
31
12
29
12
19
35
14
35
3
14
4
2
31
32
28
18
5
25
13
19
13
7
0
22
31
3
18
6
16
0
13
34
14
30
9
16
23
34
4
20
32
27
5
17
22
35
29
25
34
1
24
18
1
8
29
23
29
15
32
4
32
5
2
8
31
1
10
34
2
0
0
18
26
28
33
0
31
2
14
17
29
9
25
11
15
21
18
28
13
18
0
22
9
5
1
2
29
12
34
4
10
9
12
10
17
11
33
12
10
4
30
14
30
20
26
5
11
28
8
26
14
