33
35
14
16
24
29
16
15
29
33
20
4
9
12
0
21
6
33
23
4
4
14
36
32
2
23
26
0
13
36
7
3
30
21
13
20
1
6
11
23
0
24
10
3
10
23
28
2
19
24
32
33
25
25
36
15
17
26
32
17
29
25
8
28
15
2
15
32
21
30
31
29
6
31
34
8
25
22
1
28
26
21
2
8
32
28
7
8
25
35
11
33
9
25
23
32
16
4
26
3
4
0
32
15
26
21
23
14
22
26
4
34
32
2
25
16
14
19
6
36
0
26
21
16
20
24
13
3
26
31
25
7
28
27
13
29
20
34
6
26
24
24
23
7
7
34
33
12
30
16
30
5
14
16
29
8
35
31
36
22
24
4
12
8
19
5
14
20
5
8
20
30
25
4
19
20
2
2
19
5
29
17
23
26
13
13
18
35
4
29
7
7
8
16
36
5
31
35
29
