19
16
18
27
32
14
0
31
15
18
25
6
21
25
16
0
2
36
12
22
16
5
6
24
1
23
19
26
32
20
17
3
23
27
0
12
1
30
35
13
18
5
4
8
4
26
17
29
33
14
29
35
21
15
8
8
1
1
4
23
26
17
8
18
12
2
17
18
24
10
36
33
11
28
14
1
20
34
22
28
18
3
20
7
0
31
17
5
31
32
23
19
19
24
19
21
31
10
14
34
10
15
14
12
30
11
20
3
30
19
28
30
35
36
34
24
15
33
1
32
35
5
14
9
0
22
20
20
13
23
27
14
21
24
26
2
36
26
29
20
23
24
32
34
36
11
24
28
35
36
4
14
4
35
34
25
0
26
6
34
32
36
27
24
27
33
1
22
19
28
3
2
13
28
0
25
28
3
10
10
14
34
32
4
34
18
11
29
22
1
16
9
32
4
17
14
35
