13
7
17
6
17
3
26
3
13
29
26
7
24
2
5
8
28
28
24
4
22
21
36
34
21
27
2
5
0
26
34
31
16
8
36
11
34
26
36
7
30
0
29
34
16
21
8
5
8
35
11
9
22
1
10
24
3
29
26
6
2
13
25
3
24
17
22
12
11
26
6
23
18
21
30
32
0
28
27
17
21
32
34
25
9
24
2
11
20
12
31
35
35
0
26
34
18
12
28
20
8
4
30
21
19
26
10
16
19
19
36
22
32
16
17
4
0
2
31
32
21
21
36
23
6
28
34
32
24
4
3
5
20
25
8
27
32
32
11
0
13
25
9
22
5
16
32
32
4
1
24
32
8
6
15
14
17
35
33
25
14
24
21
22
21
36
0
15
0
32
21
3
5
1
7
22
4
35
17
30
14
23
1
2
1
21
2
31
12
7
2
3
29
19
27
18
13
36
12
31
22
21
