36
22
36
22
24
1
13
19
32
17
9
17
36
10
33
31
8
33
6
16
8
3
2
2
22
32
7
27
31
17
12
1
10
5
17
28
22
0
13
15
30
36
27
0
7
7
1
7
33
32
17
32
1
8
33
33
36
2
36
20
4
7
20
31
12
7
15
28
34
7
6
1
14
11
13
7
6
28
26
14
16
0
20
26
17
18
33
4
16
27
24
29
28
26
20
4
27
15
23
36
15
34
31
30
28
27
34
29
21
17
22
4
21
15
3
25
17
9
3
11
36
30
16
19
11
13
6
29
17
16
29
5
0
34
1
21
7
16
10
10
11
5
30
35
16
11
3
26
27
22
3
12
15
14
16
35
3
1
24
25
30
24
21
21
17
1
6
14
30
7
20
23
31
11
32
31
20
1
5
22
24
6
1
31
26
18
36
32
23
13
9
33
30
18
9
34
