33
10
33
23
29
29
25
11
27
9
32
13
7
9
20
15
2
35
2
15
3
21
25
24
29
20
6
1
26
5
33
26
24
35
5
27
30
32
35
19
30
5
10
21
15
20
16
32
9
33
17
24
19
36
20
30
31
10
8
35
19
18
34
15
9
2
3
30
24
21
29
22
28
15
10
7
27
12
2
25
28
17
30
30
8
15
15
1
25
24
7
22
35
23
6
7
17
8
5
24
17
12
28
35
29
16
9
17
2
36
20
10
22
28
36
18
7
25
0
7
7
36
20
10
24
20
19
18
35
14
32
16
15
16
23
21
13
35
16
29
22
5
32
35
34
10
14
9
29
20
11
18
31
9
31
1
17
5
14
26
10
31
11
34
3
15
8
8
24
21
29
16
20
31
19
4
34
8
2
1
35
26
6
15
22
18
34
20
26
13
15
18
21
29
1
12
