20
24
16
13
16
33
5
33
36
18
25
34
16
5
36
15
22
33
12
1
8
6
32
13
33
18
35
30
27
24
31
10
11
31
25
0
5
18
23
31
2
2
2
1
1
34
6
22
13
20
11
25
33
35
10
27
31
31
27
16
1
33
14
1
14
30
12
31
14
17
31
10
21
1
29
3
32
18
23
5
12
13
9
25
34
21
27
34
30
36
3
22
22
3
14
13
12
17
26
32
11
24
20
26
22
29
20
19
35
1
20
4
33
30
10
22
9
36
29
18
36
8
0
14
9
36
1
28
2
8
25
33
29
33
22
32
0
0
30
27
21
32
10
29
11
33
29
18
0
12
10
3
35
14
21
17
20
28
26
11
13
29
12
27
7
5
35
16
13
36
0
14
14
1
3
29
15
9
34
16
26
7
15
31
30
21
31
13
26
31
30
26
23
24
31
8
9
0
28
5
13
