29
3
2
11
11
25
33
31
3
5
0
11
36
32
3
36
7
28
24
36
12
13
24
17
12
8
3
8
4
3
29
12
34
23
9
16
24
23
26
13
17
15
34
36
17
19
5
20
11
11
19
23
27
10
1
16
25
2
33
18
33
25
13
8
19
19
7
15
31
13
23
26
24
12
12
28
28
6
3
14
6
35
15
1
17
4
34
35
15
1
1
21
27
8
31
20
24
9
3
21
12
0
13
10
25
8
36
22
19
1
4
20
36
13
14
26
28
30
5
26
7
1
9
19
18
35
15
13
36
18
16
9
35
21
6
31
1
8
32
22
0
0
27
10
24
36
24
29
36
0
1
25
32
21
15
8
15
15
6
29
26
3
12
5
21
11
17
24
29
36
2
16
14
18
21
19
35
36
36
11
29
29
1
29
31
15
5
6
14
9
33
8
20
30
19
4
34
34
