28
30
11
30
14
36
36
6
2
18
5
1
11
6
22
1
11
2
34
32
25
24
26
9
24
14
12
15
11
0
22
34
36
16
15
6
8
27
13
28
1
18
27
14
20
2
17
3
14
17
7
26
13
4
3
33
19
33
36
30
29
0
33
7
31
13
3
20
0
7
33
33
26
1
31
6
6
16
21
25
20
25
6
0
4
14
25
22
14
33
28
4
8
12
0
34
24
35
12
25
34
26
27
9
18
32
9
28
5
25
16
15
19
0
25
28
17
18
36
1
2
25
4
14
1
32
7
32
20
2
10
7
1
0
18
8
33
14
15
8
28
18
18
35
22
23
12
8
31
34
7
33
24
31
33
1
3
27
22
3
29
33
30
8
36
22
12
14
1
8
7
8
26
8
18
36
31
22
31
12
25
1
14
25
14
29
4
34
36
16
12
24
23
30
33
25
24
0
9
0
