11
2
19
9
27
1
13
5
25
33
26
7
5
32
27
5
25
2
34
27
2
20
24
7
6
26
14
17
24
16
12
36
17
19
19
10
8
7
33
14
33
22
36
17
32
26
21
21
35
36
2
22
14
36
28
15
35
6
23
29
11
34
13
18
20
6
17
16
8
10
31
0
12
17
25
2
8
15
5
29
28
27
4
6
18
15
5
33
2
34
18
1
33
1
16
25
5
21
6
32
1
36
29
13
11
15
8
10
12
20
17
13
25
18
1
31
12
3
20
17
0
20
3
13
32
3
35
4
14
8
21
13
15
18
7
26
34
12
3
4
8
2
10
15
7
19
20
30
29
26
7
29
24
24
9
2
35
22
24
3
2
19
31
0
11
29
22
21
6
9
4
29
2
20
36
18
32
5
35
35
7
28
6
19
22
16
28
32
11
12
7
27
33
33
21
21
