21
0
1
29
27
11
14
31
32
11
1
5
4
15
14
31
29
19
28
16
24
2
19
15
22
23
14
30
8
12
5
34
6
19
31
25
30
20
8
23
9
25
1
21
31
34
10
1
31
32
18
0
29
13
20
19
28
30
30
10
3
11
29
26
11
14
30
3
17
13
17
7
13
14
24
28
3
10
29
8
1
35
17
36
6
34
16
14
2
30
18
34
23
36
26
20
30
32
14
28
9
2
29
21
34
12
2
9
2
34
12
27
19
14
27
13
8
4
33
31
12
32
19
26
12
31
31
14
18
2
8
36
10
27
10
30
18
5
5
12
21
0
17
16
23
29
15
14
23
13
19
19
4
13
34
33
22
5
35
1
31
24
35
2
22
29
16
32
21
8
21
22
2
0
36
18
34
21
18
28
13
15
13
26
19
25
2
4
12
6
1
35
16
10
8
16
34
8
14
