5
23
36
2
0
21
25
14
18
33
35
18
29
18
29
2
32
31
23
12
26
16
20
17
35
30
16
33
3
34
36
35
7
1
11
28
20
8
33
3
9
36
17
20
27
27
5
31
15
33
29
15
16
31
1
33
18
14
4
34
30
2
23
35
16
16
35
20
29
28
11
35
0
33
30
31
6
15
17
1
5
6
2
0
23
7
29
16
7
18
1
10
19
32
12
1
29
29
18
10
4
25
5
36
15
21
32
25
10
34
23
17
1
4
4
17
25
7
25
6
13
17
5
1
20
6
32
35
27
33
10
5
16
13
8
18
32
6
34
30
10
2
1
20
20
34
1
0
3
5
23
15
27
18
25
18
1
34
12
29
34
7
7
34
10
5
11
4
5
4
3
23
12
2
32
22
29
32
35
4
18
24
26
3
30
19
5
8
27
26
26
35
11
4
17
6
33
24
2
28
15
26
16
