25
32
8
7
29
15
26
13
23
1
1
33
27
32
36
33
16
9
8
13
11
30
23
13
2
26
12
35
23
24
36
6
15
29
2
31
19
7
26
30
0
25
1
4
7
13
22
11
24
2
36
1
13
15
27
9
6
14
19
34
4
16
1
36
4
35
32
18
30
18
24
15
33
13
7
0
2
2
5
16
8
36
35
8
25
19
13
34
5
5
34
2
35
7
29
15
19
6
6
35
25
21
21
22
15
31
4
18
28
17
2
9
36
34
18
29
31
14
17
7
35
12
1
9
16
19
36
4
6
11
0
27
35
15
14
32
13
26
1
9
1
13
0
3
15
14
0
11
11
3
23
11
14
7
1
9
35
29
20
14
9
17
22
9
36
21
14
35
14
35
35
33
17
36
9
27
15
21
34
20
20
17
25
11
1
10
18
16
13
3
5
29
8
27
26
16
4
33
