28
33
16
31
20
30
24
1
23
34
21
4
22
30
3
16
18
31
25
0
17
35
19
13
0
2
10
11
14
3
13
7
11
21
3
17
6
29
18
9
5
5
28
19
19
33
17
17
14
16
20
12
12
27
7
7
7
35
12
36
34
36
35
29
23
30
21
23
29
18
12
13
33
16
22
34
25
15
34
11
28
24
14
15
23
5
30
28
24
25
16
6
12
4
5
33
34
22
22
18
11
16
32
14
25
28
4
25
21
11
4
20
11
7
19
8
32
5
18
0
20
27
20
27
3
7
26
31
31
6
1
13
7
33
21
36
33
13
2
36
5
26
1
32
8
25
7
13
17
29
13
11
24
13
31
4
36
3
35
32
7
21
5
22
36
22
12
14
7
35
25
1
36
28
8
10
34
22
9
31
23
7
10
19
35
2
13
20
1
29
20
22
32
1
19
10
6
5
13
