31
34
27
3
17
17
11
33
15
14
26
1
24
7
27
31
20
12
9
0
32
4
20
34
19
34
14
21
8
22
21
34
35
24
24
25
25
28
32
30
10
8
36
1
17
6
26
15
10
32
29
9
19
1
34
30
13
27
5
20
13
26
26
21
33
11
18
2
7
26
16
29
36
23
23
13
5
4
36
22
2
7
10
28
32
18
24
18
10
31
21
6
5
23
35
16
28
29
18
24
6
16
21
1
29
28
35
11
25
34
25
11
25
0
23
25
22
15
20
13
35
16
24
5
3
31
9
35
5
30
24
28
35
15
25
34
16
30
20
25
4
33
29
30
26
31
15
0
30
26
2
29
24
19
36
16
33
34
7
20
19
18
17
13
5
2
26
31
35
0
1
5
30
21
26
7
36
4
16
2
3
9
29
3
3
29
17
19
18
0
35
3
24
15
16
30
25
