26
1
1
7
11
4
22
1
15
16
28
27
20
0
6
29
25
7
25
8
33
33
32
15
36
18
14
12
27
14
34
20
28
15
30
34
6
4
0
19
13
29
6
18
27
19
28
33
5
18
16
24
18
19
1
35
10
18
5
33
4
26
14
16
15
17
11
5
17
23
14
36
11
29
36
12
1
31
15
21
8
7
18
2
17
8
12
5
34
9
3
26
34
7
8
1
31
19
5
13
18
6
26
15
6
14
34
11
23
34
18
9
12
34
16
22
9
6
6
7
33
36
20
3
14
25
35
0
5
2
11
29
18
22
13
29
13
4
1
1
18
33
29
23
17
22
1
33
27
23
0
28
21
36
14
12
6
9
10
32
2
35
33
32
29
26
10
22
18
30
2
28
26
12
18
19
10
34
35
14
8
22
0
0
29
5
16
13
15
10
28
29
16
20
36
14
11
11
