30
20
10
34
13
6
27
16
33
3
0
4
28
25
1
16
19
22
25
8
25
23
24
35
28
28
29
19
0
12
2
16
15
8
32
16
8
14
33
28
7
26
27
34
28
33
23
13
13
9
25
24
1
28
20
4
14
27
33
15
2
22
27
5
23
21
36
16
13
11
1
34
5
1
34
35
8
21
16
2
10
28
26
22
27
10
15
10
0
23
11
6
26
26
27
0
21
18
12
5
26
21
22
11
36
7
32
1
29
13
5
23
2
33
5
36
22
6
33
36
24
16
15
11
22
29
17
0
26
21
23
34
12
22
29
35
17
9
22
35
24
16
13
28
10
10
19
30
35
33
2
3
29
2
15
11
27
27
21
9
14
29
12
33
1
35
20
35
0
4
0
28
16
2
1
20
29
24
22
9
29
17
12
20
0
7
31
28
22
18
20
12
34
20
3
8
4
