2
5
23
13
9
28
4
25
25
23
27
29
28
18
33
8
5
5
0
15
22
13
23
8
3
11
5
14
1
13
17
20
29
29
5
12
35
4
21
32
13
6
22
0
2
17
35
3
33
20
3
27
13
24
13
29
26
19
13
18
4
16
11
35
28
27
31
9
36
15
31
16
11
29
6
6
15
31
2
5
11
17
32
16
2
2
36
36
16
28
0
29
9
4
18
11
30
31
13
30
1
9
16
12
23
8
17
5
25
14
32
1
23
14
5
7
9
27
36
35
35
13
26
14
26
30
30
18
13
27
34
9
19
1
22
11
5
34
3
7
13
24
11
1
26
25
13
25
5
30
18
12
5
3
19
31
22
9
18
5
29
3
31
15
34
32
18
29
31
20
4
15
17
15
19
1
7
16
29
9
33
28
7
18
22
1
34
7
36
36
28
15
34
8
8
0
18
19
6
