13
9
26
28
24
16
34
12
14
17
13
22
20
24
2
6
20
21
17
26
1
18
5
8
24
9
24
21
12
21
24
6
9
27
16
1
20
10
6
14
11
21
18
12
10
4
12
20
21
36
9
28
24
4
26
35
21
7
31
0
29
22
34
2
5
12
0
17
12
25
1
16
5
25
31
8
10
12
8
17
8
32
8
33
3
6
26
28
0
27
15
36
32
5
14
5
12
29
27
12
16
33
6
24
5
14
0
19
5
0
17
4
11
10
31
2
4
36
22
33
25
33
6
29
26
33
26
13
19
12
25
18
22
25
7
33
19
27
14
33
0
6
21
13
31
10
15
31
13
32
4
33
35
12
8
23
22
10
2
21
27
7
5
19
16
21
14
35
18
16
29
35
21
24
17
29
18
22
22
22
16
5
14
3
26
35
15
3
32
19
29
24
31
35
30
2
29
35
7
