9
14
31
11
19
3
32
29
3
35
3
12
12
13
35
11
28
25
17
22
20
27
12
32
4
9
22
29
30
33
2
21
34
4
35
11
10
30
35
2
28
28
15
12
25
11
27
13
31
13
32
17
20
28
17
14
30
21
15
22
35
32
18
11
1
11
24
10
4
27
7
18
15
23
4
28
28
18
9
32
15
17
16
20
14
9
19
10
14
6
33
20
16
31
18
3
13
32
30
35
26
0
32
17
9
5
31
17
11
0
19
20
1
5
0
25
10
25
16
15
16
4
23
9
16
19
36
36
25
36
15
24
7
12
3
18
27
36
35
10
24
35
19
14
19
31
14
22
18
15
23
9
12
13
35
7
8
26
5
13
31
0
25
13
10
12
19
18
25
11
36
23
1
11
4
16
8
22
7
27
29
5
17
36
11
34
24
13
36
4
25
35
29
0
24
15
23
25
26
24
1
