8
14
15
16
22
30
15
23
19
21
18
24
15
27
36
7
6
35
34
30
10
8
0
35
21
8
22
0
9
1
18
15
0
4
20
30
12
17
35
19
12
15
10
12
24
12
34
36
27
11
18
0
7
13
35
23
21
12
6
12
31
22
29
16
8
27
19
29
23
16
19
24
35
28
11
24
32
9
6
29
24
36
18
35
8
26
10
3
26
20
9
22
12
0
8
28
30
8
13
32
3
36
15
11
27
22
17
9
30
19
5
24
21
12
5
2
9
2
16
0
27
11
18
6
13
3
12
4
8
8
32
20
27
13
35
16
15
25
11
28
6
1
36
34
35
7
36
15
11
20
31
36
36
31
1
4
27
15
7
7
0
11
4
5
32
19
0
6
15
4
17
33
28
19
22
36
26
7
31
35
6
24
30
31
31
8
36
32
22
5
17
34
6
21
29
6
36
12
