10
10
9
7
27
19
8
6
11
1
20
18
24
31
34
11
8
23
10
23
14
7
26
19
1
23
5
11
25
4
33
13
6
30
24
26
10
35
35
22
11
35
25
29
22
0
30
1
26
4
17
24
7
22
28
32
32
28
36
35
5
0
34
14
36
28
19
8
10
34
10
36
17
13
0
8
33
36
12
6
10
32
13
12
17
30
9
29
17
20
21
8
2
26
13
9
9
10
18
33
17
25
10
22
22
36
19
34
22
17
26
35
5
1
31
4
13
25
0
29
23
16
25
6
19
20
14
1
10
10
11
33
21
8
0
6
10
27
25
28
12
15
31
15
7
34
36
19
4
4
19
18
0
13
30
13
16
33
0
27
15
3
8
3
6
1
34
25
11
14
35
31
1
10
35
6
10
20
18
22
34
5
1
24
9
8
6
7
35
3
30
2
14
15
11
35
2
