6
35
28
3
18
4
5
24
33
9
21
6
8
10
16
9
24
26
20
36
0
11
27
17
30
8
15
31
21
17
34
11
28
16
30
22
31
4
9
19
16
21
9
11
29
7
21
2
26
15
19
4
31
9
20
25
8
32
9
35
24
13
22
28
21
9
35
12
21
24
26
26
12
25
35
11
34
5
21
1
15
20
13
24
18
28
19
29
17
11
1
2
10
3
3
18
0
0
20
26
21
5
25
36
35
9
33
10
31
30
36
34
6
3
25
6
2
16
6
35
8
15
17
17
12
2
12
14
5
31
35
7
16
21
7
35
17
15
27
15
29
34
19
1
14
21
34
10
24
23
4
8
18
23
5
22
16
3
27
28
26
5
4
4
31
17
27
11
13
11
32
30
21
31
20
28
17
13
23
26
16
32
36
11
27
13
14
2
1
18
18
18
5
22
0
34
