16
4
0
26
27
24
18
17
32
29
27
3
31
3
19
33
23
22
8
34
1
13
36
9
22
35
16
23
14
34
13
4
18
31
9
1
22
36
18
12
17
20
7
11
34
6
12
23
11
29
31
8
2
18
11
26
5
3
19
4
34
1
31
32
22
0
18
10
1
1
12
4
21
0
13
4
20
29
23
10
13
5
32
25
27
10
29
9
4
14
18
1
7
25
7
0
27
5
17
15
27
14
22
4
1
28
5
10
36
19
1
5
12
32
19
34
1
2
25
22
12
16
8
8
22
32
30
8
6
0
17
19
21
4
29
16
15
2
17
36
21
16
14
32
31
21
12
24
24
7
19
32
27
28
29
7
1
30
18
36
6
31
34
19
8
10
9
26
12
24
8
23
14
11
31
15
6
14
31
34
28
21
4
5
22
3
13
7
11
20
10
4
24
3
17
22
9
12
33
8
