4
31
0
5
1
27
29
15
31
4
11
16
11
4
31
4
16
14
18
5
31
7
17
18
7
36
9
16
34
9
25
3
36
3
34
1
4
1
5
23
29
32
19
18
36
26
28
3
35
13
32
10
31
3
32
9
8
27
10
24
10
35
36
22
19
13
33
15
21
19
36
8
13
4
29
36
14
30
18
23
32
33
22
24
34
7
6
20
24
27
8
12
12
12
0
3
12
27
35
21
28
2
29
35
29
26
28
12
5
23
21
36
36
18
4
1
6
9
0
26
34
32
18
7
15
8
23
8
15
2
15
18
16
28
3
8
4
36
8
32
0
1
6
10
35
2
12
3
17
15
23
29
14
12
32
36
30
14
15
35
12
9
24
3
33
0
35
1
2
18
17
25
31
22
11
19
32
14
29
31
27
0
16
28
35
22
9
0
32
35
27
27
11
14
13
4
24
30
13
11
