19
28
19
4
0
0
22
7
28
9
15
30
12
2
16
3
32
10
23
16
4
30
15
31
24
0
32
5
30
8
30
16
24
29
14
33
24
17
27
28
33
29
18
3
23
19
10
16
29
30
9
26
6
30
9
35
33
22
36
36
5
19
17
26
10
22
15
9
6
21
3
14
11
19
1
21
34
20
14
17
35
22
33
26
34
8
6
7
29
6
14
2
16
10
3
14
17
25
17
30
27
36
37
20
8
14
5
26
28
30
5
36
7
19
5
16
29
29
14
4
10
11
10
10
6
12
24
3
33
23
4
34
15
26
5
9
0
9
5
8
4
4
32
28
2
3
0
35
7
27
0
26
35
11
5
3
11
0
29
5
3
14
32
22
0
1
12
33
1
4
12
4
20
33
22
23
9
27
0
12
3
16
18
24
33
17
9
26
35
3
17
7
17
23
24
27
