11
3
31
5
2
4
0
34
20
8
36
3
7
14
11
0
8
3
31
16
12
9
16
20
6
28
32
8
12
2
29
20
20
9
36
1
27
4
19
19
1
25
19
36
22
8
24
5
5
20
25
8
23
31
15
32
29
13
16
19
18
28
35
7
24
25
8
21
16
7
27
10
30
20
9
6
10
10
32
35
2
13
10
24
15
14
23
25
7
33
22
22
1
15
34
15
24
9
30
2
9
0
6
36
27
6
35
23
1
13
5
21
4
12
19
28
30
6
22
15
15
32
30
8
35
6
10
4
11
31
36
32
25
23
26
1
2
26
28
2
17
34
2
30
22
2
8
35
9
15
6
19
35
6
13
26
16
19
17
11
21
35
3
20
11
27
22
18
34
10
26
35
14
32
12
15
28
26
9
25
34
21
6
36
20
8
12
34
13
25
30
15
0
30
15
8
18
31
30
