23
18
6
10
6
15
19
4
8
4
2
28
25
33
28
23
15
33
14
24
36
11
17
13
26
20
12
28
30
6
1
5
31
3
7
25
14
18
30
18
28
3
12
25
16
22
3
12
1
30
2
31
10
2
15
13
22
4
23
36
32
9
30
0
9
19
19
24
18
11
25
28
2
11
25
0
20
25
26
1
2
12
21
28
3
17
2
19
22
32
2
25
2
28
10
16
32
23
8
6
26
23
14
6
21
9
9
11
29
6
5
24
35
29
36
6
21
30
2
27
3
7
0
20
22
30
23
34
18
29
21
20
10
27
9
17
28
36
34
27
29
0
14
28
32
0
27
32
34
33
23
27
13
27
3
20
27
15
12
20
2
9
8
13
29
8
24
11
32
31
22
8
3
0
10
25
21
29
11
31
3
3
12
4
11
14
36
16
6
36
5
12
25
1
35
32
13
34
7
33
