29
22
19
5
1
1
2
16
15
30
22
32
29
35
21
21
28
1
22
13
34
7
8
4
1
16
11
27
18
15
32
22
30
4
0
26
2
15
29
8
28
27
31
26
24
12
15
17
7
23
0
19
0
12
16
2
34
15
26
14
28
13
25
36
7
19
25
3
3
23
23
20
36
17
16
10
20
13
24
24
0
5
14
32
12
34
35
36
36
20
9
18
18
4
16
23
12
27
8
7
29
0
13
35
16
21
11
16
9
17
16
24
26
7
27
24
4
10
6
6
14
30
22
13
28
33
3
8
25
19
14
31
34
31
29
10
6
33
0
0
35
2
16
24
9
18
8
0
14
21
23
14
16
0
26
22
9
17
22
24
29
26
33
32
2
7
11
31
10
35
21
36
2
15
12
8
34
22
21
22
19
18
9
25
8
33
5
2
24
27
24
13
7
18
19
12
1
18
