2
31
31
23
19
5
27
21
4
27
22
36
14
29
9
13
16
33
7
27
20
14
24
27
4
9
4
3
34
3
11
0
26
10
19
33
17
7
12
28
25
32
14
11
16
9
28
27
12
5
33
27
26
20
1
12
29
17
11
32
26
18
4
11
36
20
5
32
16
0
36
13
1
33
6
32
17
8
29
24
28
16
30
30
36
33
6
20
4
6
20
26
29
29
19
4
9
31
26
3
15
15
25
27
27
16
19
30
33
36
6
25
34
25
18
10
14
4
18
22
31
28
24
17
15
24
16
17
11
17
28
31
25
27
9
29
30
36
11
35
10
15
10
30
35
14
2
28
25
16
12
16
27
21
3
11
36
19
22
24
7
20
24
34
30
21
32
21
31
8
16
33
27
4
22
26
21
5
2
17
3
28
12
27
1
20
22
29
35
26
16
34
2
29
32
17
21
