12
21
0
0
25
28
4
9
10
31
12
1
11
5
22
14
29
18
9
34
9
21
36
28
15
11
5
16
7
6
13
7
2
5
33
2
8
14
17
23
16
17
3
9
36
1
20
32
21
1
9
20
35
14
26
31
17
1
33
3
35
15
31
30
28
27
24
2
33
26
16
33
16
14
33
23
21
36
36
3
29
32
17
30
3
17
1
2
36
10
27
30
5
19
23
30
1
22
16
34
24
21
32
9
5
33
18
17
32
6
4
32
16
18
11
6
0
17
15
32
6
23
33
26
21
10
27
20
17
33
2
16
18
33
12
29
12
6
24
32
17
34
32
7
28
6
23
28
2
7
14
12
0
1
24
28
16
28
12
29
25
8
36
13
15
1
9
31
8
7
33
6
34
24
18
12
28
7
9
34
0
0
3
35
22
24
11
4
4
33
17
10
7
20
3
21
15
2
