28
34
13
28
14
1
30
31
31
15
6
32
6
13
31
13
24
33
4
6
9
26
17
5
22
25
1
1
12
1
28
35
1
4
1
31
10
35
2
21
28
7
26
4
17
17
12
5
12
11
16
1
4
3
12
20
17
23
25
23
23
12
5
3
9
14
20
12
32
26
3
12
18
8
32
4
21
1
19
0
1
7
1
33
4
1
34
0
12
33
30
29
14
4
27
16
12
4
3
28
7
11
31
30
20
8
12
23
32
10
11
23
20
0
3
16
35
18
7
22
19
33
32
33
32
6
21
10
30
19
19
36
7
6
14
25
17
13
18
29
28
13
5
20
33
23
1
36
12
0
14
24
7
11
14
15
35
22
35
30
18
1
12
0
24
10
31
36
12
16
19
36
21
2
22
32
9
5
32
7
30
1
19
22
27
10
30
31
20
18
23
27
13
4
1
7
31
27
