11
10
32
21
8
17
29
18
20
12
31
15
36
5
29
10
16
25
22
24
10
35
12
23
20
36
3
3
2
17
17
10
1
32
1
14
11
33
34
21
10
16
0
1
2
21
14
31
24
14
19
14
12
27
12
32
20
24
23
27
15
9
30
2
25
35
23
33
20
26
24
21
16
11
6
15
16
5
23
6
18
34
27
24
24
22
29
21
34
18
34
21
10
2
22
21
16
36
14
22
27
7
6
16
34
18
1
9
11
8
20
28
29
32
13
2
1
5
1
17
29
36
7
26
9
14
6
29
20
6
27
30
33
27
10
7
4
7
6
23
0
8
11
8
29
18
29
3
11
8
8
6
8
8
14
34
18
20
23
29
16
36
28
27
3
4
17
19
17
31
26
30
6
26
29
14
19
16
32
10
1
3
1
14
34
14
15
20
10
26
11
15
28
18
27
19
35
10
8
31
24
