19
1
10
17
17
31
17
4
33
23
27
3
8
23
11
7
25
11
17
9
21
35
2
7
23
11
8
22
25
21
12
18
2
6
0
21
33
27
11
14
8
25
20
27
16
0
16
36
16
6
18
26
3
14
18
17
13
23
9
16
2
9
18
12
9
27
17
12
20
35
34
12
17
11
25
20
29
27
16
33
34
17
16
1
14
0
26
19
33
4
36
0
19
26
7
7
9
36
7
0
12
0
26
13
14
0
30
12
16
17
10
8
3
13
11
15
2
22
12
24
19
21
5
17
17
35
15
18
31
20
14
21
29
17
10
17
19
12
4
13
3
14
32
27
10
27
29
20
4
36
34
10
34
21
10
31
21
9
8
8
9
30
27
26
16
27
36
28
34
21
34
10
31
1
34
2
22
4
33
0
18
19
16
27
6
24
33
10
31
22
13
3
35
9
29
30
