8
18
17
30
16
0
2
6
28
17
12
10
19
23
1
34
18
29
2
31
29
10
32
16
35
3
30
29
36
2
15
18
12
7
20
18
19
5
6
16
3
1
3
4
28
7
20
36
32
12
8
27
21
2
3
1
31
35
9
12
6
34
33
6
29
34
34
35
25
12
19
24
8
12
8
1
15
22
4
4
3
0
4
16
23
23
25
10
30
15
25
31
2
28
8
36
9
24
3
32
25
11
25
17
23
10
17
0
28
27
15
26
1
28
2
8
4
21
27
1
1
30
14
13
4
0
33
32
21
8
31
19
34
19
32
18
14
34
29
15
34
35
3
5
2
20
25
21
17
9
18
14
11
23
12
18
1
18
25
26
14
15
26
1
20
29
0
32
6
28
30
6
8
20
36
25
8
28
30
0
4
34
30
33
34
2
3
27
7
17
4
10
22
9
4
1
0
30
