31
9
9
30
25
15
18
25
26
36
11
0
22
11
16
29
0
1
6
3
31
20
3
23
19
31
3
7
34
29
25
2
30
28
0
13
10
21
6
35
35
13
16
30
8
36
32
17
16
8
19
2
16
2
34
31
8
26
14
34
6
16
33
17
23
12
28
34
20
25
6
4
26
36
31
34
35
22
8
18
28
0
24
25
34
2
35
20
24
23
28
31
29
23
31
15
28
14
28
16
26
22
17
26
16
35
20
11
17
10
34
6
25
21
11
20
15
26
6
25
34
23
16
13
11
30
36
14
25
35
12
12
2
31
22
32
12
12
34
36
10
20
17
20
16
8
17
14
23
34
29
30
12
23
27
28
14
18
16
1
22
15
7
26
25
4
24
25
9
33
12
15
5
17
2
7
33
4
27
11
25
7
14
13
33
36
17
3
20
15
27
13
22
13
11
25
4
20
6
