37
24
22
11
0
21
19
14
18
32
9
25
2
33
15
12
28
6
31
2
4
11
1
11
31
26
15
36
3
23
19
5
27
0
31
32
7
2
19
30
23
14
9
18
5
4
30
31
30
12
14
24
21
35
16
11
17
20
19
8
33
14
36
36
8
12
2
13
16
18
9
31
5
10
19
9
26
29
29
27
16
15
29
10
7
23
8
12
27
34
8
15
27
0
20
7
4
31
7
28
25
13
25
14
12
21
30
15
12
32
19
13
14
14
24
6
3
21
34
0
14
2
11
32
25
5
10
20
1
6
10
9
19
13
10
4
1
18
2
29
3
33
29
16
29
3
22
7
14
6
22
13
9
34
0
22
20
20
31
6
16
33
36
23
13
10
35
7
26
30
16
26
25
11
23
1
6
36
17
17
7
15
7
25
2
0
33
7
18
16
15
16
28
25
26
0
11
20
17
