26
10
21
30
13
10
7
5
36
5
15
1
12
18
4
24
26
5
21
6
3
3
13
2
10
23
29
34
27
10
0
0
31
16
7
26
15
12
13
14
34
5
22
19
18
19
20
2
33
32
2
25
9
12
7
34
35
17
1
5
34
36
12
25
10
13
25
16
7
6
12
6
33
35
18
8
5
14
1
14
5
0
7
12
29
26
8
20
28
14
33
1
18
30
29
8
35
24
10
8
35
19
16
16
21
3
25
35
25
0
15
24
27
17
5
16
16
1
26
3
21
4
10
6
11
23
19
5
17
30
21
22
20
26
8
7
8
30
0
14
1
10
14
26
35
29
35
16
7
6
31
20
29
11
20
22
30
7
15
31
29
29
30
14
30
6
17
33
13
23
35
26
11
32
9
14
5
30
2
32
1
13
6
1
29
22
32
21
33
0
24
35
13
16
2
2
4
10
14
33
31
