37
2
36
35
33
32
16
22
7
16
25
18
21
13
0
35
4
3
11
12
14
0
1
7
33
32
4
23
8
19
12
1
11
0
9
15
16
34
6
0
25
12
24
9
3
29
16
6
32
16
18
12
33
18
1
2
4
8
19
19
11
14
11
13
26
17
23
8
9
21
14
9
26
4
21
3
25
12
8
23
7
12
2
20
17
7
13
20
25
25
17
8
8
11
27
14
30
25
8
26
6
19
25
27
30
20
35
33
19
28
33
33
30
36
30
23
20
32
20
31
35
36
6
12
5
8
6
16
17
19
5
0
25
29
22
24
6
1
33
17
28
6
26
31
35
7
0
1
1
4
18
22
17
7
29
26
15
31
18
33
2
21
5
25
1
29
3
17
27
1
3
7
12
8
10
31
1
9
18
28
6
28
20
14
2
9
19
8
14
15
28
24
4
10
35
18
35
14
27
