37
8
27
21
5
28
27
29
29
0
18
7
16
28
21
1
3
8
21
8
32
28
11
36
36
6
22
14
33
10
35
5
21
24
35
29
4
1
20
35
30
7
22
35
14
5
28
24
14
5
24
35
36
3
31
11
15
34
26
13
2
10
23
13
12
11
19
4
9
29
24
18
0
20
13
4
21
15
2
16
11
34
36
1
16
17
15
19
13
1
16
12
19
24
5
0
17
7
3
19
25
1
31
12
18
18
7
1
8
16
26
16
33
21
6
34
14
20
27
17
7
14
4
3
4
17
17
1
34
15
1
6
17
35
6
26
1
34
33
34
16
14
35
24
34
21
34
33
26
19
22
7
25
12
26
20
27
21
2
0
0
34
32
8
2
21
12
27
19
6
25
15
0
35
11
32
5
22
5
31
27
1
3
21
12
3
10
3
18
33
35
7
21
1
28
12
11
0
11
25
