0
26
22
36
16
2
2
30
0
12
1
18
15
7
35
12
16
29
14
22
16
34
16
17
27
25
7
28
16
18
29
21
12
21
22
20
1
26
30
1
20
35
9
24
13
36
34
13
10
24
30
13
23
28
16
35
3
29
33
2
33
34
33
20
36
24
8
26
25
34
28
36
33
5
28
30
10
0
1
17
17
29
36
27
13
26
16
33
4
16
30
11
13
2
1
18
29
16
25
18
5
20
1
32
16
3
18
4
6
33
9
33
9
9
27
27
18
0
21
27
32
26
4
26
3
17
31
9
23
7
0
3
21
10
36
33
19
11
32
27
20
13
27
15
14
19
10
17
20
16
19
11
22
20
29
36
26
34
5
22
25
25
17
32
30
19
16
33
26
12
4
36
10
17
2
16
21
20
1
30
34
19
33
23
26
30
19
5
32
19
10
29
32
21
18
5
25
9
15
23
