31
3
1
5
15
29
28
26
27
15
4
23
9
31
10
36
24
24
34
17
3
29
35
36
28
20
34
1
21
3
6
13
12
6
3
14
28
7
9
31
31
14
9
13
25
18
0
5
12
6
35
8
19
26
32
14
24
1
16
24
1
34
25
22
7
1
9
18
23
16
17
27
6
6
15
18
18
3
13
8
25
16
3
21
35
17
18
1
35
27
10
9
22
19
3
31
24
17
8
32
13
13
22
20
17
17
2
6
28
6
10
1
34
32
17
8
25
20
28
33
31
9
25
0
19
12
4
20
33
2
17
13
26
31
30
13
32
4
33
7
1
16
26
25
27
31
13
1
34
31
0
32
21
15
15
25
33
0
29
11
8
14
30
30
8
17
1
33
28
27
8
10
7
23
15
30
12
9
10
4
32
29
8
2
31
12
23
8
3
14
12
26
5
0
11
35
4
22
1
36
