32
36
27
35
35
2
1
9
27
0
20
16
28
24
13
22
10
35
11
21
29
29
3
34
10
21
29
32
15
12
26
14
30
28
14
31
30
30
13
36
34
3
24
7
16
7
10
13
30
18
12
36
11
23
5
16
34
22
21
12
23
28
29
11
5
19
10
32
30
20
2
7
22
31
26
0
27
18
3
17
19
33
23
36
21
16
25
33
17
23
17
2
22
32
20
17
7
21
32
2
13
1
27
24
34
29
1
36
12
22
3
32
13
33
8
30
29
23
7
12
1
19
1
29
4
2
30
9
0
21
30
24
36
36
1
9
20
6
31
32
4
31
5
16
22
4
25
7
2
1
12
9
27
32
20
8
10
6
12
25
20
36
14
13
10
18
15
29
9
24
36
14
13
2
26
6
29
18
1
27
15
12
22
29
22
26
11
24
35
25
3
23
3
26
8
7
4
33
17
33
