24
16
29
3
22
27
11
11
30
19
15
23
7
15
15
35
31
35
10
25
3
21
27
12
34
22
8
12
34
13
21
2
33
34
26
36
22
0
24
9
10
17
8
29
10
13
7
10
30
3
5
6
23
29
15
4
29
31
23
13
32
28
6
15
31
31
18
29
34
36
30
7
12
5
35
5
30
3
16
11
11
25
24
9
35
36
17
0
14
4
18
8
1
20
6
15
18
31
28
5
35
10
8
3
24
15
10
31
36
20
33
2
12
27
33
33
3
36
2
20
15
9
3
2
1
8
23
20
24
25
3
17
3
31
25
12
28
22
5
0
27
28
22
17
7
8
30
17
28
14
31
13
9
28
20
13
17
34
12
13
25
19
7
13
1
19
11
27
21
27
17
3
16
33
2
4
7
18
0
4
8
12
30
21
29
2
36
5
19
25
16
35
33
6
18
19
