33
4
32
13
32
19
13
19
28
28
23
10
21
5
7
5
25
2
3
25
12
15
11
29
1
26
14
34
15
3
21
0
35
1
34
29
26
8
12
30
26
20
2
14
1
10
6
11
35
16
28
19
15
0
19
23
8
7
29
12
23
16
2
16
34
4
27
29
37
0
12
24
9
13
15
30
29
19
30
22
20
15
28
17
22
0
11
18
2
11
14
21
7
32
9
34
16
19
17
28
3
10
24
35
1
18
1
15
31
33
30
16
21
32
29
25
25
17
29
29
10
23
6
6
18
32
14
10
3
6
31
26
30
14
3
27
3
7
36
4
12
26
21
30
8
5
15
4
0
22
30
5
34
18
11
30
27
0
28
6
7
15
24
22
30
26
22
1
35
14
1
36
33
19
0
19
35
8
15
14
14
28
6
2
33
26
25
0
25
35
6
13
8
29
12
5
4
33
31
