9
22
34
34
22
8
10
34
27
24
35
36
23
25
34
12
12
20
32
26
14
27
25
19
27
31
2
28
12
24
32
32
0
19
13
19
33
5
30
5
4
4
6
32
21
19
7
15
18
14
8
22
35
8
2
9
18
9
18
24
12
13
14
27
15
23
7
22
5
16
15
20
9
22
25
25
8
29
16
17
2
25
33
36
4
36
11
25
1
4
10
31
1
16
5
34
21
30
28
6
7
23
27
14
30
26
20
6
27
9
18
3
15
7
12
27
2
14
7
20
13
3
21
36
27
13
24
18
16
12
1
14
14
15
18
20
31
12
14
0
18
17
20
14
13
28
36
0
11
22
23
0
8
35
32
23
25
26
28
35
34
4
5
2
5
8
2
22
13
8
10
22
21
23
12
20
19
21
7
2
1
15
35
25
24
5
33
18
35
23
5
29
13
15
23
13
33
