21
11
19
17
28
6
35
29
19
23
4
2
28
25
36
9
19
13
10
2
28
27
18
15
26
15
26
35
33
4
7
34
24
12
20
20
15
7
23
6
20
2
0
3
1
21
7
22
10
11
31
31
35
30
12
10
29
9
2
15
9
28
36
30
18
1
5
25
34
29
31
16
31
35
12
24
4
31
17
9
2
16
29
5
12
30
10
22
34
5
33
13
31
27
22
22
7
19
9
4
6
19
27
28
28
17
23
12
26
29
20
30
1
0
9
25
11
33
30
12
16
34
24
22
20
4
32
27
8
15
2
36
12
19
15
21
3
8
35
14
2
1
26
22
3
2
26
34
14
33
12
34
11
35
2
19
1
20
17
33
33
2
4
18
25
21
12
27
0
6
4
29
29
33
22
15
31
22
10
22
10
3
30
19
13
36
7
17
14
17
13
4
21
8
4
17
15
35
11
8
27
4
24
