13
17
5
8
7
22
6
28
27
23
27
3
13
16
0
9
29
21
25
17
11
29
18
25
18
13
22
27
19
19
32
22
7
9
7
30
29
34
11
28
36
14
9
7
28
6
32
14
35
5
29
5
12
36
3
11
32
35
1
26
30
26
6
2
20
34
24
19
36
29
24
14
20
34
6
14
3
26
24
33
33
31
33
30
31
13
2
21
15
12
19
17
12
14
6
19
14
36
18
10
17
20
24
36
4
21
21
26
1
20
34
12
4
22
0
10
35
18
2
14
23
35
35
25
34
2
17
34
18
35
19
2
28
6
11
4
17
21
3
23
2
9
19
8
34
21
16
24
3
21
15
29
12
2
13
3
21
11
8
11
10
12
33
9
30
36
12
33
4
1
18
23
7
2
11
16
33
21
4
26
27
12
33
3
33
10
7
30
9
1
32
18
4
7
17
22
28
32
19
33
