34
23
2
27
8
35
0
2
26
15
15
27
15
25
29
24
26
31
11
31
4
11
26
14
14
18
27
32
30
34
12
21
10
22
10
14
24
15
21
33
13
34
11
21
34
5
16
15
14
25
35
10
36
33
19
25
17
8
29
10
30
29
29
9
3
32
6
27
10
11
30
0
14
27
12
23
13
7
10
12
17
23
17
23
14
17
13
10
31
6
32
16
8
6
31
21
12
3
10
19
5
5
34
29
12
26
3
26
33
8
35
15
3
36
27
11
4
24
26
36
19
21
2
36
34
26
10
34
5
9
31
35
9
35
7
20
12
10
23
6
0
23
27
0
23
14
12
16
12
20
32
8
33
0
22
21
27
31
33
1
24
8
5
11
5
5
34
19
11
5
15
3
36
19
23
16
26
5
26
13
10
32
23
32
9
19
34
12
13
10
29
17
31
33
18
1
10
23
