13
6
7
10
12
6
33
35
33
6
9
5
3
22
15
16
17
23
18
11
0
1
19
17
23
21
23
32
17
33
16
7
2
29
7
23
31
20
22
12
29
12
23
30
6
15
31
33
4
11
2
26
21
33
21
34
22
34
23
12
16
8
9
30
4
34
21
32
34
27
6
15
14
15
30
4
6
32
30
21
36
34
8
21
33
11
7
31
24
23
21
33
19
25
10
24
35
8
30
4
29
5
6
15
13
6
18
32
8
4
20
18
22
17
12
0
29
4
26
13
0
31
3
10
3
13
25
29
21
4
2
9
4
19
22
13
23
8
13
30
29
6
22
33
20
7
34
22
7
31
25
24
13
21
31
1
3
21
6
15
3
28
8
21
18
14
28
21
31
29
15
13
34
10
19
19
34
0
19
15
36
24
19
29
3
14
1
12
18
4
6
14
27
10
31
21
21
2
24
7
