18
21
14
26
13
6
6
29
33
15
22
30
27
23
24
3
13
2
17
25
3
35
23
17
32
11
27
21
30
26
16
29
8
19
35
15
15
35
27
1
14
8
2
8
4
11
23
12
24
29
4
35
8
18
20
10
1
36
36
5
7
15
31
13
25
18
14
5
3
17
28
5
36
0
29
4
15
25
19
25
15
24
9
16
27
31
28
34
17
18
3
32
27
21
0
7
32
29
27
14
27
9
14
22
4
28
14
1
7
30
1
21
22
13
28
33
13
6
27
21
27
10
12
18
35
21
34
16
16
5
36
16
5
10
33
24
14
28
3
6
32
6
27
6
33
12
5
0
23
33
13
22
7
18
28
15
25
18
10
6
26
34
0
30
8
1
27
0
4
32
27
2
18
33
17
7
19
26
31
32
14
14
16
23
24
25
8
28
31
32
20
10
26
4
18
32
35
4
24
29
35
