10
8
8
18
7
16
20
19
20
2
14
0
11
1
3
35
35
12
13
36
35
13
12
10
7
2
11
0
9
21
30
28
10
31
36
15
15
12
1
34
20
2
22
17
36
12
30
1
2
4
26
26
19
14
9
4
29
21
11
25
20
34
20
15
14
25
28
12
5
22
11
18
35
5
33
2
16
5
1
33
28
27
21
2
33
33
33
26
7
33
22
15
7
7
17
7
8
19
33
20
0
17
23
24
24
10
15
25
8
28
26
33
34
25
6
16
9
13
36
14
32
30
30
35
19
27
8
25
35
33
29
33
14
13
31
26
33
22
11
16
3
16
13
14
4
28
1
8
32
33
22
21
21
5
25
7
10
32
15
12
29
4
3
2
12
27
27
33
2
11
0
7
17
26
17
0
1
1
8
14
1
14
12
20
5
11
30
24
26
31
12
32
11
29
19
6
7
