37
27
32
6
23
22
23
22
28
16
17
2
29
6
17
5
36
5
35
29
34
3
5
9
20
18
2
9
8
5
15
29
20
32
33
7
19
23
8
18
6
35
22
8
15
35
23
13
20
10
25
18
13
22
20
8
23
13
8
5
1
16
35
25
25
13
4
4
2
30
20
21
28
8
36
8
0
23
22
8
3
0
1
23
26
4
10
35
6
11
20
14
35
7
29
27
16
15
32
30
11
33
9
6
9
16
1
32
25
27
4
9
31
10
25
6
24
17
13
19
35
29
27
18
36
15
2
16
10
2
10
26
5
1
15
23
31
35
0
17
22
23
11
29
21
16
13
28
3
7
31
4
3
35
3
30
19
11
33
17
33
1
3
15
7
19
27
6
4
32
35
19
26
30
10
11
26
26
6
8
3
22
3
29
28
19
0
16
20
36
22
26
16
19
13
6
9
16
21
25
