26
12
7
13
21
35
2
29
12
5
29
14
23
7
13
28
35
0
4
22
26
34
29
26
18
20
10
27
25
0
33
1
0
27
0
12
5
36
26
34
33
29
35
25
16
19
4
34
7
21
34
8
5
4
21
24
9
18
20
3
23
24
34
11
19
28
15
35
30
16
18
7
21
3
29
26
22
11
4
9
13
17
14
11
26
24
36
1
1
9
26
2
11
5
10
34
11
33
17
4
13
0
9
23
26
16
4
5
35
34
32
9
28
34
9
13
23
28
17
23
22
15
10
27
30
12
25
25
0
30
0
22
6
21
32
14
24
20
26
25
12
20
15
10
30
29
33
3
4
17
23
29
3
32
22
23
31
0
15
24
27
24
0
24
30
18
11
2
23
19
27
27
10
19
24
11
8
21
15
33
15
19
24
21
20
19
14
0
4
6
21
12
25
6
15
32
18
26
11
35
