7
17
13
11
29
14
33
26
30
4
35
5
10
35
30
0
9
26
22
35
1
30
5
25
31
21
33
7
18
27
22
5
15
12
12
30
23
9
34
28
8
36
34
16
18
18
26
26
16
12
26
29
31
0
7
2
1
30
26
36
29
4
35
23
19
2
18
24
17
18
26
36
11
5
16
29
7
14
19
13
7
30
32
36
29
24
33
27
24
4
29
33
33
1
34
32
13
26
2
13
34
2
19
18
3
1
25
24
10
24
5
30
20
12
6
33
11
14
18
25
22
35
16
32
12
35
14
0
18
3
33
20
0
27
0
25
15
22
29
15
13
28
33
1
16
12
20
1
11
26
10
6
22
30
8
10
8
4
7
3
27
32
5
9
25
1
3
36
16
25
16
22
8
8
20
16
9
33
5
15
9
6
14
22
27
9
19
16
8
2
3
4
8
2
3
8
3
5
