0
9
2
17
5
21
23
13
8
32
2
4
21
3
31
24
11
2
33
14
5
6
33
33
15
34
19
23
22
19
4
12
13
8
36
36
16
33
26
26
9
4
22
3
29
22
5
1
11
18
4
1
0
0
19
16
7
19
7
7
34
34
28
29
1
34
16
31
1
13
5
27
12
22
15
23
3
31
0
13
26
12
35
14
22
32
9
7
19
12
1
14
10
36
31
4
7
26
29
16
18
25
18
5
20
30
34
16
2
8
24
9
15
25
29
23
9
36
1
20
24
22
6
16
6
16
25
35
35
12
14
14
33
10
27
22
34
33
29
33
18
14
3
0
11
12
19
6
12
1
28
30
32
26
33
2
19
28
1
35
18
20
0
26
25
20
13
4
20
22
6
7
13
12
19
20
32
21
18
2
18
9
12
4
16
15
30
27
33
3
35
11
35
8
6
30
17
21
28
1
