37
12
21
33
32
30
30
20
10
4
27
16
21
2
16
2
30
30
1
19
12
5
30
3
36
12
6
12
6
2
25
8
0
5
31
14
13
5
6
1
30
20
16
18
18
12
29
35
30
34
15
10
34
28
1
4
28
14
33
23
11
7
3
3
26
30
37
31
0
30
1
15
25
28
2
14
29
6
11
25
2
15
8
30
26
3
34
8
0
26
35
22
21
28
23
30
18
26
11
29
14
28
18
27
15
18
31
0
34
17
1
35
36
6
33
7
5
26
35
11
30
34
29
21
28
15
18
29
7
27
14
36
28
25
27
22
1
35
36
36
17
20
20
33
6
8
17
25
27
20
16
28
11
33
11
14
2
34
20
29
32
25
2
23
3
19
17
32
16
18
13
32
22
16
11
4
36
11
17
23
4
1
18
13
35
3
25
35
9
13
17
34
32
22
19
25
5
20
35
21
30
