16
12
26
4
14
8
31
18
0
0
30
31
5
3
18
12
16
31
31
16
32
9
22
33
5
29
6
0
21
29
10
12
0
29
16
9
13
23
21
16
21
17
6
12
3
19
10
9
22
27
32
16
13
28
21
31
1
12
14
32
17
9
13
21
13
18
12
27
35
12
14
4
13
17
25
18
20
7
31
35
19
17
25
9
31
22
8
4
5
29
6
30
11
11
8
21
35
28
23
27
17
1
9
33
18
8
4
10
23
26
16
11
11
28
18
29
35
7
24
19
27
2
13
21
4
14
6
10
23
0
4
10
10
18
2
11
26
17
2
24
34
20
16
12
26
18
24
24
21
34
26
32
32
10
13
28
21
13
23
20
21
0
11
13
5
12
17
5
10
1
17
22
18
23
14
15
11
9
20
18
8
11
23
3
29
19
28
36
2
8
14
2
13
6
2
9
1
13
