32
2
4
24
31
23
18
35
18
20
2
36
15
17
2
20
4
26
20
7
27
9
13
12
12
1
10
18
20
32
20
30
17
18
19
28
22
17
32
26
31
35
25
5
10
24
29
1
30
8
33
26
5
21
32
34
3
2
30
0
18
3
8
19
0
24
20
8
4
3
16
22
24
8
10
16
12
25
18
14
32
20
27
11
5
21
9
10
20
36
15
28
7
36
23
3
15
12
4
19
13
36
9
23
10
36
6
4
21
13
18
22
13
15
7
3
20
29
8
1
15
26
1
16
20
2
9
28
1
8
20
0
17
16
12
11
7
3
10
23
26
34
10
22
32
18
11
29
14
17
32
7
7
10
2
7
15
31
2
5
27
24
21
27
9
7
23
4
7
3
28
0
29
14
17
7
10
3
8
1
26
13
32
25
23
29
11
10
7
29
27
11
3
26
29
3
32
36
3
