19
29
1
8
20
28
13
32
9
28
0
23
29
6
30
24
2
35
32
18
24
8
34
23
16
29
21
3
18
27
33
17
13
22
24
1
32
25
0
29
29
15
21
18
23
9
32
31
7
33
27
5
7
34
18
29
31
14
1
18
13
0
19
10
21
17
15
6
25
11
9
21
2
9
8
21
9
16
7
6
3
5
18
14
18
4
10
2
31
1
10
10
14
33
30
30
29
3
22
32
12
2
25
17
16
13
25
19
16
17
10
4
35
16
33
16
1
9
33
19
10
12
15
10
15
12
11
6
23
26
24
5
35
25
3
2
26
29
12
17
4
5
1
11
5
35
14
25
30
23
30
29
12
29
0
22
16
29
34
12
19
20
15
16
8
29
8
17
22
10
9
8
20
26
26
2
14
32
14
34
16
22
1
1
5
9
33
27
30
24
7
33
25
17
34
29
31
32
31
18
