37
36
29
0
11
7
7
0
19
3
11
26
4
31
16
31
24
24
21
10
23
7
16
6
35
22
24
7
0
6
2
9
12
10
12
4
5
9
11
30
3
17
0
7
3
2
6
10
30
14
5
17
3
25
23
27
5
27
0
10
15
31
29
36
32
3
8
3
10
0
27
28
18
8
14
15
20
7
31
12
11
17
27
17
1
20
28
26
5
24
33
11
2
12
11
21
24
5
10
24
23
14
5
13
9
28
2
25
33
3
3
10
35
5
9
32
16
20
29
31
33
27
35
16
20
29
11
7
26
13
7
12
29
3
16
11
28
29
7
24
28
13
15
19
13
21
17
33
24
33
24
22
23
11
0
21
18
14
11
17
3
36
17
3
12
28
2
27
30
27
24
15
8
2
11
19
1
5
31
19
17
29
16
34
32
13
21
9
20
35
1
12
36
35
0
36
10
9
