14
25
9
11
31
32
10
33
9
33
4
30
7
21
15
2
1
16
4
24
25
25
5
15
36
15
28
10
25
8
2
31
2
14
0
3
22
30
12
36
3
4
31
8
29
4
24
28
4
30
33
14
34
9
11
16
26
17
16
23
1
32
17
19
22
33
3
33
35
34
34
29
5
26
6
34
17
22
28
4
2
1
28
2
11
12
21
34
21
7
32
30
23
29
33
29
28
8
32
18
24
9
11
16
25
3
25
17
18
17
29
17
16
22
4
35
23
19
33
24
11
34
1
28
4
0
0
13
23
11
13
21
10
1
14
8
10
29
7
5
19
13
34
9
1
19
10
9
9
9
18
32
36
35
15
1
7
16
0
31
9
11
1
24
9
32
36
16
6
5
1
2
8
16
14
25
33
1
3
35
5
19
20
0
24
28
11
5
34
22
28
31
16
18
11
23
33
2
