23
2
22
32
20
33
13
27
22
4
27
12
20
34
0
8
12
22
30
25
23
25
6
9
25
22
35
21
35
5
11
31
5
21
9
17
3
14
8
12
16
10
9
27
21
15
6
25
18
21
18
34
13
23
2
24
18
32
9
5
36
36
0
13
26
23
19
13
11
27
21
26
24
34
3
36
3
33
19
9
26
27
11
14
4
34
27
9
30
5
2
32
34
0
19
26
34
22
0
3
14
13
24
7
12
18
16
13
20
12
25
12
9
27
27
10
26
27
19
32
33
20
19
17
3
35
7
25
31
32
10
29
20
12
33
0
33
29
23
34
5
31
14
14
11
14
4
30
8
3
16
18
18
14
12
36
1
26
33
36
17
22
24
23
16
26
27
27
23
36
15
18
12
8
0
9
7
24
35
33
3
30
29
30
0
24
21
20
20
26
31
22
33
17
35
8
36
11
2
