34
29
23
29
9
25
29
21
10
25
16
4
11
7
26
22
18
26
17
19
33
23
30
9
1
1
10
18
14
5
11
27
0
22
30
15
18
33
0
2
2
11
7
27
30
22
26
7
10
7
14
24
3
32
34
31
14
11
10
15
4
14
10
32
12
36
33
12
10
5
33
10
18
21
33
33
20
15
15
11
7
16
27
10
8
29
26
10
34
3
0
22
2
20
0
33
14
2
27
29
24
12
15
18
7
12
9
30
4
4
17
32
25
17
25
7
2
25
28
3
0
30
4
6
33
15
10
18
10
27
24
24
28
7
2
4
18
22
5
31
24
9
9
27
15
12
31
24
21
15
10
28
31
28
27
15
29
15
4
23
27
30
6
15
22
24
9
16
34
28
5
34
23
19
10
30
22
21
14
20
9
7
23
16
19
1
31
36
36
5
34
5
14
6
32
30
18
