4
21
7
34
1
1
7
8
21
35
29
24
3
36
24
32
21
7
29
2
34
29
36
35
4
36
29
14
0
12
1
36
3
1
20
29
7
35
35
8
9
34
19
16
28
26
34
1
20
36
35
9
16
25
2
29
26
15
27
36
8
30
19
4
2
15
36
10
22
9
34
16
30
11
14
11
4
27
9
18
0
0
36
12
21
17
7
28
7
23
36
18
0
28
16
19
0
2
26
7
24
22
20
31
21
22
22
20
12
32
36
25
21
21
36
33
32
20
5
20
10
11
6
33
36
18
29
5
27
29
25
9
29
25
3
13
1
35
35
11
23
24
31
36
28
6
29
20
10
25
17
16
27
8
26
11
0
11
23
34
5
20
10
27
4
2
33
17
25
15
24
15
7
2
31
18
31
32
3
6
35
22
13
33
12
34
22
35
23
19
34
2
6
6
9
22
19
30
36
9
23
