22
36
21
21
36
14
29
14
21
20
35
3
20
26
3
12
3
10
9
24
11
32
16
35
15
11
27
11
33
23
6
0
5
34
18
35
8
25
9
13
4
30
15
1
32
9
33
1
2
1
34
24
18
35
29
32
27
2
15
12
34
3
34
22
10
33
30
7
27
20
17
21
21
4
6
20
12
22
11
18
18
26
25
5
36
26
9
33
24
11
34
18
36
1
15
32
28
15
15
34
21
3
9
33
22
20
2
8
21
3
28
3
3
2
24
31
16
20
17
21
16
27
11
36
24
2
29
23
12
13
4
18
4
18
34
20
12
30
0
18
3
22
3
8
14
30
17
31
8
23
16
4
14
1
32
29
0
33
22
15
32
28
4
4
13
24
22
21
11
15
35
1
31
12
0
20
36
14
19
36
6
31
23
34
12
5
6
31
6
16
34
9
15
23
15
22
17
1
15
11
