17
19
26
20
18
11
21
26
1
1
27
22
29
17
17
10
7
35
2
14
28
15
5
34
36
15
10
4
29
4
34
35
36
27
25
2
34
30
25
14
17
18
32
36
36
24
16
33
29
14
22
4
25
33
20
20
27
14
27
24
22
8
36
5
36
29
26
33
17
4
28
22
4
2
9
27
1
27
10
4
0
4
10
29
19
7
20
11
26
36
29
11
35
7
24
10
2
7
27
2
5
30
34
15
36
20
10
7
27
6
20
16
8
21
21
23
15
4
24
0
13
0
9
23
25
5
30
7
20
21
32
6
11
7
9
30
20
19
19
13
29
18
21
35
29
13
15
21
27
17
1
10
31
20
11
9
1
27
7
21
20
7
12
28
30
30
29
5
20
6
3
16
24
31
15
12
2
10
17
17
5
8
15
28
2
27
2
8
28
6
0
16
29
6
15
13
12
14
34
