35
20
26
36
20
21
31
22
5
24
21
22
19
5
33
24
32
30
36
29
3
15
33
3
4
11
5
2
7
33
11
31
17
0
6
27
0
1
22
10
10
18
28
15
7
27
10
3
31
12
1
12
29
15
28
24
13
23
29
5
14
17
25
15
30
20
8
20
2
5
6
18
15
7
6
26
3
15
7
3
14
26
13
26
13
30
24
0
9
7
19
15
34
28
6
31
11
18
17
10
5
3
20
19
10
33
9
12
20
4
28
15
16
8
5
16
13
18
7
23
3
14
9
26
33
17
34
26
33
32
10
21
17
35
30
26
28
20
9
25
2
30
36
8
32
10
5
10
2
16
2
21
33
8
25
20
21
20
21
29
30
36
19
30
9
24
34
11
29
27
15
27
31
20
18
10
5
6
10
23
1
14
34
19
30
6
11
17
13
26
33
18
27
32
26
34
15
21
35
28
