15
7
19
11
25
13
17
4
35
15
6
2
19
27
18
30
3
26
14
29
34
19
35
4
36
7
14
20
24
5
18
31
20
21
0
4
30
3
5
15
1
34
16
5
23
29
16
24
14
6
13
18
9
4
32
24
26
31
4
7
23
4
33
22
36
13
8
23
5
21
25
1
31
31
14
1
24
20
8
18
27
10
16
12
7
4
19
4
22
16
7
13
21
29
27
18
29
25
31
26
16
30
34
24
22
12
11
17
1
32
24
14
25
19
15
24
31
8
24
7
3
26
26
10
3
31
10
25
25
12
32
24
1
0
24
16
16
29
20
35
34
24
6
22
36
19
30
28
13
3
2
19
19
35
5
24
23
26
20
14
16
33
4
18
14
10
5
19
13
17
26
7
18
2
22
36
7
6
14
19
28
17
22
5
6
9
24
33
30
19
13
5
31
17
1
22
15
0
21
19
