2
2
28
25
33
15
13
16
29
26
19
10
28
35
35
26
8
6
9
17
16
18
1
17
5
26
33
20
19
5
2
24
36
25
16
36
12
22
29
0
21
32
21
2
19
9
36
28
19
34
8
4
32
27
6
3
29
21
6
13
18
0
32
15
13
10
4
26
31
6
22
20
20
14
14
36
7
10
29
34
17
5
4
17
9
2
22
35
19
6
22
8
19
32
15
24
3
19
0
6
25
3
33
32
14
35
31
8
27
35
28
19
20
15
11
32
30
8
18
4
8
25
32
28
17
26
22
9
12
34
27
33
23
28
5
5
25
33
0
31
34
29
19
34
36
32
22
15
12
33
7
19
5
31
35
20
26
29
2
30
16
9
9
34
27
20
33
29
26
31
9
26
22
23
30
32
1
33
31
11
15
33
0
36
34
31
18
30
29
7
15
36
25
6
23
23
16
20
