17
26
33
15
30
29
21
28
0
11
26
18
28
0
12
22
7
26
34
36
25
13
7
22
21
26
4
13
27
7
12
21
22
10
32
15
5
32
22
27
14
35
7
8
9
25
33
5
35
23
31
27
33
32
36
35
14
13
32
29
2
10
5
0
0
18
20
27
8
25
1
13
15
4
11
27
17
30
26
4
3
34
18
33
31
5
2
17
3
8
22
13
16
11
36
33
28
15
11
6
26
18
36
12
30
23
15
17
23
23
23
24
8
33
18
17
28
10
4
13
35
11
17
12
31
31
22
17
25
16
23
34
23
17
13
35
0
18
28
23
32
22
7
7
4
12
32
2
3
3
15
25
1
8
3
29
25
19
12
30
14
28
10
5
6
0
25
33
30
24
26
34
13
33
6
16
6
31
8
15
26
35
13
4
2
0
27
6
15
11
0
8
23
23
16
23
20
20
