19
14
13
13
9
12
34
20
35
13
10
31
19
15
12
24
23
3
33
11
31
34
0
26
21
32
23
15
13
15
1
35
34
5
35
35
7
9
25
29
34
28
29
3
25
34
8
26
28
10
30
24
30
3
0
6
14
21
24
18
25
33
4
2
19
31
27
21
17
24
21
3
17
0
27
31
18
26
4
2
18
19
4
4
17
22
8
20
33
14
17
10
20
15
4
12
12
12
27
13
0
15
15
16
3
14
22
18
9
23
20
30
5
16
30
31
1
26
35
34
29
10
25
5
8
27
2
15
35
21
5
10
30
25
26
32
0
2
0
29
23
13
8
12
17
28
33
32
11
24
30
36
9
19
29
13
3
32
17
7
11
6
8
26
0
30
28
30
19
15
10
21
15
16
26
26
22
29
28
6
16
29
19
36
35
33
31
17
25
7
13
1
32
8
29
24
29
18
