6
34
5
17
8
15
6
7
4
13
27
31
34
7
30
31
27
35
29
32
34
26
14
18
16
27
0
12
10
19
23
8
11
28
2
3
2
4
4
21
12
23
0
15
19
13
10
12
4
2
16
30
32
6
0
23
25
7
14
30
25
30
18
3
22
14
8
14
1
15
6
19
9
29
36
36
26
33
11
14
9
23
18
3
4
31
36
18
21
3
26
17
13
32
32
27
31
10
18
14
24
6
1
22
23
34
20
4
16
25
19
22
6
23
35
0
9
34
27
10
0
28
19
24
33
6
26
27
24
17
26
0
13
21
21
7
33
23
6
21
36
36
29
28
8
30
8
32
19
3
26
29
11
22
7
8
3
24
27
9
11
15
19
19
3
22
20
28
6
7
5
29
29
36
3
13
10
24
21
7
25
28
34
3
28
26
18
3
34
28
4
18
23
32
29
29
