30
28
15
25
31
22
19
4
29
8
30
14
9
1
22
12
23
25
16
11
21
35
19
13
28
13
15
12
5
31
23
30
32
0
10
31
25
0
15
30
1
8
25
33
9
19
19
0
1
28
3
18
2
11
19
8
27
16
30
22
7
22
14
7
21
19
17
3
32
11
7
7
23
36
10
29
31
20
4
17
15
24
9
0
26
28
15
9
22
20
26
0
34
14
28
26
25
21
2
31
7
7
1
1
7
16
1
35
17
0
12
0
21
31
34
28
33
0
15
15
34
1
32
0
34
2
12
18
21
18
10
23
14
32
22
24
12
11
22
1
5
4
33
7
7
26
27
2
20
15
18
31
17
1
14
14
10
1
11
13
26
13
8
6
17
17
31
14
13
7
22
6
36
28
20
36
18
2
16
14
32
23
8
17
35
9
2
19
29
3
19
12
10
21
35
1
7
14
21
6
17
