32
16
18
10
25
2
7
6
25
7
2
33
23
1
11
1
13
23
12
16
32
1
26
16
24
7
3
13
19
3
30
10
5
34
33
19
13
23
2
21
10
9
24
15
21
4
18
33
23
7
21
32
19
11
12
15
32
24
24
13
34
11
24
32
34
7
22
27
8
8
14
24
15
23
34
11
5
3
30
20
27
22
23
24
24
16
15
8
7
35
29
28
23
10
28
14
21
1
19
5
28
20
17
1
30
15
14
31
26
8
33
3
9
32
1
35
14
5
36
28
10
15
2
23
0
23
36
36
12
5
10
34
21
36
31
8
25
27
25
36
12
12
3
29
13
28
26
14
17
21
31
23
22
9
1
19
36
33
16
2
17
16
18
10
35
5
26
34
33
1
19
16
3
10
18
2
27
33
25
29
15
5
5
2
35
11
12
22
33
34
3
20
27
25
13
18
36
29
