29
18
30
21
26
20
10
10
16
11
35
28
28
23
36
35
11
35
2
12
23
32
3
1
20
17
19
28
10
16
15
9
29
33
29
4
15
23
27
30
8
34
3
32
32
20
9
8
30
4
28
23
7
30
29
11
16
31
1
4
2
33
1
28
4
11
5
29
17
36
23
4
6
3
14
26
3
12
30
0
13
19
19
36
12
9
12
14
17
17
24
31
28
20
14
21
33
28
17
19
13
28
34
9
27
28
26
19
31
31
23
17
30
6
13
18
28
5
12
28
8
19
32
11
0
35
9
20
20
29
10
18
19
23
11
35
10
34
6
17
15
1
36
3
24
18
1
17
1
16
12
28
4
31
14
12
2
9
15
28
30
33
27
22
23
14
4
19
27
2
30
25
10
36
21
21
30
34
24
19
24
29
23
30
0
3
4
0
2
0
30
9
29
25
10
15
35
21
24
