19
8
35
1
24
8
5
23
15
30
27
25
5
12
19
5
15
8
32
12
18
8
12
4
34
22
29
35
5
5
3
6
13
16
14
20
27
17
34
17
21
25
12
7
5
26
8
11
18
8
18
21
11
6
1
18
18
19
17
34
36
34
1
35
35
32
5
32
19
10
1
24
22
12
15
3
9
21
36
26
33
2
31
18
4
28
1
23
26
16
27
11
24
1
15
32
21
24
19
7
23
31
6
25
9
5
28
17
22
33
25
25
6
24
19
20
31
12
20
6
10
36
3
25
19
1
19
33
17
30
12
32
22
29
2
33
5
22
6
8
31
32
27
18
32
31
3
2
6
22
15
24
14
12
2
6
22
4
20
20
19
15
26
19
13
29
34
10
7
7
0
36
36
11
11
10
14
22
32
35
27
16
15
27
19
14
3
11
33
23
35
33
22
21
8
29
22
14
22
34
