37
16
32
3
17
22
14
23
8
13
10
12
28
5
25
32
29
30
6
1
20
13
36
22
14
22
29
7
35
16
7
16
6
34
6
31
34
8
28
1
9
30
1
7
29
19
13
4
21
16
35
3
28
33
17
11
8
32
1
12
18
5
11
33
14
12
28
29
23
20
10
2
29
6
6
12
9
29
28
16
12
31
4
24
27
14
26
12
34
29
25
18
23
4
24
29
27
0
14
31
36
9
24
25
29
7
17
27
14
22
7
3
13
15
28
13
18
32
19
20
12
21
27
6
22
27
31
8
24
12
20
26
30
18
14
30
36
20
36
17
1
13
14
13
3
0
12
10
32
18
13
25
31
35
26
25
3
3
4
35
33
18
21
3
23
7
33
22
19
2
19
2
8
4
33
14
12
32
21
29
20
28
7
6
21
19
16
36
24
7
17
6
16
11
8
10
30
35
24
29
18
