3
1
26
4
11
21
15
5
17
35
7
26
15
4
19
5
36
9
11
2
17
33
33
13
32
3
7
26
36
30
14
22
16
20
36
0
8
4
1
16
12
26
4
5
30
10
9
11
11
2
30
12
21
36
16
2
34
21
14
1
25
36
3
29
26
22
6
6
7
34
26
22
12
1
22
20
32
5
29
22
34
2
2
6
1
27
21
32
20
20
2
32
25
31
15
19
36
27
11
2
3
6
33
22
22
32
19
15
1
36
2
5
33
4
8
15
15
22
1
4
29
16
12
14
34
12
31
4
5
28
12
29
5
21
12
14
15
1
23
21
2
2
25
21
23
22
7
8
19
30
11
19
29
30
5
10
22
26
24
21
2
16
9
26
12
22
22
33
30
26
8
36
3
28
17
30
14
18
21
28
24
10
16
2
2
13
9
19
35
28
23
23
13
3
20
33
4
