20
33
10
6
6
6
27
8
14
20
26
31
28
24
0
9
28
16
30
4
31
19
33
4
27
32
23
3
35
1
30
18
4
8
2
17
35
12
20
23
22
14
34
30
18
1
27
5
26
20
4
8
1
28
20
24
2
17
4
28
9
29
16
17
25
7
30
9
32
1
8
7
12
28
7
32
14
2
12
18
32
26
26
30
5
10
7
3
11
12
12
25
31
0
17
29
33
25
10
2
34
20
27
15
8
3
20
28
17
10
12
5
20
22
30
13
21
14
24
35
23
16
8
21
13
36
14
20
14
15
22
26
36
28
23
19
5
9
11
3
8
27
1
5
12
23
14
11
24
36
4
24
34
29
7
17
17
0
8
14
34
19
12
2
27
32
2
11
30
17
25
36
9
34
33
29
25
23
17
33
24
14
12
11
29
5
17
22
20
5
20
4
17
9
9
16
31
28
7
