10
20
31
3
15
0
6
6
11
4
33
21
3
12
17
18
8
1
34
13
14
0
4
16
8
32
24
32
10
17
7
11
8
19
33
30
12
5
14
11
15
23
22
31
4
25
13
29
27
3
14
21
36
22
35
4
7
35
16
31
22
16
6
20
15
18
35
11
15
16
25
23
1
21
12
20
28
1
1
35
8
6
32
11
34
20
26
15
19
6
33
12
29
29
25
21
16
7
7
30
3
26
21
23
21
2
35
8
36
8
22
19
33
3
7
0
5
36
7
34
19
9
31
0
4
11
15
7
30
35
7
12
27
2
16
11
24
13
3
25
18
30
22
29
25
1
10
32
28
32
24
14
5
17
26
36
2
7
21
3
17
23
11
29
22
19
3
19
27
8
2
36
21
18
1
36
2
29
5
20
9
11
30
2
25
15
35
35
28
5
34
13
28
12
28
31
21
