14
13
28
1
36
19
4
5
18
13
23
29
8
35
3
21
18
3
13
25
13
25
11
14
12
27
22
19
33
9
33
17
21
23
9
29
3
28
13
32
7
23
29
2
14
13
27
25
23
13
31
20
5
28
0
8
17
36
12
8
17
21
20
16
20
5
32
34
18
35
32
5
10
25
33
4
26
31
12
22
25
28
32
9
13
20
14
27
3
6
29
4
16
3
17
12
0
0
24
8
35
32
12
12
21
4
1
7
4
15
27
21
17
32
7
24
4
36
21
3
5
26
14
18
29
25
17
32
8
11
10
8
27
1
16
4
8
19
13
21
27
32
14
17
36
33
11
7
31
26
6
2
3
26
28
24
1
9
24
25
14
24
34
33
16
2
12
19
1
5
25
18
9
19
20
5
6
29
0
11
36
26
5
10
12
7
21
32
35
29
12
25
20
30
30
35
20
1
