26
10
31
4
16
32
13
21
6
11
1
13
6
3
36
4
31
25
19
9
1
32
20
29
7
25
27
21
15
32
31
11
19
22
8
2
9
20
21
26
26
5
2
22
1
8
19
36
30
13
33
11
15
18
12
35
18
6
3
1
10
16
31
15
2
28
26
1
30
31
15
1
13
23
16
17
29
24
23
29
22
26
34
9
34
27
30
6
35
15
3
24
27
21
0
23
19
18
25
24
31
4
1
26
22
16
4
4
16
1
15
2
24
3
10
12
26
3
4
5
23
20
10
15
1
0
12
20
8
2
22
17
25
23
4
13
11
12
27
9
0
36
20
6
11
14
21
16
14
17
7
12
22
29
1
22
1
17
6
16
25
28
28
5
18
10
4
25
19
7
7
33
12
17
32
16
29
4
1
4
12
22
29
26
3
0
8
7
26
5
32
33
6
20
4
8
35
5
