14
0
15
22
25
7
22
35
31
13
33
34
6
4
5
26
9
24
2
28
26
26
5
15
28
32
33
20
16
5
30
34
33
30
30
16
19
21
3
24
12
2
9
34
25
23
4
30
16
25
10
23
14
3
29
4
36
29
18
5
20
25
14
27
27
6
36
27
25
3
7
31
2
25
0
27
15
33
27
2
23
22
33
32
33
3
7
27
32
13
11
12
23
14
6
2
3
25
33
14
15
4
20
19
25
24
35
6
16
5
22
32
11
36
24
25
24
20
18
13
12
14
31
0
19
36
18
5
8
9
7
11
0
16
9
26
10
33
0
22
5
36
21
6
9
1
33
20
34
24
31
20
1
0
31
31
36
34
27
19
20
21
19
3
5
8
12
28
14
22
24
17
13
3
28
9
8
23
2
4
28
30
15
33
23
1
29
33
23
0
18
1
35
12
3
36
24
35
0
14
