27
35
7
18
2
29
34
35
5
13
21
6
35
15
30
10
8
36
26
15
26
19
17
21
3
19
29
18
19
5
32
7
4
1
5
33
4
15
32
4
26
24
15
15
2
24
1
19
23
16
13
19
22
30
16
30
0
21
4
4
35
33
33
5
15
25
31
26
31
32
8
32
6
3
24
33
31
6
6
31
19
6
13
13
24
23
2
23
27
2
31
4
8
30
13
17
21
9
21
25
0
3
8
25
27
4
18
18
29
2
33
17
16
30
13
0
26
25
1
29
4
15
35
0
20
0
33
17
5
19
18
34
1
20
35
11
31
19
30
9
27
4
20
8
5
33
36
10
36
30
22
1
5
14
32
35
15
10
27
1
5
8
29
30
29
14
5
13
36
33
31
16
17
22
7
17
30
13
0
1
2
16
3
36
12
31
24
35
21
10
4
7
3
3
35
2
8
22
2
12
10
