13
16
11
25
36
23
13
30
23
24
25
24
27
27
5
28
1
17
20
31
26
12
14
1
10
31
11
12
31
19
2
8
9
6
18
24
22
20
5
13
17
33
34
28
19
28
9
35
14
8
32
22
4
36
26
0
30
1
12
9
23
34
23
16
36
31
18
13
25
17
1
20
2
33
22
15
23
24
17
1
9
26
35
17
12
19
25
13
32
27
29
4
12
12
12
28
17
13
31
30
10
19
21
5
33
13
29
33
30
22
13
26
13
14
30
27
3
36
14
22
8
15
30
1
4
27
30
35
27
11
27
25
9
21
1
3
27
8
16
18
24
23
32
24
16
17
27
5
20
4
22
29
6
6
5
20
8
34
32
9
2
21
2
4
9
17
2
22
6
34
6
4
19
0
18
1
11
24
10
17
21
6
24
1
1
25
2
0
11
14
26
20
22
32
11
11
30
