15
8
11
0
31
17
3
22
20
36
29
31
13
5
5
24
18
3
4
35
22
19
8
5
31
27
3
1
24
7
23
23
25
7
11
33
11
10
19
12
34
3
29
24
22
28
27
0
35
5
3
27
23
23
0
1
20
35
10
12
17
5
24
11
25
2
5
20
29
32
22
11
33
36
16
3
16
20
10
31
34
13
16
2
31
5
9
13
2
20
3
35
36
33
25
26
9
20
36
32
7
22
23
18
27
32
3
29
8
16
35
10
13
22
7
7
16
1
22
34
34
11
6
15
13
4
11
8
10
0
9
2
35
5
28
14
8
15
6
25
1
8
8
11
34
29
29
18
24
33
13
18
36
15
20
15
15
8
16
23
34
7
9
24
25
15
33
16
9
17
3
22
35
17
5
16
20
30
31
10
24
27
36
11
0
0
36
36
5
11
5
26
14
6
20
34
18
