32
18
12
23
16
35
28
13
25
35
19
25
19
6
29
24
31
9
20
27
27
25
23
24
28
20
3
3
19
10
10
1
29
36
15
9
26
28
24
23
18
22
23
31
20
1
22
6
1
8
12
6
25
25
16
21
3
10
25
34
36
34
11
5
3
31
14
2
20
13
28
6
19
9
7
31
0
20
9
31
9
2
24
12
31
22
23
23
19
11
22
11
7
8
6
25
2
30
1
5
1
32
24
5
19
26
32
20
23
4
4
11
9
25
24
34
17
20
31
15
14
29
5
1
20
32
31
0
25
35
32
7
25
7
22
17
8
27
17
21
21
7
13
20
3
24
32
3
36
31
18
2
7
25
20
5
27
4
26
35
10
29
1
34
31
35
29
24
27
19
9
2
25
29
11
7
1
34
11
5
26
10
2
20
20
9
12
3
28
17
24
20
19
7
35
8
26
17
