24
12
29
15
24
17
3
3
2
23
12
32
33
28
32
18
33
36
25
16
27
32
36
11
32
33
2
0
33
7
27
20
27
8
25
23
11
11
22
22
17
29
10
24
0
9
26
26
10
20
33
17
11
21
20
7
24
16
9
28
20
34
16
19
13
10
26
14
19
19
12
10
14
14
14
31
28
11
18
33
4
1
20
20
34
7
8
10
4
3
30
10
17
12
24
30
20
9
19
29
2
27
2
11
7
19
21
7
16
12
11
1
7
26
19
17
10
12
27
18
20
3
35
20
6
19
36
30
35
1
28
3
32
18
18
32
9
26
10
4
32
28
1
31
6
6
6
33
11
19
14
33
12
18
25
29
17
18
6
3
20
34
11
2
3
33
24
23
7
30
15
20
5
0
20
11
20
26
2
20
33
1
20
9
6
29
6
18
32
22
5
21
1
34
31
30
6
0
20
