11
18
2
18
11
14
10
24
0
10
10
8
36
27
17
4
23
18
0
11
28
17
21
5
36
2
35
26
33
36
30
11
2
31
31
1
30
21
18
13
24
5
0
1
13
4
11
29
13
12
4
19
25
13
32
17
28
25
3
15
27
22
34
5
9
6
30
16
36
24
3
2
14
4
2
30
8
20
13
14
30
18
21
35
11
7
29
8
18
32
18
30
36
22
4
33
36
36
21
27
2
5
15
18
16
20
28
36
36
15
29
25
16
9
24
1
1
4
18
36
21
9
10
20
20
15
27
11
24
11
5
26
7
14
34
23
35
24
12
20
25
5
30
34
24
24
9
7
13
12
30
0
2
5
33
36
17
3
8
8
17
27
4
19
21
24
6
0
3
11
5
35
33
20
36
20
7
28
26
13
4
16
34
33
14
28
27
30
8
22
29
31
0
5
23
27
18
2
24
