22
22
23
24
17
11
0
30
28
2
13
5
5
13
28
19
15
8
29
18
11
23
10
9
18
9
0
6
24
30
18
12
17
35
7
23
34
34
4
28
14
0
25
30
21
10
25
26
32
26
30
4
11
17
20
28
16
30
5
34
19
23
1
16
22
27
27
19
8
12
29
6
3
26
36
29
5
27
3
23
5
27
24
24
12
1
5
17
3
23
25
7
25
19
26
34
11
11
30
32
1
35
31
28
15
2
22
19
2
5
28
36
10
28
10
35
2
9
33
36
8
17
32
12
10
31
23
4
13
27
5
20
17
28
21
26
18
15
29
13
9
31
33
22
5
8
35
3
5
11
3
1
35
15
36
19
2
8
16
25
3
10
4
24
0
12
0
9
12
1
19
34
27
22
6
6
25
0
31
26
22
9
31
17
20
6
29
0
8
35
1
31
16
2
22
33
