21
12
10
32
31
25
24
3
3
11
6
11
26
22
6
33
2
11
27
31
6
5
5
33
23
30
28
11
16
28
13
27
14
15
21
22
11
31
29
28
27
26
35
29
8
27
8
12
32
36
16
17
22
20
16
9
8
36
24
7
29
9
9
34
5
31
18
1
32
4
20
16
19
5
35
32
0
0
0
35
20
21
8
27
4
8
8
11
35
17
24
28
28
0
18
21
13
28
4
32
1
27
4
33
2
26
34
35
16
30
13
34
12
23
30
4
28
18
22
36
18
17
15
18
8
21
21
11
18
32
32
16
30
4
1
7
11
33
24
32
8
18
23
32
11
24
14
21
21
23
0
34
24
8
25
22
32
14
35
3
11
10
8
32
2
1
18
2
24
1
11
6
16
11
22
19
11
10
1
11
24
19
28
25
5
2
8
25
15
3
31
35
33
28
35
15
32
