23
18
0
34
8
26
12
1
9
34
35
31
25
2
4
1
4
33
10
36
31
28
18
25
34
26
6
17
9
31
27
26
24
11
29
9
8
14
31
1
27
31
22
0
3
7
11
19
30
30
30
22
34
7
13
23
35
35
29
34
12
1
8
23
31
14
5
19
4
7
10
22
24
1
11
8
28
0
10
23
30
8
28
27
3
31
1
32
35
22
6
33
21
34
9
20
19
6
31
25
10
33
7
5
12
21
33
27
33
26
28
4
8
2
14
24
35
18
5
1
28
7
16
6
27
6
32
34
36
28
1
15
31
33
27
20
31
29
11
23
16
12
2
14
10
9
13
32
27
20
6
10
32
25
19
31
34
17
3
33
7
7
22
35
35
25
22
16
7
24
13
18
36
35
15
14
14
14
16
15
17
28
16
0
27
2
5
20
19
12
25
19
10
14
34
11
17
3
9
