8
32
13
27
15
22
19
12
31
6
6
10
5
12
11
35
2
7
5
0
34
20
26
14
19
24
6
3
17
21
12
27
19
33
23
5
3
5
31
36
13
27
11
24
16
11
20
32
18
14
28
10
18
35
24
15
25
0
14
4
17
9
24
11
13
28
26
18
9
6
28
31
1
16
35
9
14
35
15
16
20
27
36
4
24
21
27
23
4
31
19
34
9
21
24
28
17
18
6
26
27
36
8
32
26
7
28
27
9
36
24
25
36
36
12
34
3
34
6
32
28
32
22
29
30
14
35
6
2
10
14
9
32
17
1
6
31
21
16
22
10
7
1
7
18
32
28
12
6
36
27
6
1
28
36
4
36
21
18
32
22
26
26
0
18
34
25
20
21
34
31
3
33
5
13
35
6
36
11
31
11
2
36
32
8
18
35
8
8
7
35
30
18
35
25
26
2
35
