6
16
11
34
27
3
0
25
6
1
35
15
21
25
0
26
21
11
4
11
7
0
1
25
24
30
2
4
3
31
26
32
27
30
8
27
3
12
0
33
7
18
3
19
16
4
24
29
31
0
18
17
13
15
33
15
5
12
3
30
8
29
16
12
16
15
4
31
22
25
11
24
11
10
13
31
23
24
9
21
25
17
33
19
10
3
16
33
34
1
7
1
14
35
4
26
8
9
2
25
19
26
18
16
21
23
10
31
29
8
25
22
2
15
20
2
16
9
2
13
36
21
10
29
9
25
18
34
6
30
29
0
29
26
10
30
18
13
22
2
24
30
24
1
1
24
20
15
19
27
12
15
18
12
16
21
0
14
3
24
13
1
0
8
20
35
9
28
5
17
5
35
31
25
0
19
25
16
8
25
25
0
0
3
22
2
15
33
16
3
6
29
35
31
25
20
4
