7
14
0
16
32
14
7
5
9
29
14
28
17
4
32
31
33
1
0
0
13
33
24
19
24
8
6
25
36
8
16
6
5
18
9
17
36
12
9
10
16
10
5
25
24
12
10
19
14
16
33
1
9
12
22
35
11
11
0
21
27
31
10
3
12
16
6
4
12
8
25
10
17
27
16
14
14
26
33
14
24
22
30
32
0
1
29
16
3
30
35
34
17
1
32
14
32
10
18
5
12
36
13
16
36
26
14
21
32
32
35
6
24
29
29
1
16
18
23
7
33
25
24
0
12
15
29
1
13
4
9
3
22
30
7
25
7
14
8
32
26
3
14
18
31
19
35
28
2
12
18
26
10
10
30
0
35
14
3
35
17
10
36
14
18
27
23
28
34
16
19
20
4
11
33
36
33
20
1
31
34
5
11
27
12
33
23
30
12
7
14
22
2
34
6
22
22
5
21
7
