5
28
29
19
34
15
19
5
21
0
20
17
9
8
3
5
10
36
14
13
32
32
26
36
7
0
34
34
6
12
35
3
31
4
10
1
7
4
12
28
24
19
10
22
11
34
15
3
20
8
28
16
8
24
35
36
19
27
2
0
19
36
6
7
12
27
25
36
7
30
25
10
23
33
16
31
29
26
2
33
25
25
4
16
35
10
23
5
6
16
20
2
3
19
31
12
1
36
19
1
15
23
33
4
29
30
35
18
33
32
35
6
6
19
8
3
15
4
8
10
26
32
32
3
4
10
31
18
27
2
36
5
18
30
20
16
34
13
16
24
13
20
30
30
9
26
36
13
14
10
0
14
30
0
15
4
36
30
10
22
17
19
21
9
9
23
22
4
29
18
19
3
10
12
29
22
3
8
26
15
18
3
21
35
10
22
9
16
18
32
27
12
23
32
14
25
21
11
12
9
