2
17
10
29
18
16
33
14
29
9
26
24
27
25
6
13
20
16
0
21
2
14
12
20
29
24
7
31
17
34
34
16
34
23
5
32
10
25
21
4
16
30
30
27
26
6
21
22
3
21
19
3
26
27
23
25
23
3
27
8
12
22
16
12
4
31
19
10
30
9
35
16
15
12
18
27
0
33
27
4
5
22
17
22
30
15
36
3
33
2
28
22
19
8
1
36
9
6
16
31
4
19
8
7
17
33
24
33
33
7
18
26
27
5
12
13
28
1
22
19
6
19
34
0
30
8
21
11
17
6
1
7
10
20
10
6
11
28
11
24
28
0
21
32
34
15
36
22
31
24
18
0
30
20
7
10
13
11
13
8
3
4
13
20
1
2
18
9
2
15
22
30
8
22
9
36
0
20
10
12
1
36
15
17
1
23
7
2
7
9
31
26
24
36
31
3
36
1
