10
33
3
23
14
9
36
14
17
29
2
33
1
10
27
20
17
2
34
36
33
9
36
35
15
19
15
7
9
17
28
4
33
34
34
6
21
32
28
10
32
26
1
8
19
29
29
1
15
24
30
21
22
10
14
19
20
6
5
35
36
4
1
1
33
31
14
36
35
28
0
23
5
27
4
5
34
13
3
23
0
26
15
7
27
30
16
0
17
8
19
9
21
15
3
25
5
35
18
27
0
2
35
4
13
34
23
25
29
19
12
8
21
1
24
26
30
6
24
35
21
20
23
25
32
13
26
8
36
33
19
8
2
25
17
5
18
34
17
31
23
0
9
32
8
34
10
31
8
6
36
27
35
33
19
7
36
1
20
10
10
2
0
29
18
34
23
34
10
26
15
15
21
28
0
10
9
28
19
20
14
34
4
25
7
30
33
21
21
26
5
13
33
11
20
29
36
15
19
26
