24
30
10
1
17
13
1
28
4
0
12
5
11
29
36
1
29
13
21
26
18
3
34
8
17
24
26
34
7
11
34
9
19
13
15
17
35
13
4
5
28
24
21
33
12
16
35
11
13
8
6
27
1
17
2
28
22
12
22
29
25
35
26
21
8
3
15
20
35
19
4
15
29
4
18
26
3
7
14
26
15
14
19
32
15
25
36
18
31
29
21
28
11
23
16
15
6
32
34
11
6
9
20
14
1
1
0
34
23
34
0
10
20
35
29
36
28
34
19
24
8
34
27
0
24
11
9
16
24
18
20
30
18
1
17
17
25
2
15
2
36
10
23
18
30
15
34
19
1
27
15
12
11
21
32
18
35
20
29
1
0
34
19
17
4
20
29
36
8
6
31
21
8
7
4
25
29
1
19
29
21
5
18
20
34
1
34
5
29
21
6
25
10
15
33
5
