33
21
27
5
36
19
33
26
34
10
23
1
6
13
5
17
25
21
19
15
24
9
20
28
4
29
23
27
35
27
15
25
35
14
8
2
24
22
9
16
25
26
6
18
2
3
31
5
8
9
8
29
6
30
28
24
0
14
2
15
15
19
33
23
13
5
1
19
11
20
10
1
27
32
28
20
21
12
21
26
21
24
7
33
24
18
10
15
14
12
7
22
22
10
23
36
34
33
9
24
28
12
4
30
1
14
28
34
7
32
27
35
28
23
12
10
16
1
22
29
5
0
36
19
36
6
21
32
23
34
6
35
16
22
4
13
19
3
0
3
12
17
5
10
32
29
7
33
29
14
35
31
1
12
36
7
36
10
25
19
16
26
14
17
18
36
17
13
4
23
17
10
29
34
15
19
36
15
4
23
24
15
28
31
29
35
6
31
18
29
36
29
29
10
15
4
