21
28
15
8
14
26
23
27
11
36
15
9
22
2
26
4
9
1
4
7
19
10
22
3
2
30
34
15
20
15
25
0
33
19
25
17
16
31
36
6
9
21
25
0
3
24
11
20
36
4
12
31
6
18
12
5
13
15
5
5
12
11
7
17
2
16
12
2
7
4
33
19
27
17
11
24
11
17
12
30
9
9
21
35
6
15
14
9
4
14
16
31
14
12
28
32
35
23
8
0
23
30
6
5
6
24
28
20
30
15
26
0
16
11
18
19
3
6
26
15
12
31
31
27
17
21
23
22
31
30
34
7
17
10
18
32
9
28
11
4
12
11
34
9
31
26
5
35
15
19
34
4
6
1
2
20
31
33
29
29
24
9
6
27
24
3
19
17
35
16
23
32
32
34
32
9
1
20
6
2
25
16
14
34
22
4
28
13
28
34
5
29
10
3
4
22
30
26
