17
1
26
19
21
25
9
12
6
0
36
16
33
20
9
23
30
16
10
31
31
34
1
2
15
35
34
15
3
27
34
13
29
10
21
21
7
34
21
11
0
14
34
35
34
24
25
34
23
3
20
32
22
34
24
9
7
12
24
29
32
28
34
12
1
13
13
23
7
26
36
24
14
32
35
4
23
16
11
24
18
29
18
30
22
4
20
33
9
1
4
16
0
20
3
21
6
22
16
31
6
15
23
28
23
5
19
10
0
22
3
6
26
16
15
19
22
24
6
21
31
28
30
0
1
2
26
30
32
18
18
31
5
29
25
5
36
1
5
20
30
2
2
11
32
5
33
28
5
18
16
24
9
35
22
17
23
22
21
18
35
0
1
30
23
21
1
11
18
26
4
27
6
23
24
25
5
28
2
17
34
4
9
2
0
29
5
30
6
24
8
29
9
21
16
16
20
0
34
14
