35
18
13
24
21
4
32
25
4
33
14
36
36
10
22
9
23
13
34
27
6
4
36
26
15
33
35
14
30
6
29
32
15
10
34
9
26
29
7
17
25
25
2
9
2
3
13
6
18
32
35
32
30
7
34
14
4
29
16
26
24
11
33
0
17
24
11
31
18
30
19
15
8
28
0
3
14
15
11
19
28
25
14
19
33
2
33
16
26
30
7
20
36
14
28
9
11
30
4
23
5
25
2
36
18
22
25
11
16
14
11
30
36
25
2
33
28
7
19
6
7
9
9
36
11
24
23
31
14
26
18
6
26
26
34
5
33
17
30
19
0
14
1
28
25
1
2
7
9
32
6
24
3
23
17
32
35
36
9
33
12
22
6
1
30
11
18
31
0
32
8
5
27
19
9
34
14
36
17
7
6
21
35
15
30
17
1
6
27
24
11
4
32
32
36
30
36
8
