36
13
4
2
24
29
24
7
12
30
25
10
19
10
11
35
27
25
29
23
7
5
27
18
32
4
2
6
22
32
2
20
16
25
9
11
14
21
31
36
28
26
22
29
36
21
11
29
33
27
35
1
35
16
33
29
4
20
31
14
25
36
19
32
34
7
28
29
3
19
22
29
20
34
3
20
31
15
1
7
0
15
6
2
32
24
21
2
22
1
24
28
18
20
36
28
22
20
10
2
21
24
21
12
24
3
30
6
27
30
16
30
23
31
1
9
20
17
22
17
11
32
1
23
14
6
7
21
1
5
22
33
0
2
20
17
12
35
15
32
16
15
36
2
10
30
26
8
28
7
13
12
14
32
3
28
11
24
2
6
7
10
11
30
1
21
27
18
6
4
22
31
21
3
33
35
19
14
26
29
20
0
9
4
31
33
6
8
15
29
31
3
11
33
22
36
21
11
