33
33
32
22
2
3
16
20
8
18
1
17
16
8
32
34
24
28
3
25
0
8
33
21
28
14
2
7
22
24
0
25
11
32
23
8
10
14
29
17
8
27
0
14
3
14
14
2
12
5
20
19
23
1
35
20
15
4
12
36
33
4
15
18
21
16
20
17
23
21
21
7
21
9
20
1
26
6
3
4
1
11
5
27
31
3
24
27
12
22
11
20
4
30
5
4
11
9
35
27
12
26
28
25
25
24
9
22
9
13
10
30
1
9
18
3
10
12
15
34
14
8
19
33
33
6
34
8
14
15
34
21
19
13
19
7
30
28
18
9
10
19
35
11
6
24
2
20
5
4
33
10
0
32
15
18
13
28
22
21
12
19
13
1
12
26
23
16
21
22
10
1
26
16
23
3
21
36
28
18
24
5
14
23
28
18
12
17
13
1
17
32
31
22
9
32
