14
8
7
16
6
21
5
3
23
13
19
15
8
1
19
33
22
9
36
21
11
2
8
24
21
8
1
32
11
5
31
13
13
13
16
18
11
29
9
27
35
4
25
27
2
26
16
8
19
8
4
34
31
33
17
4
9
0
15
22
20
28
16
27
11
12
20
19
29
6
25
12
21
31
4
25
4
31
9
27
21
6
0
24
34
31
29
4
0
34
5
4
15
19
27
17
0
11
8
18
32
11
7
8
26
27
24
4
10
30
35
9
25
33
29
27
5
8
6
11
27
9
34
14
17
19
32
13
34
22
26
31
3
11
19
7
26
33
23
22
31
31
12
12
31
12
32
26
31
7
2
3
2
27
10
29
19
21
29
35
29
32
20
8
20
6
33
26
22
28
11
29
21
24
22
11
15
29
2
35
17
21
12
7
23
34
29
11
25
6
23
14
34
31
29
21
4
12
10
