25
8
29
24
13
19
25
15
16
9
33
22
3
32
17
25
32
11
12
20
21
0
2
16
5
4
11
33
22
7
7
26
3
0
8
5
20
15
27
3
3
19
0
13
10
12
33
5
32
26
13
20
0
15
29
0
18
23
13
5
6
15
17
6
3
29
12
33
23
31
23
30
28
2
17
5
33
0
16
7
31
15
36
26
1
20
33
35
0
28
2
22
30
24
14
25
14
28
20
24
35
0
33
5
17
33
5
33
34
18
13
23
28
0
13
18
33
36
21
27
33
16
30
29
22
33
2
0
29
24
9
8
14
16
17
17
6
22
16
5
20
28
24
3
6
10
1
34
19
14
16
18
1
4
2
4
27
30
21
36
33
3
15
9
16
14
11
36
26
25
2
16
21
2
34
27
20
35
6
19
35
2
26
16
10
15
36
3
26
12
3
18
16
4
23
11
20
22
25
