20
18
24
32
11
13
14
36
0
26
13
36
0
2
9
17
17
20
29
33
15
13
35
15
34
34
13
0
18
7
6
32
26
6
30
29
26
23
4
17
16
18
18
17
18
6
23
18
9
7
8
10
20
4
33
19
16
12
10
22
6
0
3
0
17
33
15
34
24
8
0
23
5
23
13
36
27
6
2
13
8
26
9
16
2
13
23
0
25
25
28
27
12
15
2
8
29
8
22
26
8
2
11
18
18
19
18
35
4
23
7
24
1
35
8
32
36
0
34
13
22
7
7
11
7
26
25
15
21
27
4
4
1
25
5
15
19
26
25
22
30
27
17
11
26
27
9
35
8
25
3
27
35
29
10
30
11
18
11
23
11
2
32
23
17
9
26
25
31
20
19
22
35
16
21
23
1
10
26
26
22
23
15
19
10
1
23
23
25
9
17
13
3
6
31
36
14
