33
26
35
5
27
13
11
20
6
31
2
6
26
11
18
3
5
28
21
29
23
26
2
9
20
12
28
3
9
25
25
9
23
32
28
26
31
10
33
2
32
14
32
19
21
6
31
32
15
9
30
14
24
27
34
16
24
21
14
0
27
32
26
26
25
10
14
20
29
11
6
36
20
31
3
32
3
35
0
33
20
9
4
33
27
27
11
20
31
17
29
24
25
32
35
7
33
28
0
29
11
10
26
33
30
29
0
8
8
21
16
12
35
30
27
1
9
32
28
23
16
25
11
34
26
34
23
29
17
18
25
7
5
4
28
4
3
2
30
31
5
0
26
20
6
2
7
24
20
17
22
0
17
5
33
25
14
31
8
34
2
7
7
29
19
34
10
4
8
8
20
13
21
3
31
14
8
24
0
29
5
17
19
23
11
25
26
32
18
34
17
14
35
9
30
17
16
34
