33
10
4
33
7
14
6
6
18
20
12
21
2
11
24
22
18
0
15
12
16
34
20
6
2
33
8
34
8
2
22
3
0
24
32
34
8
24
29
16
4
25
1
35
4
19
2
12
34
28
8
16
17
2
9
27
29
18
4
32
3
22
2
2
32
3
4
14
28
23
20
3
34
22
30
8
33
19
29
11
14
35
34
22
31
26
21
36
4
17
20
19
32
36
8
3
8
29
27
6
17
25
19
14
11
25
17
19
10
31
28
36
14
16
28
19
11
19
3
21
15
32
26
7
4
9
10
27
34
33
15
31
2
16
13
2
7
27
12
19
35
22
28
24
8
12
14
23
22
27
0
35
0
13
0
24
26
22
17
23
25
1
28
25
12
12
26
21
26
27
12
36
16
8
20
0
10
26
21
12
19
4
14
36
19
21
21
0
32
3
7
7
17
18
11
4
17
29
34
