36
35
31
9
28
16
3
32
33
8
10
8
4
7
23
5
20
23
20
14
13
25
24
15
1
24
10
8
3
34
17
9
23
0
13
13
25
13
6
21
25
3
10
33
10
23
7
7
14
36
33
7
32
15
3
26
10
14
4
32
15
31
3
13
18
5
5
30
17
8
24
18
17
34
16
21
8
16
27
19
0
12
21
15
34
23
23
23
9
7
10
27
13
35
20
6
21
5
32
19
23
19
25
20
20
5
26
4
12
21
16
20
30
3
31
26
11
3
19
15
31
18
4
24
1
27
21
2
29
2
13
7
30
8
16
32
5
31
19
25
19
17
4
12
10
28
16
12
34
19
12
9
35
31
15
28
10
34
19
15
8
25
0
30
8
33
36
11
16
7
30
16
6
17
15
4
6
6
2
18
14
21
15
19
2
26
29
18
12
32
26
27
23
0
10
19
26
