37
9
30
33
36
7
33
8
15
18
17
23
30
23
17
19
32
1
19
6
22
13
29
12
26
36
2
17
10
15
18
25
22
7
5
1
34
22
31
26
15
1
19
20
13
8
19
35
21
35
14
31
34
32
24
10
28
5
25
33
12
16
19
18
1
6
20
27
15
35
3
31
28
15
32
16
32
30
2
11
0
9
35
34
26
28
35
27
30
24
2
2
24
6
8
27
2
32
19
13
32
15
30
28
27
9
29
35
32
24
16
34
31
35
30
21
17
19
25
21
34
30
32
4
5
17
23
5
6
15
32
34
3
6
13
7
36
16
18
11
3
33
11
13
27
7
23
6
11
9
12
1
24
4
9
36
34
23
11
32
34
34
1
15
13
4
18
35
36
19
4
27
31
27
31
34
6
31
4
36
24
24
24
20
10
35
8
12
6
31
6
19
9
12
29
33
