37
31
9
23
4
2
1
15
0
16
17
12
7
3
5
36
33
10
3
28
9
11
31
27
20
31
10
0
31
0
11
20
18
34
8
6
16
30
16
34
28
34
0
11
19
0
1
33
19
28
29
34
9
35
26
4
18
21
28
6
32
28
25
3
27
5
30
2
24
19
16
15
2
1
35
9
28
12
7
21
1
26
8
17
6
29
6
21
19
36
34
5
24
12
8
34
4
34
22
12
19
26
4
26
34
31
17
27
26
12
0
18
20
34
35
15
15
22
35
9
19
16
17
13
6
12
22
14
5
19
2
29
28
3
29
11
14
17
7
28
6
13
20
32
35
9
16
11
27
29
23
9
23
7
5
1
35
32
26
14
4
4
32
23
15
20
5
24
21
22
16
36
4
12
23
14
9
36
30
6
21
4
34
1
33
0
17
7
1
32
23
15
10
3
17
13
23
