16
34
23
24
7
7
2
8
22
6
3
6
8
34
0
8
11
5
19
25
2
24
33
20
16
24
34
7
13
30
16
22
36
7
7
5
33
23
2
27
14
20
17
8
18
32
28
32
2
33
2
17
15
13
0
35
6
15
24
10
31
35
34
22
10
3
4
35
1
18
30
32
25
19
32
1
4
33
5
4
35
25
8
31
24
2
0
4
21
22
9
6
17
14
0
30
19
23
8
34
8
35
7
3
20
21
12
4
23
19
27
24
33
8
30
24
26
21
18
21
10
13
23
23
35
27
0
11
12
10
13
15
6
1
28
9
18
4
10
29
2
35
3
13
17
28
0
2
15
23
2
32
14
14
23
20
14
2
31
33
23
9
29
23
1
7
8
36
23
26
14
34
2
28
6
9
1
5
13
20
22
8
34
17
30
20
10
35
25
33
9
13
27
31
13
24
