25
2
30
34
6
30
9
20
20
30
28
4
30
1
28
7
16
26
17
30
36
0
22
1
21
29
10
0
34
2
33
10
8
15
36
24
20
25
12
6
17
29
35
34
4
22
1
28
13
27
25
3
18
35
16
16
4
20
34
32
9
31
19
18
4
31
4
2
17
29
0
26
15
32
31
28
29
18
18
1
7
29
36
15
22
33
29
9
15
1
28
26
23
16
25
2
27
4
17
16
22
35
20
19
0
14
26
1
36
23
3
32
18
11
15
28
31
24
16
20
28
15
16
32
32
3
11
23
16
6
16
35
15
35
17
33
3
30
0
31
15
4
26
25
15
20
22
32
31
30
26
8
9
26
23
33
6
7
13
26
12
6
35
32
5
11
36
16
18
4
26
30
19
33
3
28
14
22
3
11
9
23
30
23
18
30
1
32
14
11
26
18
1
11
29
3
26
33
22
2
34
