36
0
25
27
20
11
29
34
32
14
34
11
33
4
23
8
7
18
2
13
25
4
23
4
12
31
19
18
8
27
10
16
30
34
1
31
33
30
36
4
7
13
14
8
6
31
19
32
31
26
10
17
35
0
6
1
3
10
8
21
34
26
2
18
18
17
34
32
26
17
29
23
9
18
26
17
0
7
35
20
15
20
17
14
22
34
2
16
31
5
13
12
0
12
13
7
8
17
27
28
4
5
13
16
30
15
23
22
12
1
25
19
19
33
24
9
5
12
29
11
8
16
6
29
12
20
24
34
36
4
9
23
14
1
10
17
19
28
8
4
13
34
26
3
23
7
13
27
30
32
8
13
26
12
4
3
24
21
28
35
2
19
20
15
33
24
0
24
6
30
26
27
10
30
13
17
24
18
15
19
15
10
5
25
26
28
21
2
7
24
11
6
10
18
35
14
7
15
9
