21
31
1
7
11
19
32
14
23
24
26
20
33
29
7
21
4
18
2
9
6
0
9
18
21
2
17
3
2
17
13
36
9
6
7
28
13
2
19
17
12
2
8
33
22
35
36
19
8
19
11
24
3
22
10
29
19
14
12
23
2
24
3
36
24
7
20
4
6
33
16
12
13
31
8
20
16
25
32
31
17
26
28
21
31
0
12
31
34
16
7
21
36
8
26
17
25
4
12
34
11
4
6
13
11
15
4
21
21
25
0
18
36
7
34
12
14
28
20
24
33
24
27
28
31
24
35
5
26
26
6
30
4
22
19
36
32
34
15
31
36
0
27
0
4
0
22
12
0
14
18
28
26
8
4
28
11
8
11
4
26
14
5
25
31
5
7
4
26
10
31
25
19
33
4
10
5
26
32
2
29
29
17
21
5
36
4
6
17
26
1
36
8
10
24
3
