24
5
2
0
30
12
2
20
27
17
11
27
16
22
18
34
27
26
6
6
12
16
22
33
35
1
35
22
8
1
0
30
11
19
21
26
12
5
1
15
1
14
33
11
12
31
31
24
19
27
28
35
1
23
35
9
7
13
21
17
30
27
28
17
25
13
25
2
33
2
25
34
20
4
29
25
13
18
4
34
4
29
33
15
4
31
21
9
28
21
26
21
28
19
1
9
29
22
30
26
32
9
7
1
0
9
14
27
4
4
28
0
0
29
22
22
22
31
10
7
15
10
18
23
10
26
30
27
32
6
19
34
27
5
1
25
16
19
20
11
25
5
6
6
15
4
1
19
23
24
33
30
4
34
6
22
1
6
8
5
16
13
35
27
22
12
30
28
14
19
12
1
9
36
15
30
32
12
3
34
11
0
2
18
24
9
13
4
20
20
14
31
11
18
6
10
7
7
