24
19
15
13
18
10
27
6
15
30
18
33
7
3
17
28
19
6
32
35
34
35
35
5
15
0
16
5
3
35
34
35
10
8
18
15
32
36
1
30
24
22
29
33
18
2
19
11
21
17
6
19
32
32
3
24
26
34
34
25
14
8
2
20
33
20
23
25
22
24
1
22
18
34
22
14
1
15
16
17
3
12
27
5
24
25
33
4
23
5
36
11
0
2
26
11
9
13
3
20
16
19
28
4
8
15
22
32
4
13
14
16
0
33
24
9
25
10
4
7
19
10
18
24
19
25
36
26
12
15
29
17
25
27
25
25
3
1
30
5
27
2
35
12
22
7
29
34
35
4
3
25
30
3
17
20
23
8
29
23
25
17
18
7
1
3
7
29
34
6
31
5
34
6
35
15
0
28
10
24
21
35
2
20
36
35
31
24
28
9
23
19
20
36
6
8
11
30
23
