8
0
27
10
31
13
8
20
26
28
15
20
33
18
26
34
27
27
27
2
26
14
27
10
34
2
18
26
12
3
23
7
20
32
11
35
1
5
18
1
11
10
29
19
11
34
15
6
27
30
34
5
26
15
33
33
1
29
9
5
13
0
22
3
4
15
18
26
28
35
11
31
4
9
9
29
6
32
1
20
28
3
36
25
12
11
10
1
29
0
16
23
20
11
8
19
1
10
27
15
17
12
9
9
5
26
9
31
28
8
32
31
18
7
22
8
18
27
11
29
2
4
9
19
10
29
25
2
18
28
2
33
29
17
36
10
6
15
34
1
19
14
24
2
26
29
21
0
3
25
33
29
6
21
9
5
34
17
25
8
28
33
0
20
28
32
18
29
33
7
11
24
17
17
32
6
22
15
25
15
12
23
13
13
26
24
27
5
4
19
3
13
5
8
20
4
3
0
23
