33
13
9
27
18
14
11
9
20
14
29
20
3
17
9
10
8
8
27
35
11
5
22
26
9
33
19
10
3
1
36
36
17
23
36
28
3
7
23
29
2
36
27
11
10
22
4
17
35
1
36
35
23
13
6
21
15
28
32
22
30
25
32
10
23
24
3
34
26
36
2
14
8
19
23
34
5
12
6
15
23
18
34
33
21
6
30
12
17
0
19
15
13
28
20
10
34
16
1
2
19
28
5
2
23
28
20
10
18
1
7
25
12
26
33
18
19
3
32
18
13
13
10
25
24
17
28
2
36
15
3
2
36
27
17
18
20
36
2
3
29
9
18
29
22
34
32
29
36
31
19
25
33
30
6
27
12
24
7
23
26
9
0
32
27
28
1
22
27
12
9
16
9
7
24
17
34
26
6
3
32
34
22
6
3
32
2
23
13
16
33
8
6
0
32
16
6
