13
8
18
11
30
26
19
21
9
9
14
12
13
34
32
34
11
29
28
20
11
5
35
11
8
12
17
10
12
27
22
20
29
8
20
8
27
21
32
30
27
12
10
36
33
29
11
31
30
6
32
6
22
23
22
34
32
29
31
30
25
1
32
23
8
23
26
10
28
31
28
28
12
0
31
14
34
0
6
10
35
28
16
21
26
4
34
29
6
29
34
18
12
27
29
21
27
15
35
3
28
35
15
21
32
6
25
1
30
33
9
1
3
30
0
5
34
29
36
16
2
19
34
3
13
24
3
28
4
10
8
10
15
4
35
3
17
14
27
6
13
12
15
1
13
36
25
22
25
34
34
34
2
28
30
36
3
25
7
31
14
33
19
5
36
2
13
5
11
9
21
21
34
7
13
28
19
0
31
18
26
13
32
11
20
25
7
34
33
13
27
1
21
2
8
23
