37
1
30
28
8
3
1
31
22
23
23
31
3
10
29
14
6
11
34
4
34
13
14
3
2
34
1
2
5
33
36
16
25
30
26
6
33
0
17
18
4
9
23
21
1
21
0
31
15
13
10
4
8
12
26
21
19
5
35
26
1
34
24
14
20
20
0
35
12
31
18
30
16
3
32
0
24
32
20
0
25
10
17
4
17
21
7
16
20
20
9
27
4
12
9
28
15
21
7
21
19
3
11
19
14
15
14
36
7
21
4
22
9
16
23
28
10
5
18
7
10
21
7
32
25
8
21
10
13
7
11
8
30
17
26
0
8
5
25
0
15
14
11
0
33
7
24
15
29
24
7
34
2
35
31
6
26
9
31
15
6
21
4
33
8
10
35
26
11
30
30
35
10
10
7
25
19
22
32
7
7
27
5
19
16
33
8
0
19
22
8
32
17
29
19
10
21
26
32
12
