9
4
19
35
0
15
35
36
18
20
4
5
3
10
14
13
17
11
18
2
6
16
27
4
26
31
20
36
26
0
16
29
10
16
24
13
18
8
35
24
9
3
5
36
5
17
10
25
15
15
2
36
4
13
7
16
25
16
0
19
10
8
32
2
34
36
8
22
15
18
5
26
34
16
6
1
29
21
33
3
29
3
14
9
10
29
18
36
5
5
30
34
6
27
19
8
17
25
19
10
33
33
10
24
5
0
15
32
24
33
9
18
4
11
15
10
25
11
3
22
29
25
6
25
26
10
24
26
8
13
12
21
26
30
32
24
36
31
19
18
28
23
17
5
14
2
33
6
30
18
35
23
23
18
22
20
30
23
2
24
15
7
2
19
21
32
0
31
31
14
25
26
5
26
4
11
19
31
8
5
2
7
17
18
35
26
4
2
25
2
6
17
6
33
32
34
13
