12
35
31
17
8
20
19
34
18
18
15
16
6
21
4
2
6
32
27
24
9
31
22
27
8
5
8
17
18
36
20
23
2
1
35
12
17
31
23
3
29
8
13
23
28
22
5
1
6
11
35
13
35
0
12
28
0
0
0
8
15
5
27
19
0
15
7
22
18
27
12
26
3
6
33
0
33
8
33
33
27
2
16
11
4
6
23
18
5
8
10
18
20
7
29
11
30
31
18
2
32
19
8
26
11
10
19
29
13
20
29
7
1
23
29
29
1
12
31
15
3
22
23
5
21
15
36
30
31
12
0
9
28
9
35
24
29
35
31
23
12
3
16
4
0
24
10
27
7
3
16
4
26
35
15
8
22
33
1
24
17
9
32
27
16
0
16
15
32
3
14
23
17
7
21
28
31
15
4
33
9
22
27
2
9
24
26
3
8
4
28
13
0
22
15
4
25
12
33
