4
34
26
29
27
6
6
4
17
10
24
29
1
10
17
11
32
7
24
3
6
10
22
1
22
25
11
18
27
14
6
33
12
21
24
9
34
0
8
27
22
21
18
1
25
31
33
16
27
26
7
0
24
10
8
1
25
25
34
7
0
15
35
10
7
3
24
6
20
9
35
31
13
1
2
18
11
25
2
28
15
29
30
13
35
21
27
21
16
32
7
13
7
32
29
33
34
4
13
27
22
18
33
16
7
10
15
19
7
16
27
29
21
17
30
0
35
12
1
30
16
27
31
25
35
15
5
26
3
11
31
17
7
20
24
16
21
18
23
9
1
35
26
17
14
4
22
22
0
27
35
15
28
34
33
15
26
17
7
16
2
16
8
12
11
6
3
15
6
36
29
35
19
17
14
7
34
25
31
28
15
10
32
0
22
5
29
10
21
17
0
18
35
4
11
36
10
2
17
2
10
