19
32
5
31
31
7
5
23
30
24
5
11
13
11
23
20
36
1
22
18
8
18
7
33
20
20
0
6
14
17
26
10
1
3
11
3
5
32
2
10
14
9
32
12
8
4
28
14
17
19
3
32
8
16
17
34
7
30
13
12
15
20
22
22
21
31
27
7
15
36
9
27
26
7
20
13
9
28
4
14
12
8
36
8
27
11
4
13
23
16
20
25
24
25
16
24
10
21
17
25
15
15
34
2
1
35
7
21
28
35
8
31
11
33
25
11
25
32
30
34
5
0
13
18
6
11
26
21
25
24
10
15
18
35
23
28
22
1
34
32
20
6
8
31
1
10
3
31
7
15
22
11
16
35
6
24
13
19
5
22
26
3
31
3
2
2
31
13
16
6
26
25
25
28
12
1
19
32
28
28
14
28
15
18
9
8
13
17
15
24
18
36
29
17
17
12
28
17
