4
3
26
29
32
35
18
28
29
13
10
25
17
7
31
8
32
16
7
5
25
25
27
23
5
25
16
26
28
28
24
23
12
25
27
12
26
24
16
36
34
24
5
27
23
0
34
12
7
9
14
17
21
27
18
9
6
20
4
34
25
7
27
9
27
17
36
3
19
29
36
10
5
3
31
34
16
2
8
20
4
21
28
34
23
32
36
8
36
32
3
0
0
27
11
27
22
21
5
4
19
8
3
1
26
3
10
32
7
7
0
17
18
2
16
16
22
16
5
31
20
19
2
20
18
30
29
3
24
16
26
12
6
1
1
9
34
3
28
18
30
19
15
23
17
0
34
35
4
24
4
12
24
21
24
26
1
24
19
3
30
8
13
8
31
26
7
27
4
31
12
15
36
36
3
26
31
25
4
23
22
21
26
25
26
32
2
4
33
5
1
24
9
5
3
1
