6
29
25
0
29
18
14
20
31
11
34
5
16
29
17
24
12
28
34
9
6
17
26
34
11
6
3
36
4
7
11
36
29
22
31
6
18
2
27
36
34
29
32
11
11
14
27
8
16
2
1
6
1
5
28
36
25
23
24
18
1
19
34
16
20
16
24
35
4
12
29
10
11
33
3
34
27
11
16
14
4
0
9
28
13
21
27
22
2
31
21
10
0
31
17
33
2
10
28
24
3
29
5
31
16
19
23
3
4
33
22
24
22
7
6
17
35
10
32
0
31
6
4
25
16
6
20
9
4
5
6
28
28
7
36
8
16
33
6
14
8
12
29
10
0
30
36
24
27
20
23
18
3
0
12
12
13
4
23
4
22
3
8
31
31
26
19
34
24
1
1
13
35
16
15
8
10
22
8
6
15
19
26
21
1
31
34
35
10
23
16
20
8
2
1
23
6
20
27
20
20
0
