28
2
35
21
22
1
10
31
13
29
5
4
1
7
13
22
5
30
4
16
9
13
36
3
34
12
2
30
16
5
17
5
29
26
27
29
13
13
10
34
0
31
28
36
9
29
15
0
32
16
19
2
6
21
13
35
36
12
3
33
17
28
13
32
22
26
17
32
29
28
14
17
6
25
25
31
28
3
21
13
22
16
8
3
18
27
3
24
14
23
22
14
13
3
33
25
9
29
22
0
19
13
27
34
5
3
20
27
14
9
3
12
4
5
7
17
3
22
29
35
23
25
23
4
11
20
20
5
3
0
35
19
15
4
22
15
9
28
36
16
27
21
14
18
0
30
26
22
3
34
13
27
35
27
4
34
36
23
1
19
29
27
0
25
10
25
34
20
24
21
29
19
12
4
9
6
27
14
1
35
3
32
22
19
29
31
13
15
21
5
23
33
9
8
17
15
7
