7
23
15
1
22
34
35
31
5
10
17
11
16
17
5
6
10
4
26
14
8
36
2
19
18
26
5
20
10
16
1
0
18
21
11
31
29
28
4
31
18
34
15
8
31
13
1
7
7
9
21
31
33
21
25
19
6
15
1
35
8
7
30
31
31
26
0
34
30
24
27
10
13
30
14
7
14
8
1
11
7
1
36
14
2
2
12
22
17
13
3
5
19
36
33
6
13
34
12
14
33
21
23
36
33
32
21
19
24
30
9
1
27
31
31
13
33
33
10
1
29
27
30
28
35
33
31
3
30
25
36
19
7
3
22
18
4
25
25
25
1
20
8
20
20
34
29
24
26
1
18
1
20
22
28
13
23
21
15
11
26
23
10
27
19
24
34
11
0
17
24
26
11
33
34
1
12
29
29
31
3
17
28
34
12
11
20
13
26
29
32
8
10
36
30
31
29
29
