32
33
10
5
14
35
7
2
21
8
36
15
36
3
25
36
11
27
5
15
33
25
32
36
33
0
12
6
7
5
19
12
1
17
0
33
6
11
9
33
22
0
28
15
33
5
16
15
24
11
6
16
10
10
5
27
34
25
3
27
28
26
28
19
4
22
32
30
10
20
3
13
15
3
17
22
3
31
7
24
14
23
30
10
18
21
5
27
13
10
14
34
9
0
26
8
30
19
17
0
19
14
19
14
1
6
7
5
24
11
14
7
15
4
3
19
15
2
33
4
18
36
26
18
0
30
9
11
9
5
16
16
15
28
36
32
18
22
24
5
19
30
5
28
34
20
6
18
36
33
14
11
28
36
26
33
27
16
8
5
35
18
13
25
20
14
30
36
5
27
0
34
3
31
11
1
32
30
17
11
36
4
12
32
34
21
32
9
33
10
9
13
31
15
14
30
