17
14
8
25
23
0
8
25
19
32
2
6
20
29
21
4
29
7
0
5
6
26
1
10
27
13
20
2
3
10
12
14
15
7
34
5
7
21
13
27
24
20
11
24
31
0
18
10
11
5
32
10
5
26
1
32
18
14
5
19
27
19
24
36
14
8
23
20
7
8
35
19
29
27
15
35
8
3
17
21
25
19
30
26
6
1
7
7
20
20
14
30
2
9
27
21
25
3
23
34
16
13
10
14
36
2
36
3
5
24
24
14
3
21
19
35
35
10
35
35
16
22
7
28
28
22
15
3
0
36
6
28
21
4
9
4
33
11
28
33
27
35
20
34
36
13
28
34
26
12
30
10
9
2
35
1
33
13
23
36
3
8
16
30
1
15
32
2
24
20
27
31
26
8
22
1
6
2
10
20
11
19
20
25
12
12
30
31
27
17
11
1
14
14
4
12
32
4
17
19
