35
30
8
8
36
5
24
3
16
29
32
9
6
7
36
30
10
26
25
32
36
7
30
7
18
14
33
35
15
33
9
28
10
7
30
21
2
20
32
1
29
31
2
24
35
30
22
11
20
14
19
17
11
34
24
20
36
13
30
2
29
36
35
18
14
33
6
32
35
22
28
0
14
33
14
32
9
10
20
8
5
33
4
20
7
16
15
35
3
17
20
8
21
13
35
33
23
27
6
8
24
6
30
17
31
22
1
29
27
20
5
27
32
36
5
36
17
36
17
30
7
28
23
20
21
33
32
7
29
14
4
7
3
15
13
6
1
23
7
7
35
1
8
6
12
33
21
2
31
34
26
20
10
36
1
10
13
3
30
32
14
18
34
35
18
25
15
36
22
9
12
25
35
23
1
0
25
27
11
25
31
9
15
32
14
25
31
22
0
0
16
12
26
1
35
28
35
24
4
35
24
22
24
24
