33
35
18
13
25
24
33
3
17
4
11
11
15
32
25
36
31
13
32
26
11
31
34
5
28
9
31
25
6
26
28
34
12
11
32
33
3
11
6
5
28
5
24
9
19
12
22
32
2
26
14
21
28
26
9
17
22
1
4
7
33
22
23
7
24
7
0
13
3
10
4
7
12
30
8
8
11
17
13
29
24
19
16
7
30
30
0
24
7
15
19
27
20
2
21
28
13
30
25
17
35
8
15
7
0
30
3
36
7
22
22
21
22
20
29
24
9
34
23
10
10
9
11
6
36
25
24
22
28
21
18
30
15
26
27
8
31
30
33
8
19
9
1
14
20
11
14
1
30
29
2
9
17
33
22
32
25
30
5
31
20
31
1
18
21
29
26
34
0
16
35
24
15
15
1
34
0
7
12
16
32
27
36
2
34
11
14
9
25
33
9
35
30
13
0
11
24
14
32
8
