32
29
18
18
27
12
22
14
12
30
6
35
33
8
25
24
9
32
34
9
11
33
2
33
20
34
5
24
2
29
4
18
12
11
35
0
2
2
7
15
0
21
35
21
2
19
34
27
36
28
16
10
14
24
27
3
15
34
9
17
7
7
24
22
19
20
11
30
12
2
28
10
21
6
8
8
7
5
11
3
13
35
7
24
10
25
3
16
29
8
10
27
26
19
1
9
14
35
31
23
15
32
31
28
10
22
0
13
30
23
35
13
24
3
34
12
23
32
18
11
13
17
13
29
23
2
6
30
14
9
26
2
34
36
25
20
8
15
29
11
22
5
22
7
11
34
35
31
24
21
30
14
34
23
28
9
21
3
34
17
30
1
8
10
12
17
35
7
33
3
30
25
30
36
35
0
6
33
24
24
5
4
23
17
26
20
17
5
32
30
14
32
17
29
24
23
28
