3
2
10
31
10
3
32
5
1
16
6
36
33
14
2
28
10
31
2
33
26
30
0
16
15
17
2
33
24
28
7
16
15
27
12
35
17
5
19
22
21
27
18
3
15
24
2
11
24
11
32
20
9
4
13
32
21
7
14
2
35
9
9
32
2
21
14
34
27
20
24
30
2
26
9
34
14
24
23
20
29
4
14
20
34
3
7
0
22
22
9
19
14
25
22
7
36
27
35
17
35
28
29
29
29
20
16
3
23
8
19
8
15
18
19
13
13
10
23
36
28
4
8
15
30
29
19
12
25
11
16
3
8
22
5
33
20
13
17
25
17
20
8
23
15
23
16
36
35
25
34
28
21
11
31
15
8
8
19
33
3
29
20
27
18
36
12
5
7
21
12
22
1
3
22
32
23
24
25
11
15
30
1
2
9
10
4
17
6
35
5
31
17
23
0
35
31
7
35
3
