21
18
5
6
22
12
35
3
21
27
20
30
33
21
32
18
30
36
22
36
0
15
34
25
13
1
10
13
11
34
22
18
25
28
23
1
15
24
11
0
2
34
16
21
11
11
27
3
33
27
24
1
5
21
7
23
5
0
2
31
4
34
19
33
2
12
36
19
12
2
7
17
0
11
1
11
25
16
24
34
6
12
6
5
27
14
13
8
4
36
7
7
34
6
33
35
25
29
35
36
5
2
1
1
16
21
15
20
22
29
26
6
15
0
2
18
26
12
5
22
7
28
15
6
23
32
18
35
27
24
35
5
28
9
10
31
0
1
2
25
34
23
28
8
31
18
4
27
31
4
11
31
19
20
21
17
7
26
9
7
15
26
29
23
5
26
21
34
14
15
20
4
11
16
25
15
1
17
27
30
11
24
15
30
9
16
26
17
22
28
30
11
17
5
6
6
15
9
15
