10
26
20
25
2
0
28
13
10
30
27
33
21
13
36
10
35
25
16
11
10
34
21
35
21
20
7
14
7
36
13
7
1
30
20
18
23
32
0
12
32
11
29
5
11
22
17
28
26
8
10
23
25
13
15
2
35
23
26
35
13
21
18
26
17
30
30
11
17
15
5
4
9
13
2
7
12
29
0
20
25
12
7
14
28
5
19
17
19
24
14
29
20
28
11
18
14
36
19
13
22
12
29
2
28
23
33
20
3
27
31
3
25
12
9
26
36
30
12
30
14
30
0
15
14
0
18
10
2
21
19
24
19
30
21
13
5
22
14
14
6
32
9
13
22
27
5
17
27
35
9
5
21
29
29
2
6
23
35
7
35
6
36
20
32
13
35
26
27
0
27
24
2
34
21
3
5
12
30
10
12
4
1
35
17
4
31
24
36
1
28
6
8
35
36
18
2
3
