19
29
15
30
5
23
11
12
9
6
8
17
9
31
29
8
10
3
7
20
8
17
11
3
24
5
36
16
17
4
13
28
31
21
29
11
32
0
17
34
20
34
5
26
26
35
6
1
12
4
26
33
12
17
30
20
34
7
16
3
34
19
9
3
18
20
5
20
36
17
19
29
31
11
6
18
2
34
32
31
27
36
18
27
27
34
15
26
5
9
14
15
1
1
32
7
28
13
23
27
27
25
3
1
36
31
17
0
27
12
31
28
7
26
2
31
18
6
30
6
31
26
23
25
2
29
24
32
34
14
24
21
4
16
13
14
15
7
3
17
31
16
30
1
20
0
22
36
3
20
27
6
16
36
14
1
26
23
15
21
2
21
22
2
19
18
27
7
34
29
18
33
28
28
1
34
7
28
34
23
31
6
5
29
31
25
35
29
23
8
16
25
3
21
35
23
