11
35
12
13
3
22
13
25
34
13
35
5
18
8
29
21
34
4
9
23
34
8
25
6
23
34
4
28
29
10
15
19
21
12
19
15
29
9
9
9
19
9
29
25
27
33
5
12
9
15
24
3
34
28
32
26
19
29
14
15
5
33
25
21
5
20
1
14
7
9
27
23
29
11
1
10
17
31
4
7
25
23
21
0
1
32
24
2
25
20
26
12
36
34
25
11
11
25
16
33
33
26
7
14
17
4
3
12
26
0
13
27
13
16
12
23
27
20
28
34
35
20
18
5
0
36
25
7
5
13
28
25
7
25
19
32
7
34
15
31
11
17
9
15
11
13
13
5
22
33
4
7
0
6
35
34
2
0
36
30
27
36
28
28
21
34
34
29
15
29
36
30
19
0
19
20
11
2
4
6
26
2
36
27
17
3
22
6
34
6
14
19
14
21
26
0
9
3
