11
19
26
6
9
6
34
24
3
29
29
19
20
32
7
19
12
16
2
19
24
33
22
28
23
6
27
22
32
6
3
24
12
12
18
14
35
31
1
27
9
21
24
10
10
5
8
14
15
15
25
0
14
36
32
32
33
17
25
12
4
7
24
6
15
20
24
6
31
14
12
10
16
11
32
9
25
3
25
13
26
20
23
0
23
18
32
16
32
23
9
11
4
19
0
3
35
31
19
25
2
32
14
4
2
2
22
22
18
32
27
13
20
9
34
4
23
25
0
17
12
34
13
5
29
3
2
27
30
22
9
20
17
1
6
21
34
6
13
31
35
8
8
31
36
1
19
36
1
25
17
9
13
26
34
4
0
9
15
25
17
18
9
34
16
31
8
10
6
17
22
7
5
12
14
30
13
29
18
11
7
31
29
12
26
9
0
9
35
4
21
34
35
7
24
11
