0
25
19
23
29
13
19
18
27
2
17
28
9
0
35
14
17
34
4
1
35
17
36
17
30
25
28
12
28
33
4
36
12
23
16
32
23
6
15
15
10
1
26
31
1
30
22
19
35
27
27
8
29
18
31
36
24
8
25
16
32
5
7
14
24
20
20
13
25
7
6
3
35
8
13
8
14
5
1
17
0
26
6
26
2
13
27
36
21
15
5
26
18
20
15
18
18
10
7
15
7
17
22
2
2
30
2
13
7
4
36
22
12
34
31
28
22
32
11
3
14
12
18
27
34
6
11
27
16
24
4
2
20
30
7
11
13
31
13
2
1
33
19
14
16
8
18
34
3
0
25
0
6
31
4
21
26
0
4
22
11
4
11
4
4
35
3
21
7
28
14
23
28
9
13
0
8
0
8
15
24
4
23
30
18
36
24
7
13
9
13
35
21
3
5
24
27
11
