6
36
16
10
4
24
3
17
18
14
23
18
33
15
36
30
28
20
30
31
11
13
7
26
8
20
12
7
4
8
19
3
22
4
22
14
3
36
22
19
4
33
15
6
21
11
35
1
3
35
36
1
23
22
0
9
34
19
0
2
24
3
32
33
29
19
4
26
0
13
9
0
7
17
7
25
11
24
26
7
30
23
35
10
27
4
27
22
9
16
5
4
11
1
23
36
12
23
30
18
10
20
6
6
12
28
13
1
23
33
31
21
17
17
30
17
13
21
25
28
15
3
33
17
23
17
13
32
25
31
1
27
28
12
18
26
36
34
28
17
35
22
32
13
36
35
21
34
14
36
24
20
28
17
6
3
1
22
34
4
27
11
10
30
18
15
23
11
32
29
22
26
7
30
36
15
26
31
19
34
25
22
11
6
34
6
7
23
20
27
25
9
31
16
30
2
23
33
24
28
