13
18
11
12
24
34
21
11
21
30
6
3
11
30
10
31
32
20
24
14
34
4
3
36
3
2
26
31
11
34
11
3
1
12
27
36
4
27
7
10
25
26
28
5
9
29
35
3
20
30
19
34
7
13
29
1
34
29
36
17
20
19
31
21
8
12
33
31
19
32
4
0
12
35
24
5
36
28
1
34
27
21
29
18
13
27
25
26
35
8
12
11
14
29
29
29
35
5
0
34
26
12
15
17
6
36
19
11
21
2
18
32
23
11
13
5
30
33
12
18
31
4
5
10
0
20
36
27
5
5
3
26
0
6
26
32
15
13
25
5
12
9
20
13
17
8
12
32
9
4
34
35
8
33
15
0
17
22
7
19
8
31
13
36
2
31
25
10
8
30
0
30
30
10
29
11
32
21
5
13
10
5
31
10
10
33
22
7
23
24
12
2
10
0
1
18
19
