0
30
35
11
8
25
5
13
29
35
26
1
17
6
15
28
3
27
22
19
4
6
27
10
17
19
27
14
20
20
1
30
29
4
35
15
2
11
15
15
26
11
8
11
17
20
4
25
28
9
4
2
25
23
30
21
4
28
22
1
4
12
30
1
10
14
35
25
5
22
8
3
31
34
24
28
9
18
16
15
22
27
4
9
18
5
33
12
29
19
13
32
11
16
8
29
31
34
7
21
24
28
11
32
29
31
0
13
29
13
4
36
22
36
9
29
16
22
12
19
17
4
4
13
27
1
2
31
11
22
32
36
12
25
35
19
23
31
9
11
6
22
20
31
6
28
32
28
0
9
1
2
31
15
12
20
17
28
1
2
19
21
7
24
19
17
2
16
3
27
25
37
7
11
15
7
19
5
27
5
29
22
13
32
15
36
31
20
33
29
35
24
5
0
15
13
6
1
4
