14
3
14
28
36
35
16
26
30
25
2
23
35
28
8
6
24
12
31
3
20
2
19
19
15
12
12
31
26
1
28
9
10
10
12
32
32
12
24
25
6
24
18
24
15
6
0
11
21
17
35
15
20
5
34
11
5
30
9
18
9
26
22
20
23
29
32
6
35
23
4
33
13
27
23
36
16
3
32
21
34
32
22
11
1
30
15
34
12
20
18
12
8
29
19
14
21
20
29
10
20
1
7
14
8
33
18
25
34
27
16
12
35
33
0
16
26
34
5
2
20
9
4
30
36
16
24
13
7
17
25
8
31
7
11
0
12
3
21
18
33
22
10
16
1
23
26
4
36
28
19
2
1
31
32
20
18
25
3
15
14
36
36
33
12
4
34
32
8
15
11
29
17
31
31
33
1
28
8
6
4
33
16
0
15
0
11
2
7
9
8
15
12
3
18
31
22
25
