10
31
24
21
23
23
19
14
32
25
35
34
22
27
36
8
28
11
32
0
8
10
25
1
27
24
1
27
30
11
3
26
32
29
13
22
6
25
7
3
5
2
0
5
15
32
3
12
10
0
1
10
28
22
23
17
9
12
17
18
34
18
10
24
29
15
13
30
24
10
21
25
30
28
24
8
14
6
5
20
31
20
18
33
27
4
25
29
19
27
26
5
27
24
1
15
19
0
29
10
20
1
4
29
5
32
3
18
18
34
31
8
30
13
11
16
14
13
4
7
33
21
34
25
33
17
24
31
34
32
20
15
31
34
35
6
1
20
33
20
3
27
2
15
20
27
19
6
9
25
10
3
1
6
30
34
14
31
31
11
36
23
28
9
3
21
28
16
34
21
17
29
32
21
19
34
28
25
18
27
7
18
8
32
29
10
28
10
32
6
14
10
25
7
34
21
29
26
35
8
8
20
