30
26
3
30
25
17
3
23
21
23
32
18
18
34
6
16
23
17
24
14
30
18
4
11
17
16
2
6
3
16
12
29
7
15
34
9
9
4
30
20
13
6
0
16
0
27
2
11
6
26
17
3
17
0
2
23
34
33
15
33
27
5
14
32
14
22
16
35
20
27
23
15
32
32
26
24
32
2
4
12
29
10
27
22
11
33
36
16
28
28
11
7
15
10
28
26
15
33
5
24
20
33
32
32
34
19
17
9
3
7
4
15
6
7
33
14
0
29
17
2
7
24
5
21
21
34
2
3
10
17
30
7
19
16
35
21
9
29
8
29
13
35
6
2
30
2
7
22
6
17
0
1
36
31
34
5
32
8
35
15
36
16
29
22
35
13
32
9
4
19
30
1
7
10
25
34
16
19
31
10
30
22
5
6
20
17
0
18
14
1
26
20
14
2
19
30
25
