23
2
3
6
7
34
32
17
27
0
10
23
28
6
15
36
3
17
32
3
3
35
36
33
28
2
2
34
35
2
18
16
32
16
25
18
1
23
2
9
29
26
6
0
10
33
22
4
34
14
35
36
0
9
15
13
34
34
36
25
29
11
23
26
32
4
35
16
4
12
22
14
11
31
28
36
33
36
28
33
28
23
34
8
21
35
22
30
13
33
18
36
5
25
31
34
24
21
19
16
19
26
25
17
33
5
29
23
12
31
27
30
36
33
21
24
9
7
26
20
26
12
21
28
21
24
29
33
12
5
29
14
11
36
12
11
1
34
6
11
28
35
17
15
14
22
35
29
18
35
25
24
29
30
30
14
2
36
25
6
16
32
2
26
11
5
36
35
31
4
32
7
26
5
19
12
10
30
27
28
11
7
29
33
0
28
28
1
15
8
14
3
36
9
31
25
7
28
