17
27
6
16
24
18
29
16
31
31
15
35
10
19
24
0
17
28
15
13
23
14
16
1
7
18
15
32
14
23
12
20
6
5
3
19
28
36
25
3
5
16
5
16
10
7
23
11
19
12
15
18
29
21
5
36
11
32
20
15
7
20
29
11
32
9
25
33
22
35
16
7
4
16
35
10
32
1
23
12
36
19
31
1
21
4
31
13
33
5
10
5
9
15
20
29
3
30
10
28
33
4
9
28
15
11
9
11
24
10
18
26
25
0
6
24
20
2
32
19
25
12
17
15
25
8
17
9
22
18
36
35
24
31
13
19
23
10
21
32
36
18
34
18
19
4
16
18
31
13
15
3
18
7
2
17
4
30
11
26
10
24
6
1
23
9
19
20
33
4
6
6
6
23
29
17
28
3
9
32
26
21
19
23
18
20
20
22
1
27
10
16
9
31
17
23
19
