11
2
21
34
28
15
32
24
29
19
13
7
10
14
12
25
25
9
7
6
23
12
28
16
13
20
16
11
1
16
20
14
34
18
26
9
13
4
7
25
24
1
31
8
15
34
12
9
23
18
19
3
29
9
24
6
17
17
36
27
28
26
3
1
16
8
15
25
1
10
6
3
3
13
31
7
16
20
36
33
19
19
14
36
29
29
12
13
24
5
31
3
1
20
19
17
12
23
36
13
33
19
18
6
27
21
23
3
18
27
15
20
9
5
26
25
26
5
3
28
7
0
29
30
23
27
31
22
11
27
13
9
9
20
36
0
10
0
2
2
10
34
18
8
7
3
6
12
2
5
4
18
27
3
25
26
1
26
9
5
14
7
7
21
29
17
12
27
29
33
30
20
6
19
10
11
30
31
13
23
14
34
16
8
35
24
32
31
29
2
14
31
8
15
5
4
23
