32
13
31
30
20
7
2
11
6
18
5
13
14
22
5
33
11
3
29
23
17
19
13
7
31
36
19
3
19
31
7
10
9
22
4
14
18
3
11
30
26
18
23
0
19
34
15
2
4
36
33
34
22
29
15
3
16
36
11
15
11
25
22
6
8
12
34
3
16
31
3
17
36
14
7
18
16
23
34
18
17
3
34
24
17
22
0
20
30
11
35
1
21
26
18
12
32
2
33
24
5
8
18
4
9
31
8
24
19
28
30
15
21
17
24
28
34
27
25
6
4
33
24
6
6
16
25
21
27
6
35
8
19
5
23
13
24
30
31
23
29
15
31
29
9
24
30
8
5
19
31
21
21
31
35
10
35
23
32
17
19
18
5
26
11
29
6
29
4
23
13
33
20
7
1
25
11
12
6
11
30
36
14
9
4
12
7
26
24
5
13
0
9
2
24
8
15
33
