30
27
13
18
14
24
17
5
20
21
16
10
15
25
5
19
9
8
0
3
0
15
33
1
30
19
19
1
21
11
24
8
23
27
14
23
15
2
29
25
21
11
3
6
2
1
33
3
19
34
10
16
10
6
30
14
3
28
16
13
30
23
24
3
7
13
4
36
15
28
11
16
18
9
19
3
19
28
10
23
27
27
4
16
29
11
26
31
35
4
16
23
34
0
29
14
21
18
18
33
21
32
13
32
31
3
36
1
4
3
1
7
18
24
13
30
13
31
17
29
11
3
21
27
19
23
22
16
21
34
14
25
16
20
27
12
36
5
15
10
4
24
26
19
9
10
11
18
1
4
35
2
35
3
32
28
14
6
10
1
35
24
0
16
9
2
25
28
27
28
23
17
16
15
20
24
1
29
26
18
5
28
12
17
23
32
1
31
18
27
14
22
32
9
16
6
24
36
