23
30
33
15
11
14
32
13
1
25
31
30
27
10
22
18
22
3
10
2
16
5
6
30
24
16
3
5
27
0
12
24
27
7
27
35
10
21
23
3
9
12
20
26
13
3
7
32
12
18
22
16
17
2
10
27
34
10
34
2
3
35
22
2
10
33
2
3
13
10
36
25
13
9
0
14
31
4
30
4
13
5
35
14
34
3
12
35
17
7
20
9
22
28
19
1
6
32
12
17
30
5
19
11
0
5
31
17
7
13
4
28
10
25
31
11
34
0
31
27
31
36
16
32
9
16
29
15
24
3
23
22
2
2
15
0
30
29
3
4
5
12
30
16
8
26
20
15
32
23
32
36
15
33
36
9
29
19
21
33
30
1
11
31
24
13
24
29
31
26
1
10
31
4
9
14
13
15
21
11
26
8
34
35
31
31
8
11
2
5
0
10
34
21
9
10
1
5
30
