23
36
19
9
29
17
21
26
19
3
8
35
5
6
10
17
1
8
33
28
28
0
6
17
13
33
31
10
14
8
18
32
29
3
8
30
32
24
4
29
24
12
12
7
30
6
21
29
32
28
36
15
17
33
31
30
14
26
22
12
26
13
26
9
30
27
32
18
13
14
29
11
7
14
8
15
24
17
31
27
31
35
29
9
7
32
30
24
6
14
23
24
29
7
27
35
13
17
31
13
15
1
8
13
5
12
18
22
17
14
16
8
33
5
20
14
32
9
10
23
18
14
20
15
15
27
26
32
36
24
27
7
15
5
33
3
2
3
23
0
36
26
19
17
17
6
15
11
8
24
25
5
25
25
11
4
5
30
19
30
18
11
20
3
2
33
33
36
6
1
24
14
34
33
4
22
32
20
3
19
19
4
12
14
16
17
4
20
11
32
21
14
22
9
29
13
9
23
36
