17
35
19
9
11
11
12
18
17
9
6
16
12
11
0
1
8
3
6
35
10
4
19
20
7
4
3
7
4
15
25
20
36
12
7
8
11
27
9
11
10
15
21
14
25
11
27
27
15
4
18
13
6
14
2
28
16
28
27
23
17
3
7
24
19
26
35
4
21
15
17
2
34
25
28
26
24
34
22
34
27
22
27
9
13
22
24
16
15
23
10
17
27
5
15
22
32
0
0
8
5
26
29
22
32
16
7
18
33
34
31
10
21
1
6
36
28
7
9
25
28
24
14
5
30
21
24
11
25
10
33
12
11
2
36
3
19
3
14
23
25
0
5
10
25
33
33
4
7
22
18
17
1
8
16
22
36
35
16
12
3
2
30
28
11
16
6
29
0
27
28
29
27
12
19
15
36
9
30
19
3
13
25
23
26
32
30
12
7
19
33
25
29
27
8
18
6
