28
34
0
31
22
21
21
12
8
19
13
23
31
30
19
14
20
20
7
2
4
26
30
7
8
19
21
25
30
10
20
7
32
21
32
30
8
7
3
36
31
11
0
19
35
27
14
10
11
32
9
11
4
22
24
28
18
30
30
28
21
28
26
4
4
8
20
33
32
7
15
3
12
1
13
9
3
17
26
17
30
11
36
21
22
21
33
13
18
27
8
9
4
14
2
28
29
3
23
8
32
5
36
9
20
12
34
21
31
31
25
25
19
32
5
11
31
16
17
8
8
8
9
15
23
32
6
8
33
23
23
4
34
30
6
25
20
24
15
10
10
32
4
9
33
5
24
22
16
13
5
3
1
19
35
13
27
9
29
21
0
0
30
1
5
13
9
14
13
1
14
9
10
28
19
7
35
4
20
3
25
34
7
9
0
27
4
6
32
26
20
35
29
11
8
13
21
