11
26
15
0
15
26
7
36
5
27
8
14
14
3
30
22
10
12
36
24
27
20
2
5
4
7
14
30
25
5
14
29
30
3
25
9
4
20
12
11
1
6
30
5
9
20
2
6
4
15
17
16
32
7
36
11
22
10
25
22
0
25
13
4
1
17
11
6
10
35
20
5
7
18
36
21
23
10
36
31
28
17
9
24
20
20
9
3
30
14
0
25
16
2
0
4
5
1
13
14
19
14
15
5
32
15
33
12
10
6
35
16
13
8
25
18
14
19
18
20
4
2
28
25
23
7
18
25
1
22
32
32
3
3
1
36
35
22
34
12
30
35
26
36
28
3
6
7
8
6
19
12
13
17
20
32
29
25
24
21
18
22
3
18
1
32
21
21
35
25
30
33
15
36
16
31
2
25
21
14
22
7
14
0
26
14
23
5
33
12
7
26
0
33
28
28
15
2
9
