22
31
35
3
11
30
2
27
6
19
36
6
11
32
36
13
29
15
12
27
29
0
11
2
35
22
26
35
9
6
35
16
30
32
23
9
32
29
6
20
32
21
11
35
32
18
0
11
34
25
0
1
13
20
32
32
12
22
12
18
10
25
27
7
24
19
14
1
26
32
7
28
6
26
6
10
26
14
34
25
23
0
21
16
25
11
21
17
19
31
14
6
10
10
32
16
14
13
25
28
17
2
16
30
36
25
4
4
15
10
35
0
10
10
29
32
29
28
7
15
22
10
0
32
36
22
24
9
8
23
10
1
23
3
17
26
28
15
21
22
17
30
12
19
13
7
2
35
18
19
26
1
0
0
33
26
1
25
9
31
0
16
7
33
35
36
33
9
18
25
12
11
18
1
4
30
26
20
0
25
4
14
36
0
14
25
25
0
1
35
5
21
29
4
0
5
29
29
18
36
