12
36
28
11
23
26
2
9
20
7
1
23
21
9
30
16
34
18
10
2
17
26
12
35
0
5
14
30
34
5
11
6
2
0
0
29
26
24
33
14
5
2
32
12
31
3
14
31
22
32
10
29
24
11
19
0
36
25
22
3
23
9
25
19
31
9
13
14
17
28
19
24
32
13
1
32
24
16
24
31
36
27
7
29
33
20
5
11
11
26
6
28
10
24
33
20
36
9
18
24
20
16
11
16
20
11
26
3
30
1
1
36
15
1
23
28
13
17
25
19
21
23
17
0
35
17
0
17
9
22
17
2
34
29
10
11
31
20
5
20
22
1
31
21
5
14
11
31
17
3
8
1
26
14
16
26
16
30
25
33
30
15
27
20
7
25
30
9
19
20
26
12
30
17
35
11
21
16
4
33
33
13
28
26
10
16
30
15
6
21
5
14
24
29
14
10
1
14
34
