28
14
30
28
0
2
22
27
1
30
25
24
7
5
31
7
33
31
25
36
31
14
18
28
23
28
20
34
11
10
22
33
16
29
28
17
36
1
20
29
36
21
15
7
12
17
25
27
26
27
26
15
24
23
16
16
6
17
3
16
27
33
6
35
20
14
32
20
35
22
31
36
4
29
8
34
11
24
25
8
24
6
9
20
21
10
25
33
0
17
34
7
25
34
3
26
36
9
9
27
36
30
9
28
10
31
35
30
33
35
5
15
25
0
34
9
27
1
28
22
22
3
31
11
23
18
15
16
36
36
32
32
4
35
20
36
4
9
20
11
27
18
31
8
34
32
23
29
15
5
35
25
6
1
9
11
19
8
11
11
19
23
11
6
4
9
1
18
27
5
30
25
19
3
30
31
22
33
18
20
9
27
33
33
15
21
31
24
3
4
34
14
23
27
7
24
20
26
9
18
