1
32
24
29
5
15
31
26
14
24
35
29
4
24
29
11
6
6
27
32
14
0
8
10
20
31
4
16
4
19
7
21
22
23
0
10
31
31
6
34
24
36
24
13
19
23
5
36
34
34
6
25
30
5
18
14
36
31
34
0
33
25
36
10
28
31
11
10
12
11
31
28
21
26
25
30
28
24
19
9
36
7
5
13
26
8
15
12
13
16
23
30
2
13
2
23
30
16
14
17
10
8
20
11
14
26
18
13
12
0
14
32
23
19
22
18
17
13
19
28
17
30
13
30
11
18
4
20
19
17
3
13
10
4
33
23
8
28
15
34
23
4
23
25
18
26
16
26
7
2
31
32
29
4
25
34
9
10
27
10
9
29
24
16
5
25
22
2
36
23
5
33
11
19
31
31
12
33
6
3
22
34
18
24
28
20
27
13
23
16
16
28
34
6
8
7
24
12
