30
20
8
31
25
23
28
5
9
28
19
19
13
31
7
2
24
36
12
30
12
1
26
33
27
25
3
13
23
8
23
15
1
1
6
36
29
3
14
7
2
25
14
7
13
14
8
16
27
9
23
10
18
10
36
24
23
10
5
15
7
34
13
12
0
17
10
20
23
7
1
27
22
0
33
2
21
14
25
32
30
3
28
17
11
22
4
3
28
13
3
15
13
24
4
29
19
29
25
11
27
30
11
7
17
34
11
21
24
29
10
12
6
28
0
29
27
4
34
32
31
26
1
32
21
4
18
19
4
3
34
4
25
19
11
26
16
2
16
28
34
25
26
26
30
23
36
34
2
6
29
6
32
3
27
30
6
8
20
0
17
28
18
4
4
6
13
9
9
33
35
26
27
14
19
35
34
36
11
21
2
3
28
7
32
14
20
28
21
9
21
31
12
12
15
4
16
30
