23
35
29
1
9
19
12
34
12
22
28
21
22
24
3
10
24
31
7
30
28
5
0
2
23
26
26
28
35
11
11
2
7
19
9
8
8
26
22
13
12
16
28
30
28
32
16
33
16
12
13
8
11
30
1
11
14
14
25
32
36
34
34
2
11
24
34
33
24
30
11
27
0
22
10
14
9
29
18
18
30
34
15
4
2
6
28
30
2
11
16
9
14
21
4
13
9
13
1
25
14
28
27
25
1
14
29
16
10
19
21
34
8
26
18
6
3
27
31
23
7
1
25
26
0
13
33
3
1
16
36
17
20
22
14
0
8
5
8
27
18
0
0
4
30
16
23
10
22
7
8
3
16
36
10
5
26
33
7
36
27
24
31
31
25
23
7
31
21
12
4
14
17
29
4
26
31
7
8
20
13
3
35
4
19
4
22
10
9
19
9
29
19
5
2
7
34
